item_id,model_state,dative,score
1,initial,pp,-8.092284202575684
2,initial,pp,-8.387608528137207
3,initial,pp,-7.867464065551758
4,initial,pp,-8.688603401184082
5,initial,pp,-7.5920729637146
6,initial,pp,-7.869262218475342
7,initial,pp,-8.411983489990234
8,initial,pp,-7.724106311798096
9,initial,pp,-7.126648426055908
10,initial,pp,-7.9406280517578125
11,initial,pp,-6.889217853546143
12,initial,pp,-5.930261135101318
13,initial,pp,-8.024555206298828
14,initial,pp,-6.006127834320068
15,initial,pp,-7.9424729347229
16,initial,pp,-7.724106311798096
17,initial,pp,-8.44811725616455
18,initial,pp,-7.750926494598389
19,initial,pp,-7.75131368637085
20,initial,pp,-7.355278491973877
21,initial,pp,-8.141755104064941
22,initial,pp,-7.026504993438721
23,initial,pp,-8.64302921295166
24,initial,pp,-8.264726638793945
25,initial,pp,-8.615819931030273
26,initial,pp,-8.395444869995117
27,initial,pp,-8.163928031921387
28,initial,pp,-7.868092060089111
29,initial,pp,-8.278724670410156
30,initial,pp,-8.446307182312012
31,initial,pp,-8.1875638961792
32,initial,pp,-8.264726638793945
33,initial,pp,-8.448383331298828
34,initial,pp,-8.961986541748047
35,initial,pp,-6.370664119720459
36,initial,pp,-6.804922103881836
37,initial,pp,-8.278724670410156
38,initial,pp,-7.533257007598877
39,initial,pp,-9.142746925354004
40,initial,pp,-8.404175758361816
41,initial,pp,-7.47056245803833
42,initial,pp,-7.130286693572998
43,initial,pp,-6.2776288986206055
44,initial,pp,-7.7753167152404785
45,initial,pp,-8.36270523071289
46,initial,pp,-7.390617370605469
47,initial,pp,-8.032744407653809
48,initial,pp,-7.402931213378906
49,initial,pp,-6.793607711791992
50,initial,pp,-6.848127365112305
51,initial,pp,-7.682596206665039
52,initial,pp,-6.473767280578613
53,initial,pp,-7.991396427154541
54,initial,pp,-7.641952037811279
55,initial,pp,-7.253187656402588
56,initial,pp,-6.282169818878174
57,initial,pp,-5.922025203704834
58,initial,pp,-7.563983917236328
59,initial,pp,-7.28710412979126
60,initial,pp,-7.8515424728393555
61,initial,pp,-8.492533683776855
62,initial,pp,-8.150247573852539
63,initial,pp,-8.196850776672363
64,initial,pp,-8.340339660644531
65,initial,pp,-7.394852161407471
66,initial,pp,-8.172531127929688
67,initial,pp,-6.346906661987305
68,initial,pp,-8.614919662475586
69,initial,pp,-8.553771018981934
70,initial,pp,-7.91067361831665
71,initial,pp,-5.82373046875
72,initial,pp,-8.204192161560059
73,initial,pp,-8.076851844787598
74,initial,pp,-9.0719575881958
75,initial,pp,-8.15856647491455
76,initial,pp,-7.520005702972412
77,initial,pp,-7.075201034545898
78,initial,pp,-6.390355587005615
79,initial,pp,-7.630555152893066
80,initial,pp,-8.683518409729004
81,initial,pp,-8.245807647705078
82,initial,pp,-6.691758155822754
83,initial,pp,-7.136532783508301
84,initial,pp,-6.635916709899902
85,initial,pp,-6.691758155822754
86,initial,pp,-6.907989501953125
87,initial,pp,-7.098802089691162
88,initial,pp,-6.481032371520996
89,initial,pp,-7.043776988983154
90,initial,pp,-6.754022121429443
91,initial,pp,-6.579439640045166
92,initial,pp,-8.650054931640625
93,initial,pp,-6.818769931793213
94,initial,pp,-6.628884792327881
95,initial,pp,-6.637917518615723
96,initial,pp,-7.03072452545166
97,initial,pp,-8.420153617858887
98,initial,pp,-8.3702974319458
99,initial,pp,-7.333546161651611
100,initial,pp,-7.908906936645508
101,initial,pp,-6.424156188964844
102,initial,pp,-7.655320644378662
103,initial,pp,-7.749239444732666
104,initial,pp,-6.967553615570068
105,initial,pp,-7.601473808288574
106,initial,pp,-8.03664493560791
107,initial,pp,-6.881156921386719
108,initial,pp,-7.954336643218994
109,initial,pp,-7.566683292388916
110,initial,pp,-8.129496574401855
111,initial,pp,-7.550154209136963
112,initial,pp,-7.513494968414307
113,initial,pp,-7.511459827423096
114,initial,pp,-6.534387588500977
115,initial,pp,-7.705970764160156
116,initial,pp,-6.8230180740356445
117,initial,pp,-8.1985445022583
118,initial,pp,-6.852335453033447
119,initial,pp,-7.995636463165283
120,initial,pp,-8.144637107849121
121,initial,pp,-7.688120365142822
122,initial,pp,-8.105318069458008
123,initial,pp,-6.924905776977539
124,initial,pp,-8.191420555114746
125,initial,pp,-7.225040912628174
126,initial,pp,-7.484241485595703
127,initial,pp,-6.4653849601745605
128,initial,pp,-8.164131164550781
129,initial,pp,-7.153462886810303
130,initial,pp,-6.651897430419922
131,initial,pp,-7.153462886810303
132,initial,pp,-8.105318069458008
133,initial,pp,-8.170321464538574
134,initial,pp,-7.285733699798584
135,initial,pp,-8.105318069458008
136,initial,pp,-7.484241008758545
137,initial,pp,-7.8369059562683105
138,initial,pp,-5.948896408081055
139,initial,pp,-7.468774318695068
140,initial,pp,-7.882194995880127
141,initial,pp,-7.389280796051025
142,initial,pp,-7.536551475524902
143,initial,pp,-7.3877949714660645
144,initial,pp,-7.721341609954834
145,initial,pp,-6.370049953460693
146,initial,pp,-7.144257545471191
147,initial,pp,-7.914687156677246
148,initial,pp,-7.442878246307373
149,initial,pp,-6.854465484619141
150,initial,pp,-6.082802772521973
151,initial,pp,-8.045052528381348
152,initial,pp,-7.05686092376709
153,initial,pp,-7.319798946380615
154,initial,pp,-7.233776569366455
155,initial,pp,-7.374700546264648
156,initial,pp,-6.640583038330078
157,initial,pp,-6.290794849395752
158,initial,pp,-6.591907024383545
159,initial,pp,-7.140876293182373
160,initial,pp,-7.811956405639648
161,initial,pp,-8.755070686340332
162,initial,pp,-7.3861236572265625
163,initial,pp,-8.389044761657715
164,initial,pp,-7.009313106536865
165,initial,pp,-7.307335376739502
166,initial,pp,-5.774146556854248
167,initial,pp,-7.518393516540527
168,initial,pp,-8.922183990478516
169,initial,pp,-7.560101509094238
170,initial,pp,-6.9121174812316895
171,initial,pp,-8.389044761657715
172,initial,pp,-5.983065128326416
173,initial,pp,-6.8317108154296875
174,initial,pp,-8.632696151733398
175,initial,pp,-6.662914752960205
176,initial,pp,-7.307335376739502
177,initial,pp,-7.864795684814453
178,initial,pp,-8.673073768615723
179,initial,pp,-6.461331367492676
180,initial,pp,-8.59119701385498
181,initial,pp,-7.5292863845825195
182,initial,pp,-7.798680305480957
183,initial,pp,-6.644683837890625
184,initial,pp,-7.388547420501709
185,initial,pp,-6.839280128479004
186,initial,pp,-6.69717264175415
187,initial,pp,-6.1913628578186035
188,initial,pp,-6.331570148468018
189,initial,pp,-6.517453670501709
190,initial,pp,-5.504943370819092
191,initial,pp,-6.771031379699707
192,initial,pp,-7.062638759613037
193,initial,pp,-6.8398847579956055
194,initial,pp,-6.681398391723633
195,initial,pp,-6.928118705749512
196,initial,pp,-6.309439659118652
197,initial,pp,-7.783726692199707
198,initial,pp,-6.521334171295166
199,initial,pp,-6.394372940063477
200,initial,pp,-8.032241821289062
201,initial,pp,-5.977230548858643
202,initial,pp,-5.994384765625
203,initial,pp,-8.424750328063965
204,initial,pp,-7.443618297576904
205,initial,pp,-7.992430210113525
206,initial,pp,-7.163540363311768
207,initial,pp,-7.533344268798828
208,initial,pp,-6.683207988739014
209,initial,pp,-7.60831880569458
210,initial,pp,-6.915116310119629
211,initial,pp,-8.0702486038208
212,initial,pp,-7.0736517906188965
213,initial,pp,-7.092513084411621
214,initial,pp,-7.768962383270264
215,initial,pp,-7.330687522888184
216,initial,pp,-6.080376148223877
217,initial,pp,-7.227038860321045
218,initial,pp,-7.597747802734375
219,initial,pp,-7.3072662353515625
220,initial,pp,-7.404242038726807
221,initial,do,-8.2815580368042
222,initial,do,-7.953977108001709
223,initial,do,-7.136621952056885
224,initial,do,-6.839837074279785
225,initial,do,-8.15581226348877
226,initial,do,-7.381482124328613
227,initial,do,-8.058777809143066
228,initial,do,-8.665173530578613
229,initial,do,-8.312671661376953
230,initial,do,-7.992342472076416
231,initial,do,-7.7804999351501465
232,initial,do,-8.094407081604004
233,initial,do,-8.056589126586914
234,initial,do,-8.665173530578613
235,initial,do,-6.503567218780518
236,initial,do,-7.555825233459473
237,initial,do,-7.863816261291504
238,initial,do,-7.647485256195068
239,initial,do,-8.120139122009277
240,initial,do,-7.339862823486328
241,initial,do,-8.056589126586914
242,initial,do,-8.036931991577148
243,initial,do,-8.406660079956055
244,initial,do,-7.647485256195068
245,initial,do,-8.441835403442383
246,initial,do,-6.437295913696289
247,initial,do,-8.03724193572998
248,initial,do,-7.918118953704834
249,initial,do,-7.746618747711182
250,initial,do,-7.327124118804932
251,initial,do,-7.81105899810791
252,initial,do,-7.42572546005249
253,initial,do,-8.370200157165527
254,initial,do,-8.229974746704102
255,initial,do,-8.516366958618164
256,initial,do,-8.119672775268555
257,initial,do,-7.458858966827393
258,initial,do,-8.229974746704102
259,initial,do,-6.245588302612305
260,initial,do,-7.81105899810791
261,initial,do,-7.327124118804932
262,initial,do,-6.160022735595703
263,initial,do,-7.9680609703063965
264,initial,pp,-7.488697052001953
265,initial,pp,-7.783926010131836
266,initial,pp,-7.094789981842041
267,initial,pp,-6.582663536071777
268,initial,pp,-7.512087821960449
269,initial,pp,-7.313495635986328
270,initial,pp,-7.45003604888916
271,initial,pp,-7.908199787139893
272,initial,pp,-7.912341594696045
273,initial,pp,-7.369539737701416
274,initial,pp,-7.527812957763672
275,initial,pp,-7.469254493713379
276,initial,pp,-7.723994255065918
277,initial,pp,-7.908199787139893
278,initial,pp,-6.415929317474365
279,initial,pp,-7.180964469909668
280,initial,pp,-7.541486740112305
281,initial,pp,-7.03859281539917
282,initial,pp,-7.4545159339904785
283,initial,pp,-7.109216213226318
284,initial,do,-7.732047080993652
285,initial,do,-6.7351884841918945
286,initial,do,-8.280671119689941
287,initial,do,-7.632172107696533
288,initial,do,-7.9196906089782715
289,initial,do,-6.939769268035889
290,initial,do,-6.797778606414795
291,initial,do,-8.075114250183105
292,initial,do,-7.9196906089782715
293,initial,do,-7.300452709197998
294,initial,do,-6.412282466888428
295,initial,do,-7.626129627227783
296,initial,do,-6.4639739990234375
297,initial,do,-7.85739803314209
298,initial,do,-7.689676761627197
299,initial,do,-7.630532741546631
300,initial,do,-7.786503791809082
301,initial,do,-7.098781585693359
302,initial,do,-7.6505351066589355
303,initial,do,-7.454188346862793
304,initial,do,-7.198787212371826
305,initial,do,-6.797778606414795
306,initial,do,-7.426095485687256
307,initial,do,-7.194299697875977
308,initial,do,-7.632172107696533
309,initial,do,-7.178492546081543
310,initial,do,-6.143970966339111
311,initial,do,-7.864063739776611
312,initial,do,-7.632172107696533
313,initial,do,-8.303629875183105
314,initial,do,-6.677332401275635
315,initial,do,-7.674614906311035
316,initial,do,-7.8365478515625
317,initial,do,-8.662344932556152
318,initial,do,-6.143970966339111
319,initial,do,-7.098781585693359
320,initial,do,-6.946951866149902
321,initial,do,-6.957176208496094
322,initial,do,-8.280671119689941
323,initial,do,-8.331486701965332
324,initial,do,-7.6677327156066895
325,initial,do,-8.274063110351562
326,initial,do,-7.3340020179748535
327,initial,pp,-7.34230375289917
328,initial,pp,-6.790772438049316
329,initial,pp,-7.975419521331787
330,initial,pp,-7.556549072265625
331,initial,pp,-7.833026885986328
332,initial,pp,-6.856231689453125
333,initial,pp,-6.808986186981201
334,initial,pp,-7.900531768798828
335,initial,pp,-7.833026885986328
336,initial,pp,-7.344472408294678
337,initial,pp,-6.665635108947754
338,initial,pp,-7.50162410736084
339,initial,pp,-6.774979591369629
340,initial,pp,-7.658810138702393
341,initial,pp,-7.515616416931152
342,initial,pp,-7.499046325683594
343,initial,pp,-7.838493824005127
344,initial,pp,-7.050271034240723
345,initial,pp,-7.462377548217773
346,initial,pp,-7.361658096313477
347,initial,do,-6.799782752990723
348,initial,do,-5.907289028167725
349,initial,do,-6.930877685546875
350,initial,do,-6.026101589202881
351,initial,do,-6.6546711921691895
352,initial,do,-6.845163345336914
353,initial,do,-7.080267906188965
354,initial,do,-6.911405563354492
355,initial,do,-7.288424015045166
356,initial,do,-7.160023212432861
357,initial,do,-6.945778846740723
358,initial,do,-6.984956741333008
359,initial,do,-6.292479991912842
360,initial,do,-7.114063739776611
361,initial,do,-6.708680629730225
362,initial,do,-6.370288372039795
363,initial,do,-7.134196758270264
364,initial,do,-7.308791160583496
365,initial,do,-7.194982051849365
366,initial,do,-6.253101825714111
367,initial,do,-6.5585036277771
368,initial,do,-6.4026312828063965
369,initial,do,-6.886491775512695
370,initial,do,-6.084930419921875
371,initial,do,-6.961427688598633
372,initial,do,-7.716587543487549
373,initial,do,-6.676207065582275
374,initial,do,-6.746486186981201
375,initial,do,-5.593259811401367
376,initial,do,-7.223366737365723
377,initial,do,-6.323555946350098
378,initial,do,-7.20721435546875
379,initial,do,-6.736882209777832
380,initial,do,-6.866040229797363
381,initial,do,-7.2257184982299805
382,initial,do,-7.086130142211914
383,initial,do,-6.286006927490234
384,initial,do,-6.961427688598633
385,initial,do,-6.421163082122803
386,initial,do,-6.676206588745117
387,initial,do,-6.934972763061523
388,initial,do,-6.511620998382568
389,initial,do,-6.7255144119262695
390,initial,pp,-6.836546897888184
391,initial,pp,-5.796632766723633
392,initial,pp,-6.783339023590088
393,initial,pp,-5.962122917175293
394,initial,pp,-6.959336280822754
395,initial,pp,-6.716272830963135
396,initial,pp,-7.0146918296813965
397,initial,pp,-6.821916103363037
398,initial,pp,-7.1897454261779785
399,initial,pp,-6.9984564781188965
400,initial,pp,-7.0398430824279785
401,initial,pp,-7.004086971282959
402,initial,pp,-6.410167217254639
403,initial,pp,-7.244813442230225
404,initial,pp,-6.921109199523926
405,initial,pp,-6.393601417541504
406,initial,pp,-7.235202789306641
407,initial,pp,-7.396598815917969
408,initial,pp,-7.34588098526001
409,initial,pp,-6.351522445678711
410,initial,do,-7.785215854644775
411,initial,do,-7.594569683074951
412,initial,do,-7.935293674468994
413,initial,do,-8.9909029006958
414,initial,do,-8.555839538574219
415,initial,do,-7.414719581604004
416,initial,do,-7.4940409660339355
417,initial,do,-8.202223777770996
418,initial,do,-5.864422798156738
419,initial,do,-7.541237831115723
420,initial,do,-7.78352689743042
421,initial,do,-8.25074291229248
422,initial,do,-8.708867073059082
423,initial,do,-8.612849235534668
424,initial,do,-7.324459075927734
425,initial,do,-8.442878723144531
426,initial,do,-6.922438144683838
427,initial,do,-7.673066139221191
428,initial,do,-7.48715877532959
429,initial,do,-7.761826038360596
430,initial,do,-8.784106254577637
431,initial,do,-7.321130752563477
432,initial,do,-7.673066139221191
433,initial,do,-7.492220401763916
434,initial,do,-8.801987648010254
435,initial,do,-7.383220195770264
436,initial,do,-8.103438377380371
437,initial,do,-8.574296951293945
438,initial,do,-7.183101177215576
439,initial,do,-8.700152397155762
440,initial,do,-8.255057334899902
441,initial,do,-8.125894546508789
442,initial,do,-8.653885841369629
443,initial,do,-8.221031188964844
444,initial,do,-7.630525588989258
445,initial,do,-7.4858880043029785
446,initial,do,-8.442878723144531
447,initial,do,-8.173694610595703
448,initial,do,-6.948561191558838
449,initial,do,-7.486876487731934
450,initial,do,-8.23167610168457
451,initial,do,-8.44586181640625
452,initial,do,-8.054018020629883
453,initial,pp,-7.637851715087891
454,initial,pp,-7.303567886352539
455,initial,pp,-7.6922078132629395
456,initial,pp,-8.186300277709961
457,initial,pp,-7.920413970947266
458,initial,pp,-6.878607749938965
459,initial,pp,-7.12462854385376
460,initial,pp,-8.041254043579102
461,initial,pp,-6.024749755859375
462,initial,pp,-7.18785285949707
463,initial,pp,-7.769989967346191
464,initial,pp,-7.889850616455078
465,initial,pp,-8.217236518859863
466,initial,pp,-8.101898193359375
467,initial,pp,-7.063467979431152
468,initial,pp,-8.027263641357422
469,initial,pp,-6.633163928985596
470,initial,pp,-7.715031147003174
471,initial,pp,-7.055250644683838
472,initial,pp,-8.110300064086914
473,initial,pp,-7.0371174812316895
474,initial,pp,-7.894777774810791
475,initial,pp,-7.494478225708008
476,initial,pp,-7.1621222496032715
477,initial,pp,-6.120485305786133
478,initial,pp,-7.287496089935303
479,initial,pp,-7.069342613220215
480,initial,pp,-6.795325756072998
481,initial,pp,-7.473398685455322
482,initial,pp,-7.48051118850708
483,initial,pp,-6.712221622467041
484,initial,pp,-8.04354476928711
485,initial,pp,-7.822826862335205
486,initial,pp,-6.872056484222412
487,initial,pp,-7.806813716888428
488,initial,pp,-6.55143404006958
489,initial,pp,-6.646599292755127
490,initial,pp,-7.353742599487305
491,initial,pp,-6.618678569793701
492,initial,pp,-7.133031845092773
493,initial,do,-7.947336673736572
494,initial,do,-8.196198463439941
495,initial,do,-9.304580688476562
496,initial,do,-9.217336654663086
497,initial,do,-10.296978950500488
498,initial,do,-6.133053302764893
499,initial,do,-8.899162292480469
500,initial,do,-9.562170028686523
501,initial,do,-7.620197772979736
502,initial,do,-6.794369697570801
503,initial,do,-9.343862533569336
504,initial,do,-8.208122253417969
505,initial,do,-9.542033195495605
506,initial,do,-8.28976821899414
507,initial,do,-9.876749038696289
508,initial,do,-9.617350578308105
509,initial,do,-9.162382125854492
510,initial,do,-8.247232437133789
511,initial,do,-7.931943893432617
512,initial,do,-8.54028034210205
513,initial,do,-7.626126766204834
514,initial,do,-9.237485885620117
515,initial,do,-9.215456008911133
516,initial,do,-9.77431869506836
517,initial,do,-8.46528434753418
518,initial,do,-10.505000114440918
519,initial,do,-9.252989768981934
520,initial,do,-8.150771141052246
521,initial,do,-9.185885429382324
522,initial,do,-8.413250923156738
523,initial,do,-7.661086559295654
524,initial,do,-8.602478981018066
525,initial,do,-9.500487327575684
526,initial,do,-9.416239738464355
527,initial,do,-7.466966152191162
528,initial,do,-9.430732727050781
529,initial,do,-9.430732727050781
530,initial,do,-9.863790512084961
531,initial,do,-9.937249183654785
532,initial,do,-10.043116569519043
533,initial,do,-9.439742088317871
534,initial,do,-7.970597743988037
535,initial,do,-7.619733810424805
536,initial,pp,-7.668779373168945
537,initial,pp,-8.019067764282227
538,initial,pp,-8.345306396484375
539,initial,pp,-8.227877616882324
540,initial,pp,-9.608623504638672
541,initial,pp,-6.014487266540527
542,initial,pp,-8.49434757232666
543,initial,pp,-8.981504440307617
544,initial,pp,-7.0052170753479
545,initial,pp,-6.462174415588379
546,initial,pp,-8.599115371704102
547,initial,pp,-7.3615288734436035
548,initial,pp,-8.97747802734375
549,initial,pp,-7.59614896774292
550,initial,pp,-9.017142295837402
551,initial,pp,-8.829345703125
552,initial,pp,-8.223692893981934
553,initial,pp,-7.590619087219238
554,initial,pp,-7.191845893859863
555,initial,pp,-8.944085121154785
556,initial,do,-7.856405735015869
557,initial,do,-9.545027732849121
558,initial,do,-7.820159912109375
559,initial,do,-9.117504119873047
560,initial,do,-9.67473316192627
561,initial,do,-7.995961666107178
562,initial,do,-7.567412376403809
563,initial,do,-9.12958812713623
564,initial,do,-9.545027732849121
565,initial,do,-9.1691255569458
566,initial,do,-6.430637359619141
567,initial,do,-6.8551812171936035
568,initial,do,-7.58635950088501
569,initial,do,-7.980650901794434
570,initial,do,-6.6312575340271
571,initial,do,-8.77807331085205
572,initial,do,-8.585922241210938
573,initial,do,-8.911787033081055
574,initial,do,-8.911787033081055
575,initial,do,-9.114703178405762
576,initial,do,-8.237693786621094
577,initial,do,-7.855406284332275
578,initial,do,-8.585922241210938
579,initial,do,-8.074451446533203
580,initial,do,-7.543144226074219
581,initial,do,-7.58635950088501
582,initial,do,-9.390129089355469
583,initial,do,-6.849213123321533
584,initial,do,-7.286346435546875
585,initial,do,-9.22381591796875
586,initial,do,-8.3058443069458
587,initial,do,-7.9449639320373535
588,initial,do,-6.849213123321533
589,initial,do,-7.944271087646484
590,initial,do,-7.596199035644531
591,initial,do,-8.69825267791748
592,initial,do,-8.472928047180176
593,initial,do,-8.69825267791748
594,initial,do,-8.798537254333496
595,initial,do,-7.820159912109375
596,initial,do,-9.55200481414795
597,initial,do,-7.58635950088501
598,initial,do,-9.1691255569458
599,initial,pp,-7.596000671386719
600,initial,pp,-9.34808349609375
601,initial,pp,-7.816859245300293
602,initial,pp,-9.24991512298584
603,initial,pp,-8.859578132629395
604,initial,pp,-7.961767673492432
605,initial,pp,-7.107234954833984
606,initial,pp,-8.542075157165527
607,initial,pp,-9.34808349609375
608,initial,pp,-8.553525924682617
609,initial,pp,-6.529782295227051
610,initial,pp,-6.896021366119385
611,initial,pp,-7.362854957580566
612,initial,pp,-8.030207633972168
613,initial,pp,-6.48607063293457
614,initial,pp,-8.235708236694336
615,initial,pp,-8.934767723083496
616,initial,pp,-8.707186698913574
617,initial,pp,-8.707186698913574
618,initial,pp,-9.122053146362305
619,initial,do,-7.595544338226318
620,initial,do,-6.8689374923706055
621,initial,do,-7.864956855773926
622,initial,do,-7.432048320770264
623,initial,do,-8.100912094116211
624,initial,do,-7.356082916259766
625,initial,do,-7.419527053833008
626,initial,do,-7.5160980224609375
627,initial,do,-7.62237548828125
628,initial,do,-8.307600021362305
629,initial,do,-6.958845615386963
630,initial,do,-5.79472541809082
631,initial,do,-6.697536945343018
632,initial,do,-6.9430365562438965
633,initial,do,-6.421817779541016
634,initial,do,-7.983622074127197
635,initial,do,-6.9454827308654785
636,initial,do,-8.614551544189453
637,initial,do,-6.697536945343018
638,initial,do,-7.754395961761475
639,initial,do,-7.418471813201904
640,initial,do,-7.770526885986328
641,initial,do,-7.282873630523682
642,initial,do,-8.478311538696289
643,initial,do,-8.039663314819336
644,initial,do,-6.346401214599609
645,initial,do,-8.89815616607666
646,initial,do,-7.443414211273193
647,initial,do,-8.438934326171875
648,initial,do,-8.06870174407959
649,initial,do,-7.713703155517578
650,initial,do,-8.393838882446289
651,initial,do,-9.022194862365723
652,initial,do,-8.3192138671875
653,initial,do,-7.954185962677002
654,initial,do,-6.839922904968262
655,initial,do,-7.8263115882873535
656,initial,do,-8.026235580444336
657,initial,do,-8.02423095703125
658,initial,do,-6.697537899017334
659,initial,do,-8.743294715881348
660,initial,do,-8.702583312988281
661,initial,do,-7.018569469451904
662,initial,pp,-7.2558722496032715
663,initial,pp,-6.47880220413208
664,initial,pp,-7.437985420227051
665,initial,pp,-7.047460556030273
666,initial,pp,-8.091384887695312
667,initial,pp,-7.598449230194092
668,initial,pp,-7.231448650360107
669,initial,pp,-7.856060981750488
670,initial,pp,-7.7808332443237305
671,initial,pp,-8.26654052734375
672,initial,pp,-7.070724010467529
673,initial,pp,-5.691874027252197
674,initial,pp,-6.355820655822754
675,initial,pp,-6.6290130615234375
676,initial,pp,-6.003973007202148
677,initial,pp,-7.782600402832031
678,initial,pp,-6.579905986785889
679,initial,pp,-7.856875419616699
680,initial,pp,-6.355820655822754
681,initial,pp,-7.396159648895264
682,initial,do,-8.418927192687988
683,initial,do,-9.668134689331055
684,initial,do,-7.881558895111084
685,initial,do,-7.007164001464844
686,initial,do,-8.525325775146484
687,initial,do,-8.291043281555176
688,initial,do,-9.831792831420898
689,initial,do,-10.358838081359863
690,initial,do,-7.4576873779296875
691,initial,do,-8.572898864746094
692,initial,do,-7.686623573303223
693,initial,do,-8.94653034210205
694,initial,do,-7.75634241104126
695,initial,do,-7.643310546875
696,initial,do,-9.031858444213867
697,initial,do,-7.985950946807861
698,initial,do,-8.39656925201416
699,initial,do,-8.190258979797363
700,initial,do,-9.171793937683105
701,initial,do,-7.407423496246338
702,initial,do,-8.2929048538208
703,initial,do,-8.624897956848145
704,initial,do,-9.5238618850708
705,initial,do,-9.042037010192871
706,initial,do,-8.702617645263672
707,initial,do,-9.85612964630127
708,initial,do,-7.844542980194092
709,initial,do,-8.607571601867676
710,initial,do,-9.306879997253418
711,initial,do,-8.271578788757324
712,initial,do,-9.119441032409668
713,initial,do,-9.471759796142578
714,initial,do,-8.763555526733398
715,initial,do,-8.637343406677246
716,initial,do,-9.820073127746582
717,initial,do,-9.873662948608398
718,initial,do,-10.053458213806152
719,initial,do,-9.969670295715332
720,initial,do,-7.9467692375183105
721,initial,do,-9.114109992980957
722,initial,do,-7.931789398193359
723,initial,do,-8.630053520202637
724,initial,do,-7.886625289916992
725,initial,pp,-8.70017147064209
726,initial,pp,-8.788336753845215
727,initial,pp,-7.224094867706299
728,initial,pp,-6.404620170593262
729,initial,pp,-8.73106575012207
730,initial,pp,-7.979504108428955
731,initial,pp,-9.123479843139648
732,initial,pp,-9.694500923156738
733,initial,pp,-7.078196048736572
734,initial,pp,-8.317387580871582
735,initial,pp,-7.232332706451416
736,initial,pp,-8.774266242980957
737,initial,pp,-7.500845909118652
738,initial,pp,-7.663604259490967
739,initial,pp,-9.273408889770508
740,initial,pp,-8.096869468688965
741,initial,pp,-7.800254821777344
742,initial,pp,-7.571272850036621
743,initial,pp,-8.656414985656738
744,initial,pp,-7.725975513458252
745,initial,pp,-7.095185279846191
746,initial,pp,-7.43441104888916
747,initial,pp,-7.655567646026611
748,initial,pp,-6.676331996917725
749,initial,pp,-7.938776969909668
750,initial,pp,-8.550719261169434
751,initial,pp,-8.737676620483398
752,initial,pp,-7.588232517242432
753,initial,pp,-7.561305046081543
754,initial,pp,-7.673827171325684
755,initial,pp,-6.883993625640869
756,initial,pp,-6.192403316497803
757,initial,pp,-7.258930683135986
758,initial,pp,-6.468782901763916
759,initial,pp,-7.697115421295166
760,initial,pp,-7.96375846862793
761,initial,pp,-9.10365104675293
762,initial,pp,-8.817258834838867
763,initial,pp,-7.083748817443848
764,initial,pp,-7.5067033767700195
765,initial,pp,-7.049500942230225
766,initial,pp,-8.059050559997559
767,initial,pp,-8.092087745666504
768,initial,pp,-7.345475196838379
769,initial,pp,-8.152237892150879
770,initial,pp,-8.234548568725586
771,initial,pp,-8.004598617553711
772,initial,pp,-8.810213088989258
773,initial,pp,-7.124199867248535
774,initial,pp,-6.243415355682373
775,initial,pp,-7.9462127685546875
776,initial,pp,-7.025854110717773
777,initial,pp,-7.077081203460693
778,initial,pp,-7.607254981994629
779,initial,pp,-8.42085075378418
780,initial,pp,-8.318203926086426
781,initial,pp,-8.213400840759277
782,initial,pp,-7.207499027252197
783,initial,pp,-8.309563636779785
784,initial,pp,-8.768287658691406
785,initial,do,-7.640161991119385
786,initial,do,-6.8725690841674805
787,initial,do,-6.8977508544921875
788,initial,do,-6.188007354736328
789,initial,do,-7.571764945983887
790,initial,do,-6.187213897705078
791,initial,do,-6.589677810668945
792,initial,do,-6.979433059692383
793,initial,do,-8.015061378479004
794,initial,do,-8.111157417297363
795,initial,do,-6.822144508361816
796,initial,do,-6.222494125366211
797,initial,do,-6.422417640686035
798,initial,do,-8.613462448120117
799,initial,do,-5.754124641418457
800,initial,do,-5.625760078430176
801,initial,do,-7.993839740753174
802,initial,do,-7.210508346557617
803,initial,do,-8.766104698181152
804,initial,do,-8.655784606933594
805,initial,do,-8.151875495910645
806,initial,do,-6.73882532119751
807,initial,do,-7.419567584991455
808,initial,do,-8.818528175354004
809,initial,do,-6.900858402252197
810,initial,do,-5.92524528503418
811,initial,do,-7.714572429656982
812,initial,do,-6.824423789978027
813,initial,do,-7.057945728302002
814,initial,do,-7.196600914001465
815,initial,do,-6.550918102264404
816,initial,do,-7.435617446899414
817,initial,do,-6.470261573791504
818,initial,do,-5.487788200378418
819,initial,do,-8.017180442810059
820,initial,do,-5.625760078430176
821,initial,do,-8.432356834411621
822,initial,do,-6.682857513427734
823,initial,do,-6.995119094848633
824,initial,do,-8.20700740814209
825,initial,do,-7.7850470542907715
826,initial,do,-7.06173038482666
827,initial,do,-8.221796035766602
828,initial,pp,-6.637760162353516
829,initial,pp,-6.350376605987549
830,initial,pp,-6.780401706695557
831,initial,pp,-6.1314005851745605
832,initial,pp,-6.978674411773682
833,initial,pp,-6.0787177085876465
834,initial,pp,-6.5898756980896
835,initial,pp,-6.780107021331787
836,initial,pp,-7.959571838378906
837,initial,pp,-7.066761016845703
838,initial,pp,-6.4649553298950195
839,initial,pp,-6.218633651733398
840,initial,pp,-6.222412586212158
841,initial,pp,-7.81648063659668
842,initial,pp,-5.703123569488525
843,initial,pp,-5.612924098968506
844,initial,pp,-7.458544731140137
845,initial,pp,-6.7588701248168945
846,initial,pp,-8.018363952636719
847,initial,pp,-7.697229385375977
848,initial,do,-6.585723400115967
849,initial,do,-7.151254653930664
850,initial,do,-6.493251323699951
851,initial,do,-8.401132583618164
852,initial,do,-6.375162601470947
853,initial,do,-7.769802570343018
854,initial,do,-7.594217777252197
855,initial,do,-6.676239013671875
856,initial,do,-6.525956153869629
857,initial,do,-7.18861722946167
858,initial,do,-7.73389196395874
859,initial,do,-6.531298637390137
860,initial,do,-7.143578052520752
861,initial,do,-5.391513347625732
862,initial,do,-5.747158050537109
863,initial,do,-5.641486167907715
864,initial,do,-6.657557487487793
865,initial,do,-8.439948081970215
866,initial,do,-5.767852783203125
867,initial,do,-6.727543354034424
868,initial,do,-6.9221272468566895
869,initial,do,-6.404177665710449
870,initial,do,-8.674928665161133
871,initial,do,-6.128632068634033
872,initial,do,-6.2286481857299805
873,initial,do,-6.861055374145508
874,initial,do,-6.525957107543945
875,initial,do,-6.2904863357543945
876,initial,do,-6.873363971710205
877,initial,do,-8.000519752502441
878,initial,do,-6.913853168487549
879,initial,do,-5.168328285217285
880,initial,do,-8.348542213439941
881,initial,do,-7.9438958168029785
882,initial,do,-6.553776741027832
883,initial,do,-7.704760551452637
884,initial,do,-6.585723400115967
885,initial,do,-6.496245861053467
886,initial,do,-6.4809112548828125
887,initial,do,-7.382436275482178
888,initial,do,-8.425500869750977
889,initial,do,-7.746401309967041
890,initial,do,-6.38065767288208
891,initial,pp,-6.386274814605713
892,initial,pp,-6.860440254211426
893,initial,pp,-6.282665729522705
894,initial,pp,-8.084266662597656
895,initial,pp,-6.458312034606934
896,initial,pp,-7.531715393066406
897,initial,pp,-7.439767360687256
898,initial,pp,-6.461200714111328
899,initial,pp,-6.304117202758789
900,initial,pp,-6.593567371368408
901,initial,pp,-7.326887130737305
902,initial,pp,-6.469959259033203
903,initial,pp,-6.6986517906188965
904,initial,pp,-5.440277576446533
905,initial,pp,-5.873258590698242
906,initial,pp,-5.779764175415039
907,initial,pp,-6.401315212249756
908,initial,pp,-7.97098445892334
909,initial,pp,-5.779496192932129
910,initial,pp,-6.554027557373047
911,initial,do,-6.731910705566406
912,initial,do,-6.8350324630737305
913,initial,do,-6.147522926330566
914,initial,do,-7.080653190612793
915,initial,do,-6.454541206359863
916,initial,do,-6.065973281860352
917,initial,do,-7.005694389343262
918,initial,do,-7.255867958068848
919,initial,do,-7.027113437652588
920,initial,do,-7.21987247467041
921,initial,do,-6.843548774719238
922,initial,do,-6.740914821624756
923,initial,do,-7.664290428161621
924,initial,do,-6.4753313064575195
925,initial,do,-6.489664077758789
926,initial,do,-6.564963340759277
927,initial,do,-7.390352725982666
928,initial,do,-6.770635604858398
929,initial,do,-6.729805946350098
930,initial,do,-5.71419095993042
931,initial,do,-6.565202236175537
932,initial,do,-6.140262603759766
933,initial,do,-6.620030879974365
934,initial,do,-5.494479179382324
935,initial,do,-6.372686862945557
936,initial,do,-6.954496383666992
937,initial,do,-5.4420270919799805
938,initial,do,-5.8851704597473145
939,initial,do,-7.38040828704834
940,initial,do,-6.437489032745361
941,initial,do,-7.290773868560791
942,initial,do,-7.375099182128906
943,initial,do,-6.643681526184082
944,initial,do,-6.720113277435303
945,initial,do,-6.185823917388916
946,initial,do,-7.594908714294434
947,initial,do,-6.519662380218506
948,initial,do,-6.542004108428955
949,initial,do,-7.219870567321777
950,initial,do,-6.629333972930908
951,initial,do,-7.4850006103515625
952,initial,do,-6.506170272827148
953,initial,do,-7.420538902282715
954,initial,pp,-6.702336311340332
955,initial,pp,-6.615091800689697
956,initial,pp,-6.337499618530273
957,initial,pp,-6.9953813552856445
958,initial,pp,-6.5063252449035645
959,initial,pp,-6.315728664398193
960,initial,pp,-7.167215347290039
961,initial,pp,-7.606927394866943
962,initial,pp,-6.932609558105469
963,initial,pp,-7.043937683105469
964,initial,pp,-6.852418422698975
965,initial,pp,-6.619967937469482
966,initial,pp,-7.750669956207275
967,initial,pp,-6.422172546386719
968,initial,pp,-6.855047225952148
969,initial,pp,-7.025472164154053
970,initial,pp,-7.274282932281494
971,initial,pp,-6.977353572845459
972,initial,pp,-6.621035575866699
973,initial,pp,-5.731074333190918
974,initial,do,-7.988903999328613
975,initial,do,-7.36368989944458
976,initial,do,-8.434694290161133
977,initial,do,-7.450005054473877
978,initial,do,-6.9801249504089355
979,initial,do,-6.78236722946167
980,initial,do,-8.123827934265137
981,initial,do,-5.9831438064575195
982,initial,do,-7.4123616218566895
983,initial,do,-6.730538368225098
984,initial,do,-7.637847900390625
985,initial,do,-7.658167839050293
986,initial,do,-7.928351879119873
987,initial,do,-6.575722694396973
988,initial,do,-8.656283378601074
989,initial,do,-8.544771194458008
990,initial,do,-9.241707801818848
991,initial,do,-6.571341514587402
992,initial,do,-7.443658828735352
993,initial,do,-7.378178119659424
994,initial,do,-6.102212905883789
995,initial,do,-8.126139640808105
996,initial,do,-6.891079902648926
997,initial,do,-7.342313766479492
998,initial,do,-7.658588886260986
999,initial,do,-6.633705139160156
1000,initial,do,-6.345122814178467
1001,initial,do,-6.540831565856934
1002,initial,do,-7.158848285675049
1003,initial,do,-7.378178119659424
1004,initial,do,-7.289011001586914
1005,initial,do,-6.689424991607666
1006,initial,do,-8.147921562194824
1007,initial,do,-7.144287109375
1008,initial,do,-7.467922687530518
1009,initial,do,-6.508584499359131
1010,initial,do,-6.826317310333252
1011,initial,do,-8.22092056274414
1012,initial,do,-7.551894187927246
1013,initial,do,-8.018505096435547
1014,initial,do,-7.551894187927246
1015,initial,do,-6.8499531745910645
1016,initial,do,-5.939343452453613
1017,initial,pp,-6.987513542175293
1018,initial,pp,-6.917088508605957
1019,initial,pp,-7.833941459655762
1020,initial,pp,-6.910609245300293
1021,initial,pp,-6.456104755401611
1022,initial,pp,-6.823480129241943
1023,initial,pp,-7.6544904708862305
1024,initial,pp,-5.491238117218018
1025,initial,pp,-7.201277732849121
1026,initial,pp,-6.121359825134277
1027,initial,pp,-7.7042083740234375
1028,initial,pp,-7.473246097564697
1029,initial,pp,-7.1756792068481445
1030,initial,pp,-6.246234893798828
1031,initial,pp,-7.966633319854736
1032,initial,pp,-8.505763053894043
1033,initial,pp,-8.189427375793457
1034,initial,pp,-6.527288913726807
1035,initial,pp,-6.916645050048828
1036,initial,pp,-7.5303826332092285
1037,initial,pp,-6.938488483428955
1038,initial,pp,-6.126890182495117
1039,initial,pp,-7.222856044769287
1040,initial,pp,-6.888334274291992
1041,initial,pp,-5.82155179977417
1042,initial,pp,-6.98879861831665
1043,initial,pp,-8.342916488647461
1044,initial,pp,-5.365235328674316
1045,initial,pp,-7.606301784515381
1046,initial,pp,-6.411015033721924
1047,initial,pp,-8.431463241577148
1048,initial,pp,-6.268603324890137
1049,initial,pp,-6.103095054626465
1050,initial,pp,-6.082772731781006
1051,initial,pp,-5.4018659591674805
1052,initial,pp,-7.0689826011657715
1053,initial,pp,-7.190998554229736
1054,initial,pp,-6.650581359863281
1055,initial,pp,-5.698845386505127
1056,initial,pp,-5.977119445800781
1057,initial,pp,-6.491952896118164
1058,initial,pp,-6.142003059387207
1059,initial,pp,-6.8130693435668945
1060,initial,pp,-5.832937240600586
1061,initial,pp,-6.425334453582764
1062,initial,pp,-6.757261753082275
1063,initial,pp,-6.003662109375
1064,initial,pp,-6.5509138107299805
1065,initial,pp,-6.765841484069824
1066,initial,pp,-6.422098636627197
1067,initial,pp,-7.3194427490234375
1068,initial,pp,-5.8948516845703125
1069,initial,pp,-5.982487201690674
1070,initial,pp,-6.371702194213867
1071,initial,pp,-6.326270580291748
1072,initial,pp,-6.18757438659668
1073,initial,pp,-5.941332817077637
1074,initial,pp,-6.579702377319336
1075,initial,pp,-5.912298202514648
1076,initial,pp,-7.2789764404296875
1077,initial,do,-8.696290016174316
1078,initial,do,-8.89519214630127
1079,initial,do,-8.68764591217041
1080,initial,do,-8.614856719970703
1081,initial,do,-7.8979411125183105
1082,initial,do,-8.252029418945312
1083,initial,do,-8.212014198303223
1084,initial,do,-8.400324821472168
1085,initial,do,-8.162957191467285
1086,initial,do,-7.26236629486084
1087,initial,do,-8.170982360839844
1088,initial,do,-7.78180456161499
1089,initial,do,-8.01501178741455
1090,initial,do,-8.828041076660156
1091,initial,do,-8.638721466064453
1092,initial,do,-7.755773544311523
1093,initial,do,-8.346287727355957
1094,initial,do,-8.392340660095215
1095,initial,do,-6.9197516441345215
1096,initial,do,-8.532527923583984
1097,initial,do,-8.754658699035645
1098,initial,do,-8.210163116455078
1099,initial,do,-8.91612720489502
1100,initial,do,-8.490596771240234
1101,initial,do,-8.70434856414795
1102,initial,do,-8.441056251525879
1103,initial,do,-8.3623628616333
1104,initial,do,-7.828486919403076
1105,initial,do,-8.308762550354004
1106,initial,do,-7.40869665145874
1107,initial,do,-8.210163116455078
1108,initial,do,-8.915928840637207
1109,initial,do,-6.386408805847168
1110,initial,do,-8.953625679016113
1111,initial,do,-7.5397491455078125
1112,initial,do,-7.45028018951416
1113,initial,do,-8.446222305297852
1114,initial,do,-8.112680435180664
1115,initial,do,-8.449433326721191
1116,initial,do,-8.601655960083008
1117,initial,do,-8.510126113891602
1118,initial,do,-9.199698448181152
1119,initial,do,-7.105100154876709
1120,initial,pp,-7.733608722686768
1121,initial,pp,-7.866771221160889
1122,initial,pp,-7.813607692718506
1123,initial,pp,-7.037930965423584
1124,initial,pp,-6.767239570617676
1125,initial,pp,-7.497077941894531
1126,initial,pp,-7.118640899658203
1127,initial,pp,-7.462857246398926
1128,initial,pp,-6.916030406951904
1129,initial,pp,-6.474432945251465
1130,initial,pp,-7.0145087242126465
1131,initial,pp,-6.447798252105713
1132,initial,pp,-7.396172523498535
1133,initial,pp,-7.910653114318848
1134,initial,pp,-7.631274700164795
1135,initial,pp,-7.129322528839111
1136,initial,pp,-7.332912921905518
1137,initial,pp,-7.103941917419434
1138,initial,pp,-6.775939464569092
1139,initial,pp,-7.451540946960449
1140,initial,do,-8.490740776062012
1141,initial,do,-7.910116195678711
1142,initial,do,-6.538334369659424
1143,initial,do,-8.420615196228027
1144,initial,do,-6.962599277496338
1145,initial,do,-7.572654724121094
1146,initial,do,-8.490740776062012
1147,initial,do,-9.071965217590332
1148,initial,do,-8.080314636230469
1149,initial,do,-7.558337688446045
1150,initial,do,-7.4867844581604
1151,initial,do,-8.939605712890625
1152,initial,do,-8.695977210998535
1153,initial,do,-9.027438163757324
1154,initial,do,-7.973853588104248
1155,initial,do,-6.909749984741211
1156,initial,do,-8.038338661193848
1157,initial,do,-7.0483503341674805
1158,initial,do,-8.675897598266602
1159,initial,do,-8.436375617980957
1160,initial,do,-8.920965194702148
1161,initial,do,-6.741013050079346
1162,initial,do,-7.523005485534668
1163,initial,do,-7.1744279861450195
1164,initial,do,-7.910116195678711
1165,initial,do,-7.360044479370117
1166,initial,do,-8.467045783996582
1167,initial,do,-7.542939186096191
1168,initial,do,-8.436976432800293
1169,initial,do,-7.7737274169921875
1170,initial,do,-6.712272644042969
1171,initial,do,-8.01305103302002
1172,initial,do,-8.038338661193848
1173,initial,do,-8.209424018859863
1174,initial,do,-8.307938575744629
1175,initial,do,-8.307938575744629
1176,initial,do,-8.448260307312012
1177,initial,do,-8.7259521484375
1178,initial,do,-7.85499906539917
1179,initial,do,-6.909749984741211
1180,initial,do,-7.523005485534668
1181,initial,do,-8.172924041748047
1182,initial,do,-7.542939186096191
1183,initial,pp,-7.88407039642334
1184,initial,pp,-7.437155246734619
1185,initial,pp,-6.3615570068359375
1186,initial,pp,-7.527281761169434
1187,initial,pp,-6.4882073402404785
1188,initial,pp,-7.0159382820129395
1189,initial,pp,-7.88407039642334
1190,initial,pp,-8.369775772094727
1191,initial,pp,-7.371060848236084
1192,initial,pp,-6.942384719848633
1193,initial,pp,-7.11625337600708
1194,initial,pp,-8.125760078430176
1195,initial,pp,-7.864157676696777
1196,initial,pp,-8.149739265441895
1197,initial,pp,-7.381280422210693
1198,initial,pp,-6.5819268226623535
1199,initial,pp,-7.472301006317139
1200,initial,pp,-6.8564558029174805
1201,initial,pp,-7.949948310852051
1202,initial,pp,-7.466020107269287
1203,initial,do,-7.915446758270264
1204,initial,do,-7.01735258102417
1205,initial,do,-7.863858222961426
1206,initial,do,-7.33739709854126
1207,initial,do,-7.793250560760498
1208,initial,do,-6.863710880279541
1209,initial,do,-7.757535934448242
1210,initial,do,-7.020445346832275
1211,initial,do,-6.602089881896973
1212,initial,do,-7.148642539978027
1213,initial,do,-7.390995979309082
1214,initial,do,-6.647696495056152
1215,initial,do,-6.601153373718262
1216,initial,do,-7.199529647827148
1217,initial,do,-7.25755500793457
1218,initial,do,-6.904470920562744
1219,initial,do,-7.3831610679626465
1220,initial,do,-7.421174049377441
1221,initial,do,-6.563450813293457
1222,initial,do,-6.435049533843994
1223,initial,do,-8.279480934143066
1224,initial,do,-7.9626641273498535
1225,initial,do,-8.010566711425781
1226,initial,do,-7.2936272621154785
1227,initial,do,-7.491911888122559
1228,initial,do,-7.7271528244018555
1229,initial,do,-6.961461067199707
1230,initial,do,-7.500516414642334
1231,initial,do,-7.0637898445129395
1232,initial,do,-7.0632195472717285
1233,initial,do,-7.703884601593018
1234,initial,do,-7.44783878326416
1235,initial,do,-7.074095249176025
1236,initial,do,-7.344144344329834
1237,initial,do,-7.378021717071533
1238,initial,do,-7.61134147644043
1239,initial,do,-6.144309997558594
1240,initial,do,-7.039487361907959
1241,initial,do,-7.632937908172607
1242,initial,do,-6.034070014953613
1243,initial,do,-6.768731594085693
1244,initial,do,-7.991659641265869
1245,initial,do,-7.0672926902771
1246,initial,pp,-7.79340934753418
1247,initial,pp,-6.578001976013184
1248,initial,pp,-7.396899700164795
1249,initial,pp,-7.157151222229004
1250,initial,pp,-7.1815185546875
1251,initial,pp,-6.402977466583252
1252,initial,pp,-7.340795040130615
1253,initial,pp,-6.846339225769043
1254,initial,pp,-6.259560585021973
1255,initial,pp,-7.146386623382568
1256,initial,pp,-7.085928916931152
1257,initial,pp,-6.947103023529053
1258,initial,pp,-6.7747602462768555
1259,initial,pp,-6.718325614929199
1260,initial,pp,-6.952339172363281
1261,initial,pp,-6.434492111206055
1262,initial,pp,-7.008512020111084
1263,initial,pp,-7.060429096221924
1264,initial,pp,-6.445306301116943
1265,initial,pp,-6.1520915031433105
1266,initial,do,-7.479493141174316
1267,initial,do,-7.954662322998047
1268,initial,do,-8.061915397644043
1269,initial,do,-7.808522701263428
1270,initial,do,-6.993998050689697
1271,initial,do,-8.664825439453125
1272,initial,do,-9.655130386352539
1273,initial,do,-8.50063419342041
1274,initial,do,-6.982341289520264
1275,initial,do,-9.48955249786377
1276,initial,do,-8.634342193603516
1277,initial,do,-7.314878940582275
1278,initial,do,-8.684337615966797
1279,initial,do,-8.9059476852417
1280,initial,do,-8.183453559875488
1281,initial,do,-9.258477210998535
1282,initial,do,-8.193221092224121
1283,initial,do,-8.38312816619873
1284,initial,do,-7.53513765335083
1285,initial,do,-8.537174224853516
1286,initial,do,-6.925107002258301
1287,initial,do,-8.168183326721191
1288,initial,do,-8.451478004455566
1289,initial,do,-9.09181022644043
1290,initial,do,-8.405009269714355
1291,initial,do,-8.41181755065918
1292,initial,do,-8.41991138458252
1293,initial,do,-9.640600204467773
1294,initial,do,-8.408014297485352
1295,initial,do,-8.208268165588379
1296,initial,do,-7.879444599151611
1297,initial,do,-9.152714729309082
1298,initial,do,-7.6697916984558105
1299,initial,do,-6.394775867462158
1300,initial,do,-8.440255165100098
1301,initial,do,-9.403107643127441
1302,initial,do,-9.0696439743042
1303,initial,do,-7.89482307434082
1304,initial,do,-7.119204521179199
1305,initial,do,-8.846638679504395
1306,initial,do,-8.954365730285645
1307,initial,do,-7.991052150726318
1308,initial,do,-8.611897468566895
1309,initial,pp,-6.854185581207275
1310,initial,pp,-6.996974945068359
1311,initial,pp,-6.7805867195129395
1312,initial,pp,-6.835709571838379
1313,initial,pp,-5.897614002227783
1314,initial,pp,-8.152729988098145
1315,initial,pp,-8.999030113220215
1316,initial,pp,-7.801733493804932
1317,initial,pp,-5.826455116271973
1318,initial,pp,-8.55565357208252
1319,initial,pp,-8.04793930053711
1320,initial,pp,-6.65883731842041
1321,initial,pp,-8.029402732849121
1322,initial,pp,-7.661539554595947
1323,initial,pp,-7.552543640136719
1324,initial,pp,-8.222084045410156
1325,initial,pp,-7.2616143226623535
1326,initial,pp,-7.892826080322266
1327,initial,pp,-6.76030969619751
1328,initial,pp,-8.134770393371582
1329,initial,pp,-6.416018009185791
1330,initial,pp,-6.448141098022461
1331,initial,pp,-7.642892837524414
1332,initial,pp,-7.89076566696167
1333,initial,pp,-8.098766326904297
1334,initial,pp,-6.98707914352417
1335,initial,pp,-5.758205413818359
1336,initial,pp,-6.314840793609619
1337,initial,pp,-6.867051601409912
1338,initial,pp,-7.650115013122559
1339,initial,pp,-6.255147457122803
1340,initial,pp,-7.594709396362305
1341,initial,pp,-6.668516635894775
1342,initial,pp,-8.46295166015625
1343,initial,pp,-8.008027076721191
1344,initial,pp,-6.294337749481201
1345,initial,pp,-7.87880802154541
1346,initial,pp,-5.9176788330078125
1347,initial,pp,-7.578012943267822
1348,initial,pp,-6.6519551277160645
1349,initial,pp,-6.630317687988281
1350,initial,pp,-7.143697738647461
1351,initial,pp,-7.528958797454834
1352,initial,pp,-6.679973125457764
1353,initial,pp,-6.900603771209717
1354,initial,pp,-5.844229698181152
1355,initial,pp,-5.9812912940979
1356,initial,pp,-6.510476112365723
1357,initial,pp,-7.196972370147705
1358,initial,pp,-7.048439025878906
1359,initial,pp,-6.507474899291992
1360,initial,pp,-6.700554847717285
1361,initial,pp,-6.252936363220215
1362,initial,pp,-6.2387542724609375
1363,initial,pp,-6.680129051208496
1364,initial,pp,-6.675455570220947
1365,initial,pp,-7.429327487945557
1366,initial,pp,-6.963215351104736
1367,initial,pp,-6.2139387130737305
1368,initial,pp,-6.797258377075195
1,final,pp,-15.458206176757812
2,final,pp,-17.053442001342773
3,final,pp,-16.56905174255371
4,final,pp,-18.503005981445312
5,final,pp,-14.815350532531738
6,final,pp,-17.125343322753906
7,final,pp,-17.7833309173584
8,final,pp,-16.10325050354004
9,final,pp,-14.564635276794434
10,final,pp,-14.804312705993652
11,final,pp,-16.384538650512695
12,final,pp,-6.082128047943115
13,final,pp,-17.142818450927734
14,final,pp,-6.176242351531982
15,final,pp,-22.58430290222168
16,final,pp,-16.10325050354004
17,final,pp,-14.958045959472656
18,final,pp,-10.61795711517334
19,final,pp,-10.074862480163574
20,final,pp,-16.84275245666504
21,final,pp,-17.815778732299805
22,final,pp,-16.43921661376953
23,final,pp,-15.503902435302734
24,final,pp,-16.636329650878906
25,final,pp,-18.426698684692383
26,final,pp,-13.92331314086914
27,final,pp,-23.2706241607666
28,final,pp,-23.82683753967285
29,final,pp,-12.671414375305176
30,final,pp,-18.59709358215332
31,final,pp,-19.35855484008789
32,final,pp,-16.636329650878906
33,final,pp,-13.752433776855469
34,final,pp,-18.37299156188965
35,final,pp,-6.520742416381836
36,final,pp,-6.743900299072266
37,final,pp,-12.67141342163086
38,final,pp,-17.70159149169922
39,final,pp,-9.778341293334961
40,final,pp,-18.35828971862793
41,final,pp,-19.65930938720703
42,final,pp,-25.561725616455078
43,final,pp,-21.881662368774414
44,final,pp,-22.126235961914062
45,final,pp,-18.713916778564453
46,final,pp,-19.524158477783203
47,final,pp,-20.961681365966797
48,final,pp,-19.321226119995117
49,final,pp,-23.50365447998047
50,final,pp,-16.62806510925293
51,final,pp,-20.454177856445312
52,final,pp,-6.777474880218506
53,final,pp,-21.114784240722656
54,final,pp,-19.32026481628418
55,final,pp,-24.24482536315918
56,final,pp,-9.704916954040527
57,final,pp,-6.422410011291504
58,final,pp,-25.816469192504883
59,final,pp,-25.801828384399414
60,final,pp,-20.409221649169922
61,final,pp,-15.5879545211792
62,final,pp,-16.719255447387695
63,final,pp,-8.932544708251953
64,final,pp,-14.361128807067871
65,final,pp,-14.475248336791992
66,final,pp,-14.666114807128906
67,final,pp,-6.288763523101807
68,final,pp,-9.985722541809082
69,final,pp,-11.694133758544922
70,final,pp,-10.727104187011719
71,final,pp,-6.2240519523620605
72,final,pp,-20.183387756347656
73,final,pp,-14.177765846252441
74,final,pp,-12.098373413085938
75,final,pp,-21.347448348999023
76,final,pp,-20.84329605102539
77,final,pp,-17.175378799438477
78,final,pp,-16.50534439086914
79,final,pp,-20.12644386291504
80,final,pp,-15.646056175231934
81,final,pp,-12.56741714477539
82,final,pp,-22.85384750366211
83,final,pp,-18.977245330810547
84,final,pp,-18.157699584960938
85,final,pp,-22.85384750366211
86,final,pp,-18.785903930664062
87,final,pp,-8.795846939086914
88,final,pp,-18.2110538482666
89,final,pp,-16.662681579589844
90,final,pp,-18.03924560546875
91,final,pp,-25.51100730895996
92,final,pp,-18.637527465820312
93,final,pp,-19.992029190063477
94,final,pp,-22.11858367919922
95,final,pp,-16.50984764099121
96,final,pp,-15.415205001831055
97,final,pp,-18.348695755004883
98,final,pp,-18.73707389831543
99,final,pp,-17.63573455810547
100,final,pp,-13.911688804626465
101,final,pp,-17.9794979095459
102,final,pp,-18.768936157226562
103,final,pp,-19.36210823059082
104,final,pp,-24.99142074584961
105,final,pp,-11.720216751098633
106,final,pp,-16.494596481323242
107,final,pp,-22.896533966064453
108,final,pp,-15.708491325378418
109,final,pp,-23.003009796142578
110,final,pp,-17.304161071777344
111,final,pp,-16.523181915283203
112,final,pp,-19.718069076538086
113,final,pp,-24.52334976196289
114,final,pp,-16.956260681152344
115,final,pp,-18.19536018371582
116,final,pp,-10.514260292053223
117,final,pp,-18.811359405517578
118,final,pp,-15.176939010620117
119,final,pp,-15.873929977416992
120,final,pp,-17.817901611328125
121,final,pp,-16.01152229309082
122,final,pp,-18.28081703186035
123,final,pp,-15.949054718017578
124,final,pp,-13.88687801361084
125,final,pp,-11.538268089294434
126,final,pp,-8.698281288146973
127,final,pp,-23.905019760131836
128,final,pp,-17.39630699157715
129,final,pp,-23.48579978942871
130,final,pp,-24.5907039642334
131,final,pp,-23.48579978942871
132,final,pp,-18.28081703186035
133,final,pp,-18.12529182434082
134,final,pp,-14.746176719665527
135,final,pp,-18.28081703186035
136,final,pp,-8.69827938079834
137,final,pp,-16.89970588684082
138,final,pp,-5.870344161987305
139,final,pp,-9.821000099182129
140,final,pp,-18.29248046875
141,final,pp,-13.161100387573242
142,final,pp,-22.60915184020996
143,final,pp,-14.966510772705078
144,final,pp,-19.909061431884766
145,final,pp,-14.985488891601562
146,final,pp,-14.814620971679688
147,final,pp,-18.663724899291992
148,final,pp,-17.03544044494629
149,final,pp,-17.887569427490234
150,final,pp,-5.966989994049072
151,final,pp,-17.697111129760742
152,final,pp,-24.05329704284668
153,final,pp,-18.261070251464844
154,final,pp,-25.102096557617188
155,final,pp,-20.463787078857422
156,final,pp,-16.382949829101562
157,final,pp,-22.074800491333008
158,final,pp,-21.389360427856445
159,final,pp,-13.016637802124023
160,final,pp,-17.948013305664062
161,final,pp,-15.000893592834473
162,final,pp,-12.778318405151367
163,final,pp,-15.644963264465332
164,final,pp,-10.694985389709473
165,final,pp,-23.073806762695312
166,final,pp,-5.451602935791016
167,final,pp,-14.748161315917969
168,final,pp,-14.438705444335938
169,final,pp,-13.465535163879395
170,final,pp,-18.981340408325195
171,final,pp,-15.644963264465332
172,final,pp,-17.914644241333008
173,final,pp,-6.512089729309082
174,final,pp,-15.488240242004395
175,final,pp,-19.372434616088867
176,final,pp,-23.073806762695312
177,final,pp,-8.63040542602539
178,final,pp,-14.250611305236816
179,final,pp,-24.313058853149414
180,final,pp,-11.684599876403809
181,final,pp,-19.4819393157959
182,final,pp,-18.9066104888916
183,final,pp,-17.65277862548828
184,final,pp,-21.480504989624023
185,final,pp,-17.53374481201172
186,final,pp,-24.13265609741211
187,final,pp,-6.729939937591553
188,final,pp,-14.008706092834473
189,final,pp,-16.232988357543945
190,final,pp,-19.02617835998535
191,final,pp,-18.479991912841797
192,final,pp,-15.1828031539917
193,final,pp,-14.730606079101562
194,final,pp,-15.025657653808594
195,final,pp,-19.249183654785156
196,final,pp,-25.568538665771484
197,final,pp,-17.796411514282227
198,final,pp,-12.805506706237793
199,final,pp,-15.173890113830566
200,final,pp,-19.43106460571289
201,final,pp,-18.95135498046875
202,final,pp,-14.870676040649414
203,final,pp,-19.373523712158203
204,final,pp,-18.400903701782227
205,final,pp,-17.680463790893555
206,final,pp,-15.975974082946777
207,final,pp,-23.63816261291504
208,final,pp,-6.436860084533691
209,final,pp,-18.782251358032227
210,final,pp,-19.00543212890625
211,final,pp,-18.727420806884766
212,final,pp,-16.249425888061523
213,final,pp,-10.626871109008789
214,final,pp,-13.480195999145508
215,final,pp,-17.13397979736328
216,final,pp,-22.26249122619629
217,final,pp,-12.136775016784668
218,final,pp,-16.984437942504883
219,final,pp,-18.398746490478516
220,final,pp,-16.590496063232422
221,final,do,-18.92586898803711
222,final,do,-15.42539119720459
223,final,do,-21.094711303710938
224,final,do,-10.368083953857422
225,final,do,-20.562448501586914
226,final,do,-19.55106544494629
227,final,do,-18.292295455932617
228,final,do,-18.226207733154297
229,final,do,-21.153642654418945
230,final,do,-17.620893478393555
231,final,do,-20.041486740112305
232,final,do,-14.966595649719238
233,final,do,-18.74997329711914
234,final,do,-18.226207733154297
235,final,do,-8.637643814086914
236,final,do,-17.28643226623535
237,final,do,-19.541250228881836
238,final,do,-17.43358612060547
239,final,do,-25.049510955810547
240,final,do,-13.886666297912598
241,final,do,-18.74997329711914
242,final,do,-18.13471794128418
243,final,do,-15.621084213256836
244,final,do,-17.43358612060547
245,final,do,-17.7114315032959
246,final,do,-7.099958419799805
247,final,do,-16.206619262695312
248,final,do,-21.32767105102539
249,final,do,-18.105390548706055
250,final,do,-11.576406478881836
251,final,do,-22.087871551513672
252,final,do,-18.218042373657227
253,final,do,-19.716259002685547
254,final,do,-18.600522994995117
255,final,do,-18.961528778076172
256,final,do,-18.34648323059082
257,final,do,-17.25130844116211
258,final,do,-18.600522994995117
259,final,do,-8.472620010375977
260,final,do,-22.087871551513672
261,final,do,-11.576406478881836
262,final,do,-8.116181373596191
263,final,do,-19.27751350402832
264,final,pp,-14.781648635864258
265,final,pp,-13.487813949584961
266,final,pp,-22.900592803955078
267,final,pp,-12.370526313781738
268,final,pp,-17.93307113647461
269,final,pp,-21.82120704650879
270,final,pp,-14.591985702514648
271,final,pp,-13.673754692077637
272,final,pp,-18.754844665527344
273,final,pp,-16.294292449951172
274,final,pp,-15.927215576171875
275,final,pp,-12.138818740844727
276,final,pp,-16.416696548461914
277,final,pp,-13.673754692077637
278,final,pp,-10.901866912841797
279,final,pp,-17.50514793395996
280,final,pp,-15.975111961364746
281,final,pp,-14.285392761230469
282,final,pp,-22.654773712158203
283,final,pp,-13.678377151489258
284,final,do,-17.59012222290039
285,final,do,-11.771018028259277
286,final,do,-17.421175003051758
287,final,do,-22.39805030822754
288,final,do,-19.726932525634766
289,final,do,-11.015409469604492
290,final,do,-18.83331871032715
291,final,do,-24.07320213317871
292,final,do,-19.726932525634766
293,final,do,-23.593408584594727
294,final,do,-17.24724006652832
295,final,do,-15.85311222076416
296,final,do,-15.33621883392334
297,final,do,-16.413049697875977
298,final,do,-13.785983085632324
299,final,do,-19.419397354125977
300,final,do,-23.845510482788086
301,final,do,-10.854063034057617
302,final,do,-18.1500244140625
303,final,do,-15.160655975341797
304,final,do,-10.37012767791748
305,final,do,-18.83331871032715
306,final,do,-22.27692222595215
307,final,do,-12.096271514892578
308,final,do,-22.39805030822754
309,final,do,-17.44240951538086
310,final,do,-6.782586097717285
311,final,do,-15.390266418457031
312,final,do,-22.39805030822754
313,final,do,-18.603984832763672
314,final,do,-17.250112533569336
315,final,do,-15.971596717834473
316,final,do,-18.415876388549805
317,final,do,-19.053478240966797
318,final,do,-6.782586097717285
319,final,do,-10.854063034057617
320,final,do,-13.434113502502441
321,final,do,-15.484254837036133
322,final,do,-17.42117691040039
323,final,do,-18.8293514251709
324,final,do,-14.532417297363281
325,final,do,-17.339611053466797
326,final,do,-13.7103271484375
327,final,pp,-15.583381652832031
328,final,pp,-11.525506973266602
329,final,pp,-16.054527282714844
330,final,pp,-23.373258590698242
331,final,pp,-19.05379867553711
332,final,pp,-13.558469772338867
333,final,pp,-20.04948616027832
334,final,pp,-21.901504516601562
335,final,pp,-19.05379867553711
336,final,pp,-24.577295303344727
337,final,pp,-19.330244064331055
338,final,pp,-15.925716400146484
339,final,pp,-17.180397033691406
340,final,pp,-16.23321533203125
341,final,pp,-14.860698699951172
342,final,pp,-19.882173538208008
343,final,pp,-24.856203079223633
344,final,pp,-11.059307098388672
345,final,pp,-18.347627639770508
346,final,pp,-14.372092247009277
347,final,do,-17.017507553100586
348,final,do,-6.852525234222412
349,final,do,-19.55979347229004
350,final,do,-17.649168014526367
351,final,do,-16.724201202392578
352,final,do,-16.400476455688477
353,final,do,-15.654314041137695
354,final,do,-18.792360305786133
355,final,do,-11.962220191955566
356,final,do,-15.62485122680664
357,final,do,-15.928037643432617
358,final,do,-20.35643196105957
359,final,do,-14.881274223327637
360,final,do,-15.64023494720459
361,final,do,-13.378349304199219
362,final,do,-15.755626678466797
363,final,do,-17.40780258178711
364,final,do,-11.18401050567627
365,final,do,-23.527097702026367
366,final,do,-7.104952812194824
367,final,do,-16.83738899230957
368,final,do,-14.766215324401855
369,final,do,-15.455941200256348
370,final,do,-11.969632148742676
371,final,do,-18.500106811523438
372,final,do,-18.897987365722656
373,final,do,-11.187372207641602
374,final,do,-17.900691986083984
375,final,do,-6.881237983703613
376,final,do,-16.82391929626465
377,final,do,-12.703924179077148
378,final,do,-18.227846145629883
379,final,do,-16.24924087524414
380,final,do,-21.507713317871094
381,final,do,-17.004179000854492
382,final,do,-16.46240234375
383,final,do,-13.2778902053833
384,final,do,-18.500106811523438
385,final,do,-13.42249584197998
386,final,do,-11.187374114990234
387,final,do,-15.776494026184082
388,final,do,-12.350975036621094
389,final,do,-16.959075927734375
390,final,pp,-13.45647144317627
391,final,pp,-6.142913818359375
392,final,pp,-16.002330780029297
393,final,pp,-13.823616027832031
394,final,pp,-18.040576934814453
395,final,pp,-14.046430587768555
396,final,pp,-15.338274955749512
397,final,pp,-14.606074333190918
398,final,pp,-10.896512031555176
399,final,pp,-13.915600776672363
400,final,pp,-14.405896186828613
401,final,pp,-17.708227157592773
402,final,pp,-13.383284568786621
403,final,pp,-16.134817123413086
404,final,pp,-14.784194946289062
405,final,pp,-19.395170211791992
406,final,pp,-15.4818696975708
407,final,pp,-13.478968620300293
408,final,pp,-24.61918067932129
409,final,pp,-7.260247707366943
410,final,do,-18.477066040039062
411,final,do,-21.67086410522461
412,final,do,-16.98418426513672
413,final,do,-13.31177043914795
414,final,do,-17.682825088500977
415,final,do,-14.803898811340332
416,final,do,-18.32221794128418
417,final,do,-12.760199546813965
418,final,do,-6.168790817260742
419,final,do,-13.997897148132324
420,final,do,-16.733070373535156
421,final,do,-15.461995124816895
422,final,do,-20.859041213989258
423,final,do,-16.826932907104492
424,final,do,-14.324943542480469
425,final,do,-10.788979530334473
426,final,do,-7.182178974151611
427,final,do,-15.102426528930664
428,final,do,-13.920509338378906
429,final,do,-11.258758544921875
430,final,do,-16.231311798095703
431,final,do,-17.0833740234375
432,final,do,-15.102426528930664
433,final,do,-15.379498481750488
434,final,do,-22.77952766418457
435,final,do,-15.467782020568848
436,final,do,-18.96665382385254
437,final,do,-17.552688598632812
438,final,do,-14.78080940246582
439,final,do,-15.895970344543457
440,final,do,-15.66257381439209
441,final,do,-18.063276290893555
442,final,do,-12.313654899597168
443,final,do,-14.878729820251465
444,final,do,-10.891328811645508
445,final,do,-14.793930053710938
446,final,do,-10.788979530334473
447,final,do,-20.388248443603516
448,final,do,-14.077207565307617
449,final,do,-12.887123107910156
450,final,do,-11.432900428771973
451,final,do,-19.897703170776367
452,final,do,-16.359149932861328
453,final,pp,-15.193007469177246
454,final,pp,-23.54929542541504
455,final,pp,-15.294363021850586
456,final,pp,-16.765914916992188
457,final,pp,-11.400896072387695
458,final,pp,-16.051000595092773
459,final,pp,-17.97139549255371
460,final,pp,-13.521526336669922
461,final,pp,-6.175013542175293
462,final,pp,-12.294634819030762
463,final,pp,-16.722671508789062
464,final,pp,-15.283541679382324
465,final,pp,-19.195178985595703
466,final,pp,-16.746267318725586
467,final,pp,-13.98837661743164
468,final,pp,-13.51603889465332
469,final,pp,-11.707018852233887
470,final,pp,-15.600150108337402
471,final,pp,-14.693543434143066
472,final,pp,-9.360883712768555
473,final,pp,-16.254730224609375
474,final,pp,-20.446025848388672
475,final,pp,-15.49457836151123
476,final,pp,-19.057273864746094
477,final,pp,-6.432314872741699
478,final,pp,-10.001465797424316
479,final,pp,-16.647417068481445
480,final,pp,-15.845911026000977
481,final,pp,-13.755696296691895
482,final,pp,-17.012418746948242
483,final,pp,-15.07544231414795
484,final,pp,-16.272865295410156
485,final,pp,-19.91278648376465
486,final,pp,-12.189152717590332
487,final,pp,-16.22970962524414
488,final,pp,-15.098051071166992
489,final,pp,-25.05217742919922
490,final,pp,-16.101058959960938
491,final,pp,-14.233241081237793
492,final,pp,-17.011045455932617
493,final,do,-13.387007713317871
494,final,do,-14.335838317871094
495,final,do,-12.932637214660645
496,final,do,-16.881258010864258
497,final,do,-16.011260986328125
498,final,do,-6.575551509857178
499,final,do,-10.38352108001709
500,final,do,-16.730419158935547
501,final,do,-17.20562744140625
502,final,do,-6.782146453857422
503,final,do,-12.638155937194824
504,final,do,-13.641633033752441
505,final,do,-15.310003280639648
506,final,do,-11.585309028625488
507,final,do,-12.660903930664062
508,final,do,-13.647872924804688
509,final,do,-13.749282836914062
510,final,do,-13.715611457824707
511,final,do,-26.46875
512,final,do,-11.150364875793457
513,final,do,-14.183722496032715
514,final,do,-14.159916877746582
515,final,do,-16.118749618530273
516,final,do,-13.90685749053955
517,final,do,-12.44994068145752
518,final,do,-11.610849380493164
519,final,do,-13.763381958007812
520,final,do,-17.696258544921875
521,final,do,-15.779830932617188
522,final,do,-19.4941349029541
523,final,do,-15.468788146972656
524,final,do,-20.47880744934082
525,final,do,-11.880690574645996
526,final,do,-14.16868782043457
527,final,do,-16.295082092285156
528,final,do,-13.96423625946045
529,final,do,-13.96423625946045
530,final,do,-15.330831527709961
531,final,do,-18.06338882446289
532,final,do,-14.379837036132812
533,final,do,-14.003397941589355
534,final,do,-9.76778793334961
535,final,do,-11.46130657196045
536,final,pp,-14.46549129486084
537,final,pp,-14.2349271774292
538,final,pp,-12.455833435058594
539,final,pp,-17.362411499023438
540,final,pp,-15.233965873718262
541,final,pp,-6.373147487640381
542,final,pp,-11.104998588562012
543,final,pp,-15.798361778259277
544,final,pp,-19.195096969604492
545,final,pp,-6.451670169830322
546,final,pp,-10.854901313781738
547,final,pp,-13.798762321472168
548,final,pp,-15.199219703674316
549,final,pp,-13.517911911010742
550,final,pp,-10.433281898498535
551,final,pp,-10.355944633483887
552,final,pp,-13.333022117614746
553,final,pp,-15.696880340576172
554,final,pp,-25.16745948791504
555,final,pp,-12.03000545501709
556,final,do,-15.14271068572998
557,final,do,-18.56515884399414
558,final,do,-13.390068054199219
559,final,do,-17.399627685546875
560,final,do,-15.900158882141113
561,final,do,-13.135518074035645
562,final,do,-13.992576599121094
563,final,do,-20.26616859436035
564,final,do,-18.56515884399414
565,final,do,-15.36320972442627
566,final,do,-6.544843673706055
567,final,do,-21.712045669555664
568,final,do,-15.143486022949219
569,final,do,-13.542881965637207
570,final,do,-6.955773830413818
571,final,do,-17.069028854370117
572,final,do,-19.176130294799805
573,final,do,-12.662725448608398
574,final,do,-12.662725448608398
575,final,do,-16.7926025390625
576,final,do,-17.059112548828125
577,final,do,-13.76489543914795
578,final,do,-19.176130294799805
579,final,do,-17.63103675842285
580,final,do,-25.418319702148438
581,final,do,-15.143486022949219
582,final,do,-14.974891662597656
583,final,do,-7.133662700653076
584,final,do,-9.940140724182129
585,final,do,-16.578750610351562
586,final,do,-22.063508987426758
587,final,do,-18.52039337158203
588,final,do,-7.133662700653076
589,final,do,-19.49761390686035
590,final,do,-12.841293334960938
591,final,do,-21.288095474243164
592,final,do,-14.986413955688477
593,final,do,-21.288095474243164
594,final,do,-17.78569221496582
595,final,do,-13.390068054199219
596,final,do,-14.910118103027344
597,final,do,-15.143486022949219
598,final,do,-15.36320972442627
599,final,pp,-15.451353073120117
600,final,pp,-17.12809181213379
601,final,pp,-14.377867698669434
602,final,pp,-15.110884666442871
603,final,pp,-15.095847129821777
604,final,pp,-14.482088088989258
605,final,pp,-15.714790344238281
606,final,pp,-19.483888626098633
607,final,pp,-17.12809181213379
608,final,pp,-16.222471237182617
609,final,pp,-10.932915687561035
610,final,pp,-23.214824676513672
611,final,pp,-16.929637908935547
612,final,pp,-14.40974235534668
613,final,pp,-6.8162641525268555
614,final,pp,-17.21732521057129
615,final,pp,-17.040109634399414
616,final,pp,-9.471795082092285
617,final,pp,-9.471795082092285
618,final,pp,-15.551949501037598
619,final,do,-13.666548728942871
620,final,do,-25.34662628173828
621,final,do,-15.650094032287598
622,final,do,-19.51949119567871
623,final,do,-21.066951751708984
624,final,do,-20.1218318939209
625,final,do,-14.91283130645752
626,final,do,-10.1590576171875
627,final,do,-16.717992782592773
628,final,do,-11.365873336791992
629,final,do,-17.2969970703125
630,final,do,-6.596736907958984
631,final,do,-7.3602294921875
632,final,do,-16.962451934814453
633,final,do,-6.944613933563232
634,final,do,-14.07383918762207
635,final,do,-16.7455997467041
636,final,do,-15.546164512634277
637,final,do,-7.3602294921875
638,final,do,-11.204366683959961
639,final,do,-21.275510787963867
640,final,do,-19.645414352416992
641,final,do,-23.16246795654297
642,final,do,-17.60523796081543
643,final,do,-15.220879554748535
644,final,do,-14.962560653686523
645,final,do,-20.04775047302246
646,final,do,-20.711889266967773
647,final,do,-14.56956672668457
648,final,do,-15.7730131149292
649,final,do,-15.735066413879395
650,final,do,-19.84403419494629
651,final,do,-17.363401412963867
652,final,do,-16.909229278564453
653,final,do,-12.205535888671875
654,final,do,-19.600547790527344
655,final,do,-14.96684741973877
656,final,do,-16.201242446899414
657,final,do,-15.97174072265625
658,final,do,-7.360230445861816
659,final,do,-18.350475311279297
660,final,do,-22.780841827392578
661,final,do,-12.658527374267578
662,final,pp,-14.67619514465332
663,final,pp,-23.617225646972656
664,final,pp,-16.898799896240234
665,final,pp,-20.602468490600586
666,final,pp,-15.486936569213867
667,final,pp,-12.61095905303955
668,final,pp,-16.59257698059082
669,final,pp,-10.803567886352539
670,final,pp,-13.575597763061523
671,final,pp,-12.666396141052246
672,final,pp,-16.485593795776367
673,final,pp,-5.917312145233154
674,final,pp,-7.08019495010376
675,final,pp,-13.094017028808594
676,final,pp,-6.356870651245117
677,final,pp,-12.562334060668945
678,final,pp,-15.273983001708984
679,final,pp,-18.187076568603516
680,final,pp,-7.08019495010376
681,final,pp,-13.834070205688477
682,final,do,-17.455913543701172
683,final,do,-12.891143798828125
684,final,do,-11.894275665283203
685,final,do,-6.927133560180664
686,final,do,-17.669363021850586
687,final,do,-7.34717321395874
688,final,do,-12.163915634155273
689,final,do,-14.614265441894531
690,final,do,-12.013007164001465
691,final,do,-10.5877046585083
692,final,do,-13.196380615234375
693,final,do,-15.71056079864502
694,final,do,-15.002313613891602
695,final,do,-12.856839179992676
696,final,do,-10.635190963745117
697,final,do,-20.302248001098633
698,final,do,-12.902796745300293
699,final,do,-9.310215950012207
700,final,do,-14.492925643920898
701,final,do,-19.197988510131836
702,final,do,-15.51108455657959
703,final,do,-5.810924530029297
704,final,do,-13.28449821472168
705,final,do,-19.146486282348633
706,final,do,-6.168249607086182
707,final,do,-19.667518615722656
708,final,do,-12.473067283630371
709,final,do,-21.450332641601562
710,final,do,-14.873461723327637
711,final,do,-12.3375883102417
712,final,do,-13.452624320983887
713,final,do,-16.07916831970215
714,final,do,-15.155430793762207
715,final,do,-12.864392280578613
716,final,do,-15.531951904296875
717,final,do,-15.2396821975708
718,final,do,-16.04691505432129
719,final,do,-16.07048797607422
720,final,do,-21.665632247924805
721,final,do,-17.065141677856445
722,final,do,-14.3435697555542
723,final,do,-18.925905227661133
724,final,do,-20.70076560974121
725,final,pp,-16.582321166992188
726,final,pp,-10.989872932434082
727,final,pp,-13.992047309875488
728,final,pp,-6.523508548736572
729,final,pp,-17.541501998901367
730,final,pp,-5.57671594619751
731,final,pp,-10.920292854309082
732,final,pp,-12.844635009765625
733,final,pp,-14.508045196533203
734,final,pp,-12.26461124420166
735,final,pp,-13.602992057800293
736,final,pp,-14.50013256072998
737,final,pp,-16.90325355529785
738,final,pp,-12.876176834106445
739,final,pp,-10.55528736114502
740,final,pp,-19.105310440063477
741,final,pp,-17.656097412109375
742,final,pp,-10.22630786895752
743,final,pp,-13.589417457580566
744,final,pp,-17.867891311645508
745,final,pp,-7.341855049133301
746,final,pp,-17.136667251586914
747,final,pp,-18.815847396850586
748,final,pp,-13.513936996459961
749,final,pp,-18.736652374267578
750,final,pp,-22.115018844604492
751,final,pp,-16.527816772460938
752,final,pp,-19.28850555419922
753,final,pp,-18.982345581054688
754,final,pp,-16.663188934326172
755,final,pp,-15.890165328979492
756,final,pp,-15.990541458129883
757,final,pp,-16.91967010498047
758,final,pp,-15.198267936706543
759,final,pp,-19.425010681152344
760,final,pp,-13.65219497680664
761,final,pp,-19.802078247070312
762,final,pp,-16.89248275756836
763,final,pp,-16.235349655151367
764,final,pp,-14.799850463867188
765,final,pp,-21.331762313842773
766,final,pp,-15.742527961730957
767,final,pp,-14.776535034179688
768,final,pp,-20.191143035888672
769,final,pp,-11.919485092163086
770,final,pp,-11.256720542907715
771,final,pp,-13.204719543457031
772,final,pp,-21.10299301147461
773,final,pp,-13.778023719787598
774,final,pp,-18.396495819091797
775,final,pp,-15.727044105529785
776,final,pp,-11.407578468322754
777,final,pp,-17.268327713012695
778,final,pp,-14.861958503723145
779,final,pp,-14.18616008758545
780,final,pp,-9.664633750915527
781,final,pp,-16.01437759399414
782,final,pp,-17.88979721069336
783,final,pp,-15.736032485961914
784,final,pp,-14.081725120544434
785,final,do,-21.61541175842285
786,final,do,-10.541666030883789
787,final,do,-15.223812103271484
788,final,do,-11.225493431091309
789,final,do,-15.017874717712402
790,final,do,-13.69041633605957
791,final,do,-14.2393798828125
792,final,do,-15.597721099853516
793,final,do,-13.74376106262207
794,final,do,-15.558937072753906
795,final,do,-16.773794174194336
796,final,do,-16.648283004760742
797,final,do,-10.487024307250977
798,final,do,-18.075515747070312
799,final,do,-11.508050918579102
800,final,do,-7.7792463302612305
801,final,do,-17.916221618652344
802,final,do,-15.460599899291992
803,final,do,-17.890363693237305
804,final,do,-16.476238250732422
805,final,do,-15.8583345413208
806,final,do,-11.246333122253418
807,final,do,-15.205174446105957
808,final,do,-18.469148635864258
809,final,do,-18.146259307861328
810,final,do,-8.262222290039062
811,final,do,-13.96365737915039
812,final,do,-15.611051559448242
813,final,do,-16.572961807250977
814,final,do,-15.300837516784668
815,final,do,-13.296494483947754
816,final,do,-14.098637580871582
817,final,do,-10.66026782989502
818,final,do,-7.609838008880615
819,final,do,-15.954224586486816
820,final,do,-7.7792463302612305
821,final,do,-16.805858612060547
822,final,do,-13.998770713806152
823,final,do,-17.377368927001953
824,final,do,-21.347442626953125
825,final,do,-15.474051475524902
826,final,do,-14.002657890319824
827,final,do,-20.714303970336914
828,final,pp,-23.475067138671875
829,final,pp,-13.224695205688477
830,final,pp,-15.030685424804688
831,final,pp,-12.020002365112305
832,final,pp,-17.08722496032715
833,final,pp,-15.972394943237305
834,final,pp,-16.685014724731445
835,final,pp,-18.066001892089844
836,final,pp,-14.012874603271484
837,final,pp,-16.17498016357422
838,final,pp,-19.84058952331543
839,final,pp,-20.132368087768555
840,final,pp,-10.402233123779297
841,final,pp,-13.84478759765625
842,final,pp,-14.467206954956055
843,final,pp,-6.723818302154541
844,final,pp,-16.411766052246094
845,final,pp,-14.533830642700195
846,final,pp,-15.184148788452148
847,final,pp,-11.958139419555664
848,final,do,-12.596641540527344
849,final,do,-15.891162872314453
850,final,do,-16.961307525634766
851,final,do,-19.3433780670166
852,final,do,-22.500131607055664
853,final,do,-21.256155014038086
854,final,do,-12.946049690246582
855,final,do,-14.448662757873535
856,final,do,-13.477638244628906
857,final,do,-10.971588134765625
858,final,do,-12.822432518005371
859,final,do,-13.81405258178711
860,final,do,-21.96320915222168
861,final,do,-6.5741119384765625
862,final,do,-16.949565887451172
863,final,do,-16.21805191040039
864,final,do,-11.262992858886719
865,final,do,-15.834248542785645
866,final,do,-16.911575317382812
867,final,do,-22.82733917236328
868,final,do,-15.569610595703125
869,final,do,-14.365828514099121
870,final,do,-17.461666107177734
871,final,do,-16.562358856201172
872,final,do,-21.178789138793945
873,final,do,-15.563136100769043
874,final,do,-13.477638244628906
875,final,do,-12.155680656433105
876,final,do,-18.475814819335938
877,final,do,-17.73487663269043
878,final,do,-17.024620056152344
879,final,do,-12.39510726928711
880,final,do,-17.329055786132812
881,final,do,-14.735536575317383
882,final,do,-13.912212371826172
883,final,do,-15.564376831054688
884,final,do,-12.596643447875977
885,final,do,-14.332511901855469
886,final,do,-14.20939826965332
887,final,do,-13.859644889831543
888,final,do,-18.71539878845215
889,final,do,-15.690220832824707
890,final,do,-16.54654884338379
891,final,pp,-14.528450965881348
892,final,pp,-18.471630096435547
893,final,pp,-18.279239654541016
894,final,pp,-16.668725967407227
895,final,pp,-27.01344871520996
896,final,pp,-23.330474853515625
897,final,pp,-16.012788772583008
898,final,pp,-16.785614013671875
899,final,pp,-15.88553524017334
900,final,pp,-13.949371337890625
901,final,pp,-12.112725257873535
902,final,pp,-16.36512565612793
903,final,pp,-24.8035945892334
904,final,pp,-6.230882167816162
905,final,pp,-19.36945152282715
906,final,pp,-20.22353744506836
907,final,pp,-14.145824432373047
908,final,pp,-16.466747283935547
909,final,pp,-21.81489372253418
910,final,pp,-25.937114715576172
911,final,do,-17.54574203491211
912,final,do,-18.769166946411133
913,final,do,-13.727165222167969
914,final,do,-19.01521110534668
915,final,do,-15.813374519348145
916,final,do,-13.357223510742188
917,final,do,-18.197145462036133
918,final,do,-14.932703971862793
919,final,do,-16.1650333404541
920,final,do,-17.305143356323242
921,final,do,-16.221532821655273
922,final,do,-7.828670024871826
923,final,do,-18.692331314086914
924,final,do,-14.61543083190918
925,final,do,-13.915288925170898
926,final,do,-10.077799797058105
927,final,do,-15.796506881713867
928,final,do,-15.074779510498047
929,final,do,-14.121366500854492
930,final,do,-6.661465167999268
931,final,do,-13.094979286193848
932,final,do,-14.328018188476562
933,final,do,-14.739710807800293
934,final,do,-12.975479125976562
935,final,do,-15.438528060913086
936,final,do,-17.14132308959961
937,final,do,-10.799535751342773
938,final,do,-7.421240329742432
939,final,do,-15.878063201904297
940,final,do,-18.834184646606445
941,final,do,-18.230939865112305
942,final,do,-16.466224670410156
943,final,do,-18.00025177001953
944,final,do,-17.57809066772461
945,final,do,-13.331738471984863
946,final,do,-13.156978607177734
947,final,do,-12.193424224853516
948,final,do,-12.694196701049805
949,final,do,-17.30514144897461
950,final,do,-11.548677444458008
951,final,do,-18.375263214111328
952,final,do,-14.049307823181152
953,final,do,-15.184207916259766
954,final,pp,-17.707578659057617
955,final,pp,-21.832195281982422
956,final,pp,-16.199934005737305
957,final,pp,-21.36441993713379
958,final,pp,-15.029067993164062
959,final,pp,-21.492582321166992
960,final,pp,-21.248252868652344
961,final,pp,-17.542444229125977
962,final,pp,-18.601938247680664
963,final,pp,-19.71334457397461
964,final,pp,-19.625045776367188
965,final,pp,-7.798614501953125
966,final,pp,-18.380399703979492
967,final,pp,-16.550355911254883
968,final,pp,-15.618729591369629
969,final,pp,-11.699644088745117
970,final,pp,-17.129093170166016
971,final,pp,-20.65694236755371
972,final,pp,-18.1285457611084
973,final,pp,-7.1298909187316895
974,final,do,-7.413493633270264
975,final,do,-7.578505992889404
976,final,do,-15.785232543945312
977,final,do,-14.650485038757324
978,final,do,-13.056333541870117
979,final,do,-15.21805191040039
980,final,do,-19.869054794311523
981,final,do,-8.290301322937012
982,final,do,-12.818991661071777
983,final,do,-6.4131879806518555
984,final,do,-13.685389518737793
985,final,do,-16.557645797729492
986,final,do,-15.357734680175781
987,final,do,-13.656770706176758
988,final,do,-13.325040817260742
989,final,do,-15.732152938842773
990,final,do,-14.518811225891113
991,final,do,-14.447232246398926
992,final,do,-9.781513214111328
993,final,do,-11.822223663330078
994,final,do,-10.779032707214355
995,final,do,-14.098936080932617
996,final,do,-14.429792404174805
997,final,do,-18.646333694458008
998,final,do,-14.908682823181152
999,final,do,-13.3860445022583
1000,final,do,-10.839771270751953
1001,final,do,-14.654678344726562
1002,final,do,-14.301888465881348
1003,final,do,-11.822223663330078
1004,final,do,-15.493160247802734
1005,final,do,-14.935070991516113
1006,final,do,-20.993656158447266
1007,final,do,-12.834518432617188
1008,final,do,-15.39875316619873
1009,final,do,-15.883936882019043
1010,final,do,-17.104339599609375
1011,final,do,-14.831124305725098
1012,final,do,-15.120298385620117
1013,final,do,-13.745240211486816
1014,final,do,-15.120298385620117
1015,final,do,-16.05291748046875
1016,final,do,-4.630475044250488
1017,final,pp,-12.836499214172363
1018,final,pp,-13.86250114440918
1019,final,pp,-16.750629425048828
1020,final,pp,-15.682548522949219
1021,final,pp,-14.41217041015625
1022,final,pp,-16.077632904052734
1023,final,pp,-20.82796287536621
1024,final,pp,-13.947202682495117
1025,final,pp,-12.366419792175293
1026,final,pp,-15.242589950561523
1027,final,pp,-16.698749542236328
1028,final,pp,-20.268712997436523
1029,final,pp,-15.930059432983398
1030,final,pp,-14.323416709899902
1031,final,pp,-13.34592342376709
1032,final,pp,-15.444229125976562
1033,final,pp,-19.441909790039062
1034,final,pp,-15.833456993103027
1035,final,pp,-14.683639526367188
1036,final,pp,-15.33251667022705
1037,final,pp,-15.407309532165527
1038,final,pp,-11.995192527770996
1039,final,pp,-19.857141494750977
1040,final,pp,-18.605152130126953
1041,final,pp,-17.997356414794922
1042,final,pp,-24.5065860748291
1043,final,pp,-19.004459381103516
1044,final,pp,-15.862665176391602
1045,final,pp,-18.148914337158203
1046,final,pp,-18.339815139770508
1047,final,pp,-17.67052459716797
1048,final,pp,-18.88936424255371
1049,final,pp,-15.812565803527832
1050,final,pp,-15.835598945617676
1051,final,pp,-17.38091278076172
1052,final,pp,-22.063949584960938
1053,final,pp,-20.70528221130371
1054,final,pp,-18.27027702331543
1055,final,pp,-7.107228755950928
1056,final,pp,-16.865629196166992
1057,final,pp,-16.727190017700195
1058,final,pp,-17.02105140686035
1059,final,pp,-17.5965633392334
1060,final,pp,-19.99010467529297
1061,final,pp,-20.406457901000977
1062,final,pp,-16.71265983581543
1063,final,pp,-20.259965896606445
1064,final,pp,-18.56429672241211
1065,final,pp,-16.788402557373047
1066,final,pp,-18.148012161254883
1067,final,pp,-14.452619552612305
1068,final,pp,-15.760028839111328
1069,final,pp,-7.156129837036133
1070,final,pp,-18.733692169189453
1071,final,pp,-13.569764137268066
1072,final,pp,-26.26781463623047
1073,final,pp,-14.886703491210938
1074,final,pp,-20.159765243530273
1075,final,pp,-22.516353607177734
1076,final,pp,-17.313230514526367
1077,final,do,-15.053329467773438
1078,final,do,-17.828224182128906
1079,final,do,-15.509025573730469
1080,final,do,-18.06243324279785
1081,final,do,-17.2142391204834
1082,final,do,-17.68780517578125
1083,final,do,-15.960644721984863
1084,final,do,-18.112319946289062
1085,final,do,-21.779296875
1086,final,do,-16.191925048828125
1087,final,do,-20.23090934753418
1088,final,do,-21.25581169128418
1089,final,do,-12.867595672607422
1090,final,do,-18.0327091217041
1091,final,do,-16.325923919677734
1092,final,do,-22.607938766479492
1093,final,do,-16.724367141723633
1094,final,do,-20.68130111694336
1095,final,do,-7.336785793304443
1096,final,do,-17.995670318603516
1097,final,do,-18.729446411132812
1098,final,do,-15.545310020446777
1099,final,do,-16.508726119995117
1100,final,do,-15.003918647766113
1101,final,do,-17.046205520629883
1102,final,do,-16.690603256225586
1103,final,do,-17.691701889038086
1104,final,do,-16.13467025756836
1105,final,do,-15.927054405212402
1106,final,do,-20.840208053588867
1107,final,do,-15.545310020446777
1108,final,do,-17.331085205078125
1109,final,do,-6.471663475036621
1110,final,do,-14.742188453674316
1111,final,do,-15.326157569885254
1112,final,do,-13.275175094604492
1113,final,do,-16.916519165039062
1114,final,do,-17.915321350097656
1115,final,do,-17.910520553588867
1116,final,do,-16.198410034179688
1117,final,do,-15.680876731872559
1118,final,do,-14.661349296569824
1119,final,do,-8.872846603393555
1120,final,pp,-13.930938720703125
1121,final,pp,-15.163601875305176
1122,final,pp,-15.054237365722656
1123,final,pp,-16.419450759887695
1124,final,pp,-16.543323516845703
1125,final,pp,-16.53801155090332
1126,final,pp,-15.197206497192383
1127,final,pp,-15.670867919921875
1128,final,pp,-21.707368850708008
1129,final,pp,-15.322961807250977
1130,final,pp,-21.481491088867188
1131,final,pp,-22.66682243347168
1132,final,pp,-8.26360034942627
1133,final,pp,-15.635879516601562
1134,final,pp,-12.920003890991211
1135,final,pp,-23.556673049926758
1136,final,pp,-13.60294246673584
1137,final,pp,-20.76580810546875
1138,final,pp,-7.020639896392822
1139,final,pp,-17.147409439086914
1140,final,do,-16.30265235900879
1141,final,do,-20.123414993286133
1142,final,do,-6.633114337921143
1143,final,do,-19.770509719848633
1144,final,do,-14.781291007995605
1145,final,do,-23.381628036499023
1146,final,do,-16.30265235900879
1147,final,do,-14.294398307800293
1148,final,do,-15.270523071289062
1149,final,do,-14.378110885620117
1150,final,do,-10.401457786560059
1151,final,do,-17.3112735748291
1152,final,do,-19.290218353271484
1153,final,do,-17.143110275268555
1154,final,do,-24.501806259155273
1155,final,do,-11.16736888885498
1156,final,do,-15.359686851501465
1157,final,do,-7.3077239990234375
1158,final,do,-17.668474197387695
1159,final,do,-19.568824768066406
1160,final,do,-17.145221710205078
1161,final,do,-10.974532127380371
1162,final,do,-12.878571510314941
1163,final,do,-13.35717487335205
1164,final,do,-20.123414993286133
1165,final,do,-18.33016014099121
1166,final,do,-23.936325073242188
1167,final,do,-14.788399696350098
1168,final,do,-16.133459091186523
1169,final,do,-13.980612754821777
1170,final,do,-16.18058967590332
1171,final,do,-16.936113357543945
1172,final,do,-15.359686851501465
1173,final,do,-16.05839729309082
1174,final,do,-19.612152099609375
1175,final,do,-19.612152099609375
1176,final,do,-20.473587036132812
1177,final,do,-18.627227783203125
1178,final,do,-18.686471939086914
1179,final,do,-11.16736888885498
1180,final,do,-12.878571510314941
1181,final,do,-17.77943992614746
1182,final,do,-14.788399696350098
1183,final,pp,-17.521869659423828
1184,final,pp,-22.957307815551758
1185,final,pp,-6.633236885070801
1186,final,pp,-17.30333137512207
1187,final,pp,-18.11508560180664
1188,final,pp,-24.21108055114746
1189,final,pp,-17.52187156677246
1190,final,pp,-13.385333061218262
1191,final,pp,-14.760992050170898
1192,final,pp,-16.298927307128906
1193,final,pp,-13.68371868133545
1194,final,pp,-17.945636749267578
1195,final,pp,-17.88129234313965
1196,final,pp,-17.077739715576172
1197,final,pp,-23.100576400756836
1198,final,pp,-13.848158836364746
1199,final,pp,-17.30109405517578
1200,final,pp,-7.210204124450684
1201,final,pp,-18.0759334564209
1202,final,pp,-16.597074508666992
1203,final,do,-14.458124160766602
1204,final,do,-16.324371337890625
1205,final,do,-17.273540496826172
1206,final,do,-16.59835433959961
1207,final,do,-17.933185577392578
1208,final,do,-16.721202850341797
1209,final,do,-17.229938507080078
1210,final,do,-15.70163631439209
1211,final,do,-12.491036415100098
1212,final,do,-14.788104057312012
1213,final,do,-15.20393180847168
1214,final,do,-8.610344886779785
1215,final,do,-10.735079765319824
1216,final,do,-16.25899887084961
1217,final,do,-15.125317573547363
1218,final,do,-14.620558738708496
1219,final,do,-15.625469207763672
1220,final,do,-17.971431732177734
1221,final,do,-6.7620697021484375
1222,final,do,-6.90343713760376
1223,final,do,-13.040478706359863
1224,final,do,-16.910442352294922
1225,final,do,-15.627591133117676
1226,final,do,-18.034072875976562
1227,final,do,-15.4485445022583
1228,final,do,-16.679277420043945
1229,final,do,-14.845696449279785
1230,final,do,-17.620845794677734
1231,final,do,-18.608238220214844
1232,final,do,-12.093768119812012
1233,final,do,-19.87774085998535
1234,final,do,-21.46052360534668
1235,final,do,-16.503042221069336
1236,final,do,-13.961248397827148
1237,final,do,-17.66352081298828
1238,final,do,-22.181438446044922
1239,final,do,-11.005885124206543
1240,final,do,-18.969581604003906
1241,final,do,-21.31443977355957
1242,final,do,-6.254660606384277
1243,final,do,-12.598487854003906
1244,final,do,-10.304818153381348
1245,final,do,-9.671344757080078
1246,final,pp,-15.66557502746582
1247,final,pp,-13.592266082763672
1248,final,pp,-16.848289489746094
1249,final,pp,-15.28822135925293
1250,final,pp,-15.83735179901123
1251,final,pp,-18.066835403442383
1252,final,pp,-16.44707679748535
1253,final,pp,-17.150341033935547
1254,final,pp,-11.404825210571289
1255,final,pp,-17.710874557495117
1256,final,pp,-13.621739387512207
1257,final,pp,-9.804876327514648
1258,final,pp,-9.921396255493164
1259,final,pp,-15.931586265563965
1260,final,pp,-13.945035934448242
1261,final,pp,-14.24441146850586
1262,final,pp,-16.85091781616211
1263,final,pp,-18.648033142089844
1264,final,pp,-6.386101245880127
1265,final,pp,-7.369235038757324
1266,final,do,-17.299638748168945
1267,final,do,-24.29753303527832
1268,final,do,-13.945357322692871
1269,final,do,-9.5369291305542
1270,final,do,-12.956159591674805
1271,final,do,-15.165366172790527
1272,final,do,-16.85017204284668
1273,final,do,-16.083602905273438
1274,final,do,-13.676498413085938
1275,final,do,-12.655985832214355
1276,final,do,-17.806716918945312
1277,final,do,-13.213258743286133
1278,final,do,-17.413732528686523
1279,final,do,-11.737808227539062
1280,final,do,-14.42038631439209
1281,final,do,-17.229169845581055
1282,final,do,-18.717609405517578
1283,final,do,-14.970311164855957
1284,final,do,-13.135958671569824
1285,final,do,-16.552114486694336
1286,final,do,-14.348552703857422
1287,final,do,-17.739789962768555
1288,final,do,-15.835856437683105
1289,final,do,-16.95094871520996
1290,final,do,-9.472256660461426
1291,final,do,-22.276906967163086
1292,final,do,-15.231112480163574
1293,final,do,-16.14406967163086
1294,final,do,-17.514314651489258
1295,final,do,-15.393131256103516
1296,final,do,-16.685739517211914
1297,final,do,-15.205199241638184
1298,final,do,-16.18505096435547
1299,final,do,-6.643178939819336
1300,final,do,-16.348215103149414
1301,final,do,-16.643299102783203
1302,final,do,-14.543041229248047
1303,final,do,-14.411046028137207
1304,final,do,-16.90254020690918
1305,final,do,-9.341307640075684
1306,final,do,-15.410056114196777
1307,final,do,-12.204168319702148
1308,final,do,-19.105016708374023
1309,final,pp,-18.45815086364746
1310,final,pp,-24.499530792236328
1311,final,pp,-15.251505851745605
1312,final,pp,-11.199737548828125
1313,final,pp,-14.834047317504883
1314,final,pp,-14.050813674926758
1315,final,pp,-17.206838607788086
1316,final,pp,-14.854707717895508
1317,final,pp,-13.992361068725586
1318,final,pp,-15.746010780334473
1319,final,pp,-21.091510772705078
1320,final,pp,-15.176349639892578
1321,final,pp,-19.728681564331055
1322,final,pp,-8.9293794631958
1323,final,pp,-12.873519897460938
1324,final,pp,-16.796327590942383
1325,final,pp,-20.728822708129883
1326,final,pp,-13.501540184020996
1327,final,pp,-11.797174453735352
1328,final,pp,-16.42804527282715
1329,final,pp,-13.381811141967773
1330,final,pp,-15.362540245056152
1331,final,pp,-23.08016586303711
1332,final,pp,-17.893287658691406
1333,final,pp,-19.73337173461914
1334,final,pp,-18.280277252197266
1335,final,pp,-17.60982322692871
1336,final,pp,-16.128032684326172
1337,final,pp,-15.808450698852539
1338,final,pp,-21.557331085205078
1339,final,pp,-15.486865043640137
1340,final,pp,-17.77323341369629
1341,final,pp,-16.013397216796875
1342,final,pp,-18.58313751220703
1343,final,pp,-17.925357818603516
1344,final,pp,-9.675140380859375
1345,final,pp,-22.793031692504883
1346,final,pp,-15.959197998046875
1347,final,pp,-13.836968421936035
1348,final,pp,-6.981036186218262
1349,final,pp,-16.601104736328125
1350,final,pp,-17.23503303527832
1351,final,pp,-14.582682609558105
1352,final,pp,-13.915635108947754
1353,final,pp,-17.205896377563477
1354,final,pp,-13.805334091186523
1355,final,pp,-10.99939250946045
1356,final,pp,-6.709435939788818
1357,final,pp,-14.949188232421875
1358,final,pp,-23.190576553344727
1359,final,pp,-17.329370498657227
1360,final,pp,-8.954678535461426
1361,final,pp,-17.250774383544922
1362,final,pp,-19.254690170288086
1363,final,pp,-23.3580322265625
1364,final,pp,-19.030508041381836
1365,final,pp,-16.016876220703125
1366,final,pp,-16.861013412475586
1367,final,pp,-16.215627670288086
1368,final,pp,-17.655107498168945
1,best,pp,-13.433011054992676
2,best,pp,-13.866389274597168
3,best,pp,-12.950194358825684
4,best,pp,-14.422271728515625
5,best,pp,-12.150615692138672
6,best,pp,-13.690999031066895
7,best,pp,-15.441147804260254
8,best,pp,-13.703941345214844
9,best,pp,-11.928794860839844
10,best,pp,-11.146617889404297
11,best,pp,-14.14627742767334
12,best,pp,-5.371446132659912
13,best,pp,-12.826221466064453
14,best,pp,-5.533445358276367
15,best,pp,-18.16899871826172
16,best,pp,-13.703941345214844
17,best,pp,-12.955822944641113
18,best,pp,-11.942620277404785
19,best,pp,-5.537862777709961
20,best,pp,-12.779731750488281
21,best,pp,-12.42034912109375
22,best,pp,-13.952271461486816
23,best,pp,-12.352099418640137
24,best,pp,-13.273432731628418
25,best,pp,-13.230542182922363
26,best,pp,-8.257575988769531
27,best,pp,-17.96751594543457
28,best,pp,-16.31512451171875
29,best,pp,-9.925951957702637
30,best,pp,-12.509220123291016
31,best,pp,-13.155120849609375
32,best,pp,-13.273432731628418
33,best,pp,-8.562932014465332
34,best,pp,-11.983052253723145
35,best,pp,-5.88850736618042
36,best,pp,-6.321779727935791
37,best,pp,-9.92595386505127
38,best,pp,-12.144986152648926
39,best,pp,-6.600518703460693
40,best,pp,-11.746010780334473
41,best,pp,-10.751805305480957
42,best,pp,-15.073091506958008
43,best,pp,-13.174549102783203
44,best,pp,-12.639558792114258
45,best,pp,-8.299760818481445
46,best,pp,-12.510808944702148
47,best,pp,-10.882460594177246
48,best,pp,-12.814868927001953
49,best,pp,-13.463874816894531
50,best,pp,-10.568414688110352
51,best,pp,-14.674812316894531
52,best,pp,-6.096334934234619
53,best,pp,-14.063101768493652
54,best,pp,-12.248948097229004
55,best,pp,-15.124862670898438
56,best,pp,-7.491673946380615
57,best,pp,-6.136451244354248
58,best,pp,-18.301570892333984
59,best,pp,-14.967016220092773
60,best,pp,-11.763144493103027
61,best,pp,-12.384177207946777
62,best,pp,-12.283981323242188
63,best,pp,-5.688747406005859
64,best,pp,-11.861067771911621
65,best,pp,-12.569884300231934
66,best,pp,-11.412779808044434
67,best,pp,-5.753456115722656
68,best,pp,-9.450674057006836
69,best,pp,-8.65461540222168
70,best,pp,-8.05751895904541
71,best,pp,-5.497343063354492
72,best,pp,-15.876173973083496
73,best,pp,-12.253003120422363
74,best,pp,-9.160441398620605
75,best,pp,-16.793657302856445
76,best,pp,-15.225234985351562
77,best,pp,-14.028936386108398
78,best,pp,-12.3809175491333
79,best,pp,-14.030601501464844
80,best,pp,-11.08910083770752
81,best,pp,-11.811260223388672
82,best,pp,-12.767916679382324
83,best,pp,-9.976794242858887
84,best,pp,-10.286148071289062
85,best,pp,-12.767916679382324
86,best,pp,-10.251752853393555
87,best,pp,-7.454948425292969
88,best,pp,-9.810888290405273
89,best,pp,-10.43252182006836
90,best,pp,-10.264127731323242
91,best,pp,-15.212307929992676
92,best,pp,-12.700201034545898
93,best,pp,-10.935653686523438
94,best,pp,-14.869149208068848
95,best,pp,-11.58860969543457
96,best,pp,-7.1302170753479
97,best,pp,-11.82469367980957
98,best,pp,-12.973185539245605
99,best,pp,-13.730719566345215
100,best,pp,-6.437305450439453
101,best,pp,-13.755818367004395
102,best,pp,-12.371790885925293
103,best,pp,-12.623780250549316
104,best,pp,-16.237686157226562
105,best,pp,-5.399031162261963
106,best,pp,-11.710531234741211
107,best,pp,-15.5891695022583
108,best,pp,-8.505043983459473
109,best,pp,-15.669418334960938
110,best,pp,-11.666779518127441
111,best,pp,-10.756850242614746
112,best,pp,-13.651989936828613
113,best,pp,-15.940669059753418
114,best,pp,-13.29281234741211
115,best,pp,-13.176915168762207
116,best,pp,-10.209332466125488
117,best,pp,-12.61087703704834
118,best,pp,-12.034679412841797
119,best,pp,-11.920236587524414
120,best,pp,-12.537473678588867
121,best,pp,-12.038363456726074
122,best,pp,-12.797892570495605
123,best,pp,-13.306544303894043
124,best,pp,-9.348628044128418
125,best,pp,-10.492484092712402
126,best,pp,-4.923928737640381
127,best,pp,-17.31768226623535
128,best,pp,-10.848328590393066
129,best,pp,-15.975964546203613
130,best,pp,-17.023712158203125
131,best,pp,-15.975964546203613
132,best,pp,-12.797892570495605
133,best,pp,-12.661530494689941
134,best,pp,-12.0659818649292
135,best,pp,-12.797892570495605
136,best,pp,-4.923929691314697
137,best,pp,-12.311470031738281
138,best,pp,-4.798194885253906
139,best,pp,-4.716403484344482
140,best,pp,-12.701286315917969
141,best,pp,-7.515789985656738
142,best,pp,-12.513994216918945
143,best,pp,-9.212364196777344
144,best,pp,-13.364431381225586
145,best,pp,-8.083036422729492
146,best,pp,-11.318366050720215
147,best,pp,-10.782942771911621
148,best,pp,-9.307401657104492
149,best,pp,-11.84765911102295
150,best,pp,-5.17859411239624
151,best,pp,-9.628368377685547
152,best,pp,-13.403560638427734
153,best,pp,-10.116861343383789
154,best,pp,-13.042372703552246
155,best,pp,-10.412034034729004
156,best,pp,-11.517918586730957
157,best,pp,-13.822504043579102
158,best,pp,-12.993581771850586
159,best,pp,-4.854867935180664
160,best,pp,-11.166452407836914
161,best,pp,-11.810362815856934
162,best,pp,-9.745368003845215
163,best,pp,-11.001029968261719
164,best,pp,-8.39235782623291
165,best,pp,-15.03635025024414
166,best,pp,-4.4837446212768555
167,best,pp,-13.074702262878418
168,best,pp,-10.98713207244873
169,best,pp,-10.094008445739746
170,best,pp,-14.428994178771973
171,best,pp,-11.001029968261719
172,best,pp,-11.645950317382812
173,best,pp,-5.538207054138184
174,best,pp,-10.812809944152832
175,best,pp,-12.578970909118652
176,best,pp,-15.03635025024414
177,best,pp,-5.042252063751221
178,best,pp,-11.4717435836792
179,best,pp,-16.431720733642578
180,best,pp,-7.756063461303711
181,best,pp,-10.117905616760254
182,best,pp,-10.661779403686523
183,best,pp,-11.501667976379395
184,best,pp,-14.252399444580078
185,best,pp,-10.119302749633789
186,best,pp,-12.60255241394043
187,best,pp,-5.359462738037109
188,best,pp,-9.50478458404541
189,best,pp,-10.008342742919922
190,best,pp,-10.009841918945312
191,best,pp,-8.944628715515137
192,best,pp,-6.872426509857178
193,best,pp,-7.6941633224487305
194,best,pp,-9.602862358093262
195,best,pp,-9.733565330505371
196,best,pp,-13.831194877624512
197,best,pp,-11.313112258911133
198,best,pp,-4.864246845245361
199,best,pp,-10.872528076171875
200,best,pp,-11.365001678466797
201,best,pp,-11.882631301879883
202,best,pp,-10.227724075317383
203,best,pp,-12.228347778320312
204,best,pp,-12.511456489562988
205,best,pp,-10.360282897949219
206,best,pp,-10.03385066986084
207,best,pp,-14.716024398803711
208,best,pp,-5.524153709411621
209,best,pp,-11.508245468139648
210,best,pp,-10.001542091369629
211,best,pp,-11.917624473571777
212,best,pp,-12.545123100280762
213,best,pp,-8.112505912780762
214,best,pp,-8.279107093811035
215,best,pp,-13.777444839477539
216,best,pp,-15.291045188903809
217,best,pp,-4.831127166748047
218,best,pp,-10.667759895324707
219,best,pp,-11.301483154296875
220,best,pp,-7.802161693572998
221,best,do,-14.457010269165039
222,best,do,-9.412354469299316
223,best,do,-14.818713188171387
224,best,do,-10.163516998291016
225,best,do,-12.39063835144043
226,best,do,-12.424612045288086
227,best,do,-10.383126258850098
228,best,do,-10.095219612121582
229,best,do,-12.08147144317627
230,best,do,-11.466392517089844
231,best,do,-13.382673263549805
232,best,do,-7.78831148147583
233,best,do,-13.539677619934082
234,best,do,-10.095219612121582
235,best,do,-6.375394821166992
236,best,do,-12.434858322143555
237,best,do,-11.581525802612305
238,best,do,-9.329127311706543
239,best,do,-18.60004234313965
240,best,do,-11.020567893981934
241,best,do,-13.539677619934082
242,best,do,-10.071905136108398
243,best,do,-7.983029365539551
244,best,do,-9.329127311706543
245,best,do,-10.604820251464844
246,best,do,-6.928925037384033
247,best,do,-8.925226211547852
248,best,do,-13.341252326965332
249,best,do,-9.9203519821167
250,best,do,-11.496109962463379
251,best,do,-13.443968772888184
252,best,do,-11.982402801513672
253,best,do,-10.058568000793457
254,best,do,-12.905332565307617
255,best,do,-11.766301155090332
256,best,do,-12.115809440612793
257,best,do,-11.842385292053223
258,best,do,-12.905332565307617
259,best,do,-5.453148365020752
260,best,do,-13.443968772888184
261,best,do,-11.496109962463379
262,best,do,-5.406678676605225
263,best,do,-13.216498374938965
264,best,pp,-11.781874656677246
265,best,pp,-8.652094841003418
266,best,pp,-16.742944717407227
267,best,pp,-11.584625244140625
268,best,pp,-11.850850105285645
269,best,pp,-13.636035919189453
270,best,pp,-10.133281707763672
271,best,pp,-7.28695821762085
272,best,pp,-10.467798233032227
273,best,pp,-11.723779678344727
274,best,pp,-11.299176216125488
275,best,pp,-7.847689151763916
276,best,pp,-13.232132911682129
277,best,pp,-7.28695821762085
278,best,pp,-9.048738479614258
279,best,pp,-13.341020584106445
280,best,pp,-10.285432815551758
281,best,pp,-8.553611755371094
282,best,pp,-16.013385772705078
283,best,pp,-11.015377044677734
284,best,do,-8.706557273864746
285,best,do,-6.406723976135254
286,best,do,-10.206276893615723
287,best,do,-13.068007469177246
288,best,do,-10.364227294921875
289,best,do,-10.095771789550781
290,best,do,-12.241201400756836
291,best,do,-14.221521377563477
292,best,do,-10.364227294921875
293,best,do,-15.939160346984863
294,best,do,-8.339569091796875
295,best,do,-8.960908889770508
296,best,do,-8.377909660339355
297,best,do,-9.436507225036621
298,best,do,-8.993900299072266
299,best,do,-10.369893074035645
300,best,do,-13.793700218200684
301,best,do,-7.316888809204102
302,best,do,-10.156281471252441
303,best,do,-11.226003646850586
304,best,do,-7.082393646240234
305,best,do,-12.241201400756836
306,best,do,-11.894667625427246
307,best,do,-10.446516036987305
308,best,do,-13.068007469177246
309,best,do,-10.616232872009277
310,best,do,-5.30272912979126
311,best,do,-9.547886848449707
312,best,do,-13.068007469177246
313,best,do,-10.201987266540527
314,best,do,-11.909902572631836
315,best,do,-11.902918815612793
316,best,do,-11.3956298828125
317,best,do,-10.996414184570312
318,best,do,-5.30272912979126
319,best,do,-7.316888809204102
320,best,do,-9.921419143676758
321,best,do,-8.874862670898438
322,best,do,-10.206275939941406
323,best,do,-12.971661567687988
324,best,do,-8.238679885864258
325,best,do,-12.338568687438965
326,best,do,-10.513144493103027
327,best,pp,-8.575284957885742
328,best,pp,-7.43761682510376
329,best,pp,-9.135111808776855
330,best,pp,-13.817240715026855
331,best,pp,-10.481277465820312
332,best,pp,-11.387981414794922
333,best,pp,-14.131807327270508
334,best,pp,-12.311782836914062
335,best,pp,-10.481277465820312
336,best,pp,-17.030759811401367
337,best,pp,-10.993221282958984
338,best,pp,-10.12619686126709
339,best,pp,-10.668188095092773
340,best,pp,-10.231524467468262
341,best,pp,-10.088136672973633
342,best,pp,-11.38591194152832
343,best,pp,-14.67333698272705
344,best,pp,-6.944977283477783
345,best,pp,-11.263279914855957
346,best,pp,-10.554344177246094
347,best,do,-8.9349946975708
348,best,do,-5.342818737030029
349,best,do,-10.193763732910156
350,best,do,-7.681650638580322
351,best,do,-8.990924835205078
352,best,do,-11.343134880065918
353,best,do,-10.490193367004395
354,best,do,-10.035343170166016
355,best,do,-6.495136260986328
356,best,do,-9.747843742370605
357,best,do,-10.457499504089355
358,best,do,-13.202495574951172
359,best,do,-9.185905456542969
360,best,do,-10.444526672363281
361,best,do,-9.444225311279297
362,best,do,-10.964885711669922
363,best,do,-12.313566207885742
364,best,do,-6.336040019989014
365,best,do,-15.18375301361084
366,best,do,-6.324358940124512
367,best,do,-11.761490821838379
368,best,do,-12.195377349853516
369,best,do,-7.677308082580566
370,best,do,-9.131415367126465
371,best,do,-11.543035507202148
372,best,do,-9.620532035827637
373,best,do,-7.796823501586914
374,best,do,-11.286161422729492
375,best,do,-5.31063175201416
376,best,do,-10.824675559997559
377,best,do,-7.964898109436035
378,best,do,-11.702505111694336
379,best,do,-7.700686931610107
380,best,do,-11.356563568115234
381,best,do,-11.833648681640625
382,best,do,-10.027793884277344
383,best,do,-10.489030838012695
384,best,do,-11.543035507202148
385,best,do,-9.655742645263672
386,best,do,-7.796824932098389
387,best,do,-10.12094497680664
388,best,do,-6.794892311096191
389,best,do,-10.997992515563965
390,best,pp,-7.690296173095703
391,best,pp,-5.163512706756592
392,best,pp,-8.900408744812012
393,best,pp,-8.020255088806152
394,best,pp,-10.184385299682617
395,best,pp,-8.584293365478516
396,best,pp,-9.06413459777832
397,best,pp,-8.930047988891602
398,best,pp,-5.439023971557617
399,best,pp,-9.905855178833008
400,best,pp,-8.50939655303955
401,best,pp,-10.389359474182129
402,best,pp,-9.198287010192871
403,best,pp,-9.707242012023926
404,best,pp,-10.020238876342773
405,best,pp,-13.146924018859863
406,best,pp,-10.051515579223633
407,best,pp,-6.396410942077637
408,best,pp,-14.530718803405762
409,best,pp,-6.765676021575928
410,best,do,-10.319275856018066
411,best,do,-16.314897537231445
412,best,do,-10.18670654296875
413,best,do,-10.030379295349121
414,best,do,-9.294098854064941
415,best,do,-10.669958114624023
416,best,do,-10.885954856872559
417,best,do,-7.878752708435059
418,best,do,-5.073482036590576
419,best,do,-8.468183517456055
420,best,do,-12.514063835144043
421,best,do,-8.110024452209473
422,best,do,-14.529143333435059
423,best,do,-11.58173942565918
424,best,do,-8.221789360046387
425,best,do,-7.494978904724121
426,best,do,-6.108393669128418
427,best,do,-8.972947120666504
428,best,do,-10.580843925476074
429,best,do,-5.808695316314697
430,best,do,-8.319474220275879
431,best,do,-11.283244132995605
432,best,do,-8.972947120666504
433,best,do,-9.30241870880127
434,best,do,-14.445528984069824
435,best,do,-9.633634567260742
436,best,do,-14.370565414428711
437,best,do,-12.647674560546875
438,best,do,-10.367828369140625
439,best,do,-9.834214210510254
440,best,do,-9.487191200256348
441,best,do,-10.84251880645752
442,best,do,-10.176132202148438
443,best,do,-11.403007507324219
444,best,do,-9.916524887084961
445,best,do,-8.43846321105957
446,best,do,-7.494978904724121
447,best,do,-13.885804176330566
448,best,do,-10.528483390808105
449,best,do,-11.827677726745605
450,best,do,-8.217427253723145
451,best,do,-10.854538917541504
452,best,do,-10.592103004455566
453,best,pp,-10.047110557556152
454,best,pp,-16.296924591064453
455,best,pp,-8.961113929748535
456,best,pp,-10.836270332336426
457,best,pp,-6.998904228210449
458,best,pp,-11.252900123596191
459,best,pp,-10.644452095031738
460,best,pp,-9.18566608428955
461,best,pp,-5.7501020431518555
462,best,pp,-8.081480026245117
463,best,pp,-13.21997356414795
464,best,pp,-7.530395984649658
465,best,pp,-13.59008502960205
466,best,pp,-11.803689956665039
467,best,pp,-9.341161727905273
468,best,pp,-7.559658527374268
469,best,pp,-8.673531532287598
470,best,pp,-10.22006607055664
471,best,pp,-11.190308570861816
472,best,pp,-6.288935661315918
473,best,pp,-10.90222454071045
474,best,pp,-11.742908477783203
475,best,pp,-10.392264366149902
476,best,pp,-10.175850868225098
477,best,pp,-5.341808795928955
478,best,pp,-5.064316749572754
479,best,pp,-12.257404327392578
480,best,pp,-10.903578758239746
481,best,pp,-8.02398681640625
482,best,pp,-9.104618072509766
483,best,pp,-10.52991771697998
484,best,pp,-10.373407363891602
485,best,pp,-14.093382835388184
486,best,pp,-10.353567123413086
487,best,pp,-8.664702415466309
488,best,pp,-8.699202537536621
489,best,pp,-16.718950271606445
490,best,pp,-8.419078826904297
491,best,pp,-10.271072387695312
492,best,pp,-11.850269317626953
493,best,do,-11.513646125793457
494,best,do,-11.954535484313965
495,best,do,-10.714627265930176
496,best,do,-12.842059135437012
497,best,do,-11.443487167358398
498,best,do,-5.149402141571045
499,best,do,-6.122966766357422
500,best,do,-12.46655559539795
501,best,do,-11.379592895507812
502,best,do,-5.503482341766357
503,best,do,-8.075437545776367
504,best,do,-9.987229347229004
505,best,do,-10.523477554321289
506,best,do,-8.209485054016113
507,best,do,-10.47570514678955
508,best,do,-10.17431354522705
509,best,do,-8.413155555725098
510,best,do,-11.573113441467285
511,best,do,-19.310068130493164
512,best,do,-6.505732536315918
513,best,do,-11.825193405151367
514,best,do,-9.986574172973633
515,best,do,-12.357661247253418
516,best,do,-10.118297576904297
517,best,do,-8.127277374267578
518,best,do,-9.627324104309082
519,best,do,-8.190073013305664
520,best,do,-11.89059066772461
521,best,do,-12.331279754638672
522,best,do,-14.85530948638916
523,best,do,-12.30537223815918
524,best,do,-16.39641571044922
525,best,do,-9.274134635925293
526,best,do,-10.267475128173828
527,best,do,-10.941585540771484
528,best,do,-9.605461120605469
529,best,do,-9.605461120605469
530,best,do,-10.480321884155273
531,best,do,-15.287884712219238
532,best,do,-11.212950706481934
533,best,do,-11.051092147827148
534,best,do,-5.670377254486084
535,best,do,-8.458178520202637
536,best,pp,-12.395061492919922
537,best,pp,-11.503860473632812
538,best,pp,-11.362632751464844
539,best,pp,-13.626388549804688
540,best,pp,-11.166351318359375
541,best,pp,-5.623282432556152
542,best,pp,-7.167850494384766
543,best,pp,-11.569671630859375
544,best,pp,-12.894143104553223
545,best,pp,-5.445359706878662
546,best,pp,-6.892960071563721
547,best,pp,-10.728442192077637
548,best,pp,-11.241389274597168
549,best,pp,-9.757308006286621
550,best,pp,-9.383428573608398
551,best,pp,-8.273189544677734
552,best,pp,-9.305190086364746
553,best,pp,-13.1745023727417
554,best,pp,-18.037324905395508
555,best,pp,-7.075129985809326
556,best,do,-10.44236946105957
557,best,do,-10.825439453125
558,best,do,-11.802239418029785
559,best,do,-12.750497817993164
560,best,do,-10.4308500289917
561,best,do,-7.224389553070068
562,best,do,-11.687738418579102
563,best,do,-14.356634140014648
564,best,do,-10.825439453125
565,best,do,-10.039426803588867
566,best,do,-5.274594783782959
567,best,do,-14.179354667663574
568,best,do,-13.252508163452148
569,best,do,-12.210379600524902
570,best,do,-5.442739963531494
571,best,do,-12.86913013458252
572,best,do,-12.71852970123291
573,best,do,-8.113828659057617
574,best,do,-8.113828659057617
575,best,do,-11.90379810333252
576,best,do,-10.275169372558594
577,best,do,-10.666855812072754
578,best,do,-12.71852970123291
579,best,do,-12.788028717041016
580,best,do,-17.360424041748047
581,best,do,-13.252508163452148
582,best,do,-9.920343399047852
583,best,do,-5.310610771179199
584,best,do,-9.311396598815918
585,best,do,-12.852437973022461
586,best,do,-16.633056640625
587,best,do,-12.924227714538574
588,best,do,-5.310610771179199
589,best,do,-13.936325073242188
590,best,do,-9.706832885742188
591,best,do,-15.19275951385498
592,best,do,-9.703954696655273
593,best,do,-15.19275951385498
594,best,do,-10.717201232910156
595,best,do,-11.802239418029785
596,best,do,-9.711994171142578
597,best,do,-13.252508163452148
598,best,do,-10.039426803588867
599,best,pp,-11.024941444396973
600,best,pp,-11.27642822265625
601,best,pp,-12.201410293579102
602,best,pp,-10.429778099060059
603,best,pp,-10.749615669250488
604,best,pp,-7.903810977935791
605,best,pp,-11.91700553894043
606,best,pp,-13.169392585754395
607,best,pp,-11.27642822265625
608,best,pp,-12.242772102355957
609,best,pp,-9.023085594177246
610,best,pp,-15.810744285583496
611,best,pp,-13.037014961242676
612,best,pp,-11.611196517944336
613,best,pp,-5.818431854248047
614,best,pp,-12.027894020080566
615,best,pp,-10.832188606262207
616,best,pp,-6.960735321044922
617,best,pp,-6.960735321044922
618,best,pp,-10.339556694030762
619,best,do,-7.685153007507324
620,best,do,-13.87650203704834
621,best,do,-11.104125022888184
622,best,do,-11.035452842712402
623,best,do,-13.966313362121582
624,best,do,-9.95671558380127
625,best,do,-8.932036399841309
626,best,do,-5.72798490524292
627,best,do,-9.029675483703613
628,best,do,-6.320969581604004
629,best,do,-10.162216186523438
630,best,do,-5.221534729003906
631,best,do,-6.769059181213379
632,best,do,-9.487297058105469
633,best,do,-5.756741523742676
634,best,do,-7.3910980224609375
635,best,do,-10.016179084777832
636,best,do,-11.258478164672852
637,best,do,-6.769059181213379
638,best,do,-5.8487138748168945
639,best,do,-10.799149513244629
640,best,do,-10.325675964355469
641,best,do,-13.899933815002441
642,best,do,-10.14647102355957
643,best,do,-10.95421314239502
644,best,do,-12.555047035217285
645,best,do,-13.734052658081055
646,best,do,-11.673593521118164
647,best,do,-7.694098472595215
648,best,do,-10.827621459960938
649,best,do,-9.135499954223633
650,best,do,-12.573079109191895
651,best,do,-12.168709754943848
652,best,do,-9.386527061462402
653,best,do,-6.324409484863281
654,best,do,-12.457548141479492
655,best,do,-10.670418739318848
656,best,do,-9.208772659301758
657,best,do,-12.571226119995117
658,best,do,-6.769059658050537
659,best,do,-12.461335182189941
660,best,do,-15.760154724121094
661,best,do,-6.237874507904053
662,best,pp,-8.558008193969727
663,best,pp,-13.893180847167969
664,best,pp,-11.915045738220215
665,best,pp,-11.473843574523926
666,best,pp,-11.344483375549316
667,best,pp,-7.921651363372803
668,best,pp,-9.41004467010498
669,best,pp,-5.452298641204834
670,best,pp,-9.4702730178833
671,best,pp,-6.539033889770508
672,best,pp,-10.57249641418457
673,best,pp,-5.363369464874268
674,best,pp,-6.524440765380859
675,best,pp,-9.033400535583496
676,best,pp,-5.990828037261963
677,best,pp,-7.746738910675049
678,best,pp,-10.284821510314941
679,best,pp,-13.411795616149902
680,best,pp,-6.524440765380859
681,best,pp,-5.547117710113525
682,best,do,-13.477319717407227
683,best,do,-9.648931503295898
684,best,do,-9.057018280029297
685,best,do,-5.9681220054626465
686,best,do,-11.421794891357422
687,best,do,-6.934471607208252
688,best,do,-9.905315399169922
689,best,do,-10.708178520202637
690,best,do,-11.302932739257812
691,best,do,-8.9457426071167
692,best,do,-10.760955810546875
693,best,do,-12.837957382202148
694,best,do,-11.945075988769531
695,best,do,-9.521529197692871
696,best,do,-6.671220302581787
697,best,do,-14.305157661437988
698,best,do,-9.241618156433105
699,best,do,-5.75385046005249
700,best,do,-10.836933135986328
701,best,do,-13.186650276184082
702,best,do,-10.7435941696167
703,best,do,-6.581610679626465
704,best,do,-8.983701705932617
705,best,do,-13.743066787719727
706,best,do,-6.830216884613037
707,best,do,-13.369733810424805
708,best,do,-10.926045417785645
709,best,do,-15.976889610290527
710,best,do,-11.238323211669922
711,best,do,-9.51169490814209
712,best,do,-8.306029319763184
713,best,do,-10.176362991333008
714,best,do,-11.969686508178711
715,best,do,-8.870641708374023
716,best,do,-12.072042465209961
717,best,do,-10.811159133911133
718,best,do,-12.98759937286377
719,best,do,-12.383123397827148
720,best,do,-15.449559211730957
721,best,do,-11.283823013305664
722,best,do,-10.070476531982422
723,best,do,-12.927470207214355
724,best,do,-13.754532814025879
725,best,pp,-11.513520240783691
726,best,pp,-9.448412895202637
727,best,pp,-11.213025093078613
728,best,pp,-5.9113030433654785
729,best,pp,-10.610360145568848
730,best,pp,-7.128136157989502
731,best,pp,-9.840495109558105
732,best,pp,-9.626922607421875
733,best,pp,-11.675309181213379
734,best,pp,-9.456856727600098
735,best,pp,-11.139652252197266
736,best,pp,-13.012847900390625
737,best,pp,-12.169918060302734
738,best,pp,-10.157427787780762
739,best,pp,-7.053930759429932
740,best,pp,-14.173836708068848
741,best,pp,-13.59221076965332
742,best,pp,-6.386712074279785
743,best,pp,-10.575352668762207
744,best,pp,-12.620795249938965
745,best,pp,-6.217931270599365
746,best,pp,-12.32641315460205
747,best,pp,-13.750910758972168
748,best,pp,-8.297304153442383
749,best,pp,-11.93171501159668
750,best,pp,-13.585716247558594
751,best,pp,-9.7034273147583
752,best,pp,-11.115506172180176
753,best,pp,-13.502222061157227
754,best,pp,-8.794189453125
755,best,pp,-7.342251777648926
756,best,pp,-9.479536056518555
757,best,pp,-10.052088737487793
758,best,pp,-10.280658721923828
759,best,pp,-13.425922393798828
760,best,pp,-9.467509269714355
761,best,pp,-13.88776969909668
762,best,pp,-9.999627113342285
763,best,pp,-11.334851264953613
764,best,pp,-8.541391372680664
765,best,pp,-13.54935359954834
766,best,pp,-10.204659461975098
767,best,pp,-11.761476516723633
768,best,pp,-12.538579940795898
769,best,pp,-5.674850940704346
770,best,pp,-5.444422245025635
771,best,pp,-8.980443000793457
772,best,pp,-14.73005199432373
773,best,pp,-10.327336311340332
774,best,pp,-13.43135929107666
775,best,pp,-11.129891395568848
776,best,pp,-5.937063217163086
777,best,pp,-12.842306137084961
778,best,pp,-9.846461296081543
779,best,pp,-9.627748489379883
780,best,pp,-5.2479777336120605
781,best,pp,-11.804723739624023
782,best,pp,-13.269804000854492
783,best,pp,-11.276487350463867
784,best,pp,-9.07716178894043
785,best,do,-14.820703506469727
786,best,do,-7.382956027984619
787,best,do,-8.57357120513916
788,best,do,-7.4767279624938965
789,best,do,-10.060770988464355
790,best,do,-8.734150886535645
791,best,do,-9.413418769836426
792,best,do,-8.528215408325195
793,best,do,-7.445861339569092
794,best,do,-10.562265396118164
795,best,do,-8.90420913696289
796,best,do,-8.108829498291016
797,best,do,-5.802718162536621
798,best,do,-10.629597663879395
799,best,do,-8.10235595703125
800,best,do,-5.412196636199951
801,best,do,-10.412910461425781
802,best,do,-7.919230937957764
803,best,do,-10.762703895568848
804,best,do,-9.512049674987793
805,best,do,-9.678122520446777
806,best,do,-7.8992791175842285
807,best,do,-10.185206413269043
808,best,do,-11.558232307434082
809,best,do,-9.608548164367676
810,best,do,-5.858090400695801
811,best,do,-10.692340850830078
812,best,do,-8.69471263885498
813,best,do,-8.647478103637695
814,best,do,-8.774066925048828
815,best,do,-8.872854232788086
816,best,do,-5.949892044067383
817,best,do,-7.009493827819824
818,best,do,-5.602044105529785
819,best,do,-9.611841201782227
820,best,do,-5.412196636199951
821,best,do,-12.158854484558105
822,best,do,-8.850706100463867
823,best,do,-8.86282730102539
824,best,do,-12.529556274414062
825,best,do,-10.986801147460938
826,best,do,-10.427942276000977
827,best,do,-15.201120376586914
828,best,pp,-15.91759204864502
829,best,pp,-10.391264915466309
830,best,pp,-8.965681076049805
831,best,pp,-8.694536209106445
832,best,pp,-13.34310245513916
833,best,pp,-11.133667945861816
834,best,pp,-12.248546600341797
835,best,pp,-11.398308753967285
836,best,pp,-8.533979415893555
837,best,pp,-12.369882583618164
838,best,pp,-12.36839485168457
839,best,pp,-11.55129337310791
840,best,pp,-5.328995704650879
841,best,pp,-10.950840950012207
842,best,pp,-10.692289352416992
843,best,pp,-6.1284260749816895
844,best,pp,-10.430578231811523
845,best,pp,-9.19904899597168
846,best,pp,-10.327845573425293
847,best,pp,-8.617509841918945
848,best,do,-7.482651710510254
849,best,do,-9.204920768737793
850,best,do,-11.094289779663086
851,best,do,-11.12732982635498
852,best,do,-11.761765480041504
853,best,do,-11.35411548614502
854,best,do,-10.611480712890625
855,best,do,-10.001176834106445
856,best,do,-9.061361312866211
857,best,do,-8.709280014038086
858,best,do,-6.847050666809082
859,best,do,-9.79690170288086
860,best,do,-14.673393249511719
861,best,do,-5.165192604064941
862,best,do,-8.665548324584961
863,best,do,-7.780305862426758
864,best,do,-7.179769992828369
865,best,do,-7.670948028564453
866,best,do,-7.882658004760742
867,best,do,-12.47762680053711
868,best,do,-10.349906921386719
869,best,do,-8.548160552978516
870,best,do,-12.241859436035156
871,best,do,-7.635426998138428
872,best,do,-10.977949142456055
873,best,do,-8.908376693725586
874,best,do,-9.061362266540527
875,best,do,-8.46757698059082
876,best,do,-8.65999698638916
877,best,do,-11.23536205291748
878,best,do,-8.61302661895752
879,best,do,-7.642953395843506
880,best,do,-11.356350898742676
881,best,do,-10.706963539123535
882,best,do,-8.05882453918457
883,best,do,-12.675566673278809
884,best,do,-7.482653617858887
885,best,do,-9.529074668884277
886,best,do,-9.65009593963623
887,best,do,-10.173283576965332
888,best,do,-13.177840232849121
889,best,do,-9.031493186950684
890,best,do,-7.807422161102295
891,best,pp,-8.435253143310547
892,best,pp,-11.052587509155273
893,best,pp,-14.492140769958496
894,best,pp,-11.428007125854492
895,best,pp,-14.889982223510742
896,best,pp,-14.436119079589844
897,best,pp,-12.047483444213867
898,best,pp,-11.424854278564453
899,best,pp,-10.238224029541016
900,best,pp,-12.211688995361328
901,best,pp,-7.357489585876465
902,best,pp,-11.258625984191895
903,best,pp,-17.888486862182617
904,best,pp,-5.245295524597168
905,best,pp,-11.912344932556152
906,best,pp,-11.001981735229492
907,best,pp,-9.56518840789795
908,best,pp,-8.771231651306152
909,best,pp,-11.53830623626709
910,best,pp,-13.584216117858887
911,best,do,-10.62218189239502
912,best,do,-13.451557159423828
913,best,do,-7.668994903564453
914,best,do,-11.496017456054688
915,best,do,-7.360989570617676
916,best,do,-7.146673679351807
917,best,do,-10.991044044494629
918,best,do,-8.552627563476562
919,best,do,-9.023540496826172
920,best,do,-8.057230949401855
921,best,do,-10.221012115478516
922,best,do,-7.308690071105957
923,best,do,-9.533138275146484
924,best,do,-9.824183464050293
925,best,do,-6.638190746307373
926,best,do,-5.523166179656982
927,best,do,-10.683216094970703
928,best,do,-8.291385650634766
929,best,do,-8.955379486083984
930,best,do,-5.078465461730957
931,best,do,-7.559282302856445
932,best,do,-7.3149871826171875
933,best,do,-12.474656105041504
934,best,do,-6.916110038757324
935,best,do,-9.842879295349121
936,best,do,-11.306622505187988
937,best,do,-5.954310894012451
938,best,do,-5.714540481567383
939,best,do,-9.668106079101562
940,best,do,-9.851421356201172
941,best,do,-9.87127685546875
942,best,do,-10.482433319091797
943,best,do,-10.769176483154297
944,best,do,-11.310805320739746
945,best,do,-7.615231513977051
946,best,do,-7.413413047790527
947,best,do,-7.279815673828125
948,best,do,-9.648709297180176
949,best,do,-8.057231903076172
950,best,do,-5.622635364532471
951,best,do,-10.878816604614258
952,best,do,-6.594601154327393
953,best,do,-9.152556419372559
954,best,pp,-10.722444534301758
955,best,pp,-15.845178604125977
956,best,pp,-9.670389175415039
957,best,pp,-14.321517944335938
958,best,pp,-8.230087280273438
959,best,pp,-10.499188423156738
960,best,pp,-11.539615631103516
961,best,pp,-10.565096855163574
962,best,pp,-13.107475280761719
963,best,pp,-10.512025833129883
964,best,pp,-11.804656982421875
965,best,pp,-7.151472091674805
966,best,pp,-10.40826416015625
967,best,pp,-11.2232027053833
968,best,pp,-7.986227035522461
969,best,pp,-5.53720235824585
970,best,pp,-11.100242614746094
971,best,pp,-9.786576271057129
972,best,pp,-11.014904975891113
973,best,pp,-6.1615190505981445
974,best,do,-6.572452545166016
975,best,do,-6.234126567840576
976,best,do,-11.814326286315918
977,best,do,-10.204951286315918
978,best,do,-9.852150917053223
979,best,do,-7.473416805267334
980,best,do,-11.049363136291504
981,best,do,-6.680306434631348
982,best,do,-7.96854305267334
983,best,do,-5.670565605163574
984,best,do,-7.7944159507751465
985,best,do,-11.294951438903809
986,best,do,-10.388513565063477
987,best,do,-8.865490913391113
988,best,do,-8.369051933288574
989,best,do,-9.463652610778809
990,best,do,-10.331071853637695
991,best,do,-7.821476936340332
992,best,do,-7.226804733276367
993,best,do,-7.789985656738281
994,best,do,-5.611251354217529
995,best,do,-10.070906639099121
996,best,do,-11.087797164916992
997,best,do,-10.116058349609375
998,best,do,-7.587713241577148
999,best,do,-10.497865676879883
1000,best,do,-6.282970905303955
1001,best,do,-10.062315940856934
1002,best,do,-8.29648494720459
1003,best,do,-7.789985656738281
1004,best,do,-8.270299911499023
1005,best,do,-6.776883602142334
1006,best,do,-14.573309898376465
1007,best,do,-7.193700313568115
1008,best,do,-8.490138053894043
1009,best,do,-8.649833679199219
1010,best,do,-8.642706871032715
1011,best,do,-10.103304862976074
1012,best,do,-8.549665451049805
1013,best,do,-7.6871538162231445
1014,best,do,-8.549665451049805
1015,best,do,-9.066170692443848
1016,best,do,-5.044045448303223
1017,best,pp,-11.575143814086914
1018,best,pp,-11.589860916137695
1019,best,pp,-12.793045997619629
1020,best,pp,-12.420333862304688
1021,best,pp,-10.835822105407715
1022,best,pp,-8.293988227844238
1023,best,pp,-12.830039024353027
1024,best,pp,-10.041948318481445
1025,best,pp,-9.238724708557129
1026,best,pp,-9.451396942138672
1027,best,pp,-10.461156845092773
1028,best,pp,-14.489460945129395
1029,best,pp,-12.77556037902832
1030,best,pp,-9.49913501739502
1031,best,pp,-8.479560852050781
1032,best,pp,-10.977798461914062
1033,best,pp,-14.327301025390625
1034,best,pp,-9.894346237182617
1035,best,pp,-9.250044822692871
1036,best,pp,-9.824491500854492
1037,best,pp,-6.7783989906311035
1038,best,pp,-8.50581169128418
1039,best,pp,-11.107028007507324
1040,best,pp,-12.800729751586914
1041,best,pp,-9.641374588012695
1042,best,pp,-12.19056224822998
1043,best,pp,-11.124872207641602
1044,best,pp,-8.505647659301758
1045,best,pp,-12.810397148132324
1046,best,pp,-10.881675720214844
1047,best,pp,-11.454702377319336
1048,best,pp,-9.544044494628906
1049,best,pp,-8.023706436157227
1050,best,pp,-8.61720085144043
1051,best,pp,-9.079065322875977
1052,best,pp,-12.141731262207031
1053,best,pp,-11.677391052246094
1054,best,pp,-10.404888153076172
1055,best,pp,-6.066281318664551
1056,best,pp,-9.22233772277832
1057,best,pp,-10.838336944580078
1058,best,pp,-10.02811336517334
1059,best,pp,-12.597831726074219
1060,best,pp,-12.326117515563965
1061,best,pp,-10.950454711914062
1062,best,pp,-12.831683158874512
1063,best,pp,-10.975358963012695
1064,best,pp,-13.960765838623047
1065,best,pp,-11.471059799194336
1066,best,pp,-13.407360076904297
1067,best,pp,-8.822965621948242
1068,best,pp,-11.96609878540039
1069,best,pp,-6.884477138519287
1070,best,pp,-10.49767780303955
1071,best,pp,-6.034247875213623
1072,best,pp,-14.523809432983398
1073,best,pp,-11.762351036071777
1074,best,pp,-11.025959968566895
1075,best,pp,-12.96386432647705
1076,best,pp,-11.085905075073242
1077,best,do,-8.0670747756958
1078,best,do,-13.031977653503418
1079,best,do,-9.910645484924316
1080,best,do,-12.452391624450684
1081,best,do,-11.676779747009277
1082,best,do,-12.099468231201172
1083,best,do,-10.701886177062988
1084,best,do,-12.182169914245605
1085,best,do,-17.249544143676758
1086,best,do,-13.802458763122559
1087,best,do,-14.378982543945312
1088,best,do,-16.35858917236328
1089,best,do,-5.9054694175720215
1090,best,do,-13.889315605163574
1091,best,do,-10.957992553710938
1092,best,do,-16.12312889099121
1093,best,do,-12.687935829162598
1094,best,do,-15.867481231689453
1095,best,do,-5.809715270996094
1096,best,do,-13.20793628692627
1097,best,do,-13.476361274719238
1098,best,do,-9.450998306274414
1099,best,do,-10.933738708496094
1100,best,do,-9.441988945007324
1101,best,do,-12.961559295654297
1102,best,do,-11.752848625183105
1103,best,do,-13.791923522949219
1104,best,do,-11.296680450439453
1105,best,do,-12.119087219238281
1106,best,do,-14.5859956741333
1107,best,do,-9.450998306274414
1108,best,do,-12.493968963623047
1109,best,do,-5.607651233673096
1110,best,do,-8.825942039489746
1111,best,do,-11.917206764221191
1112,best,do,-12.79785442352295
1113,best,do,-12.909417152404785
1114,best,do,-12.906105995178223
1115,best,do,-13.638984680175781
1116,best,do,-10.797471046447754
1117,best,do,-11.497929573059082
1118,best,do,-10.712325096130371
1119,best,do,-8.700567245483398
1120,best,pp,-8.213820457458496
1121,best,pp,-12.483718872070312
1122,best,pp,-11.566459655761719
1123,best,pp,-11.704118728637695
1124,best,pp,-12.90791130065918
1125,best,pp,-12.93567180633545
1126,best,pp,-10.922811508178711
1127,best,pp,-12.210756301879883
1128,best,pp,-16.610342025756836
1129,best,pp,-14.384191513061523
1130,best,pp,-16.0206356048584
1131,best,pp,-18.017396926879883
1132,best,pp,-4.906458854675293
1133,best,pp,-13.498316764831543
1134,best,pp,-11.733817100524902
1135,best,pp,-17.98917579650879
1136,best,pp,-12.003433227539062
1137,best,pp,-16.00766944885254
1138,best,pp,-6.628225326538086
1139,best,pp,-13.503058433532715
1140,best,do,-10.888243675231934
1141,best,do,-14.213912010192871
1142,best,do,-5.670909881591797
1143,best,do,-14.319544792175293
1144,best,do,-10.25995922088623
1145,best,do,-15.954207420349121
1146,best,do,-10.888243675231934
1147,best,do,-10.089704513549805
1148,best,do,-10.4795503616333
1149,best,do,-11.838006019592285
1150,best,do,-7.926605224609375
1151,best,do,-11.740646362304688
1152,best,do,-12.94540023803711
1153,best,do,-11.466168403625488
1154,best,do,-16.911474227905273
1155,best,do,-7.949148654937744
1156,best,do,-12.690797805786133
1157,best,do,-5.815454483032227
1158,best,do,-12.634488105773926
1159,best,do,-14.356986999511719
1160,best,do,-11.783818244934082
1161,best,do,-8.042831420898438
1162,best,do,-11.380210876464844
1163,best,do,-11.595245361328125
1164,best,do,-14.213912010192871
1165,best,do,-11.5195894241333
1166,best,do,-15.558106422424316
1167,best,do,-12.03182315826416
1168,best,do,-10.507912635803223
1169,best,do,-11.724882125854492
1170,best,do,-10.285853385925293
1171,best,do,-8.972847938537598
1172,best,do,-12.690797805786133
1173,best,do,-11.15311336517334
1174,best,do,-13.16163158416748
1175,best,do,-13.16163158416748
1176,best,do,-13.919936180114746
1177,best,do,-11.819469451904297
1178,best,do,-11.321732521057129
1179,best,do,-7.949148654937744
1180,best,do,-11.380210876464844
1181,best,do,-11.544568061828613
1182,best,do,-12.03182315826416
1183,best,pp,-13.037324905395508
1184,best,pp,-17.358060836791992
1185,best,pp,-5.94512414932251
1186,best,pp,-13.087343215942383
1187,best,pp,-13.468246459960938
1188,best,pp,-17.90887451171875
1189,best,pp,-13.037327766418457
1190,best,pp,-9.727931022644043
1191,best,pp,-10.927138328552246
1192,best,pp,-14.475933074951172
1193,best,pp,-10.808724403381348
1194,best,pp,-11.819254875183105
1195,best,pp,-12.729372024536133
1196,best,pp,-12.472512245178223
1197,best,pp,-16.300886154174805
1198,best,pp,-10.280081748962402
1199,best,pp,-15.428495407104492
1200,best,pp,-6.824890613555908
1201,best,pp,-14.400083541870117
1202,best,pp,-12.394231796264648
1203,best,do,-8.706035614013672
1204,best,do,-8.804323196411133
1205,best,do,-8.969622611999512
1206,best,do,-9.747106552124023
1207,best,do,-12.373836517333984
1208,best,do,-10.343196868896484
1209,best,do,-9.321844100952148
1210,best,do,-12.680919647216797
1211,best,do,-10.43464469909668
1212,best,do,-9.922307968139648
1213,best,do,-8.589795112609863
1214,best,do,-5.244747638702393
1215,best,do,-6.203699111938477
1216,best,do,-8.653700828552246
1217,best,do,-8.807415962219238
1218,best,do,-11.632000923156738
1219,best,do,-12.044620513916016
1220,best,do,-13.589645385742188
1221,best,do,-5.768865585327148
1222,best,do,-6.840358734130859
1223,best,do,-7.415226936340332
1224,best,do,-8.692688941955566
1225,best,do,-9.413193702697754
1226,best,do,-12.518569946289062
1227,best,do,-11.384199142456055
1228,best,do,-10.714401245117188
1229,best,do,-8.302262306213379
1230,best,do,-8.893363952636719
1231,best,do,-10.05013656616211
1232,best,do,-5.348574638366699
1233,best,do,-9.319361686706543
1234,best,do,-15.03642749786377
1235,best,do,-12.40372371673584
1236,best,do,-10.787471771240234
1237,best,do,-9.541101455688477
1238,best,do,-15.299077033996582
1239,best,do,-7.239015579223633
1240,best,do,-9.498819351196289
1241,best,do,-15.306432723999023
1242,best,do,-5.250408172607422
1243,best,do,-10.906771659851074
1244,best,do,-5.891140937805176
1245,best,do,-6.231882095336914
1246,best,pp,-11.70029354095459
1247,best,pp,-9.588245391845703
1248,best,pp,-11.18967342376709
1249,best,pp,-10.081340789794922
1250,best,pp,-10.489194869995117
1251,best,pp,-11.67932415008545
1252,best,pp,-11.450371742248535
1253,best,pp,-13.91857624053955
1254,best,pp,-11.156364440917969
1255,best,pp,-11.933544158935547
1256,best,pp,-9.514176368713379
1257,best,pp,-7.2137861251831055
1258,best,pp,-7.173213958740234
1259,best,pp,-10.468921661376953
1260,best,pp,-9.239618301391602
1261,best,pp,-11.050296783447266
1262,best,pp,-13.418323516845703
1263,best,pp,-13.358238220214844
1264,best,pp,-5.763778209686279
1265,best,pp,-6.460775375366211
1266,best,do,-10.815277099609375
1267,best,do,-16.620302200317383
1268,best,do,-9.347321510314941
1269,best,do,-8.06983470916748
1270,best,do,-8.469137191772461
1271,best,do,-9.362263679504395
1272,best,do,-10.72921371459961
1273,best,do,-10.304526329040527
1274,best,do,-8.903679847717285
1275,best,do,-9.364333152770996
1276,best,do,-11.097119331359863
1277,best,do,-9.569380760192871
1278,best,do,-11.236129760742188
1279,best,do,-5.383092403411865
1280,best,do,-9.091814994812012
1281,best,do,-11.011412620544434
1282,best,do,-11.981478691101074
1283,best,do,-9.617060661315918
1284,best,do,-8.665968894958496
1285,best,do,-10.014067649841309
1286,best,do,-10.966861724853516
1287,best,do,-10.60490894317627
1288,best,do,-9.81435775756836
1289,best,do,-9.886284828186035
1290,best,do,-7.664857387542725
1291,best,do,-15.439247131347656
1292,best,do,-10.590282440185547
1293,best,do,-10.300599098205566
1294,best,do,-12.469482421875
1295,best,do,-10.746560096740723
1296,best,do,-10.9056396484375
1297,best,do,-8.900293350219727
1298,best,do,-10.88637638092041
1299,best,do,-5.713930130004883
1300,best,do,-11.313994407653809
1301,best,do,-10.042586326599121
1302,best,do,-10.759634971618652
1303,best,do,-11.429838180541992
1304,best,do,-9.665590286254883
1305,best,do,-4.8669962882995605
1306,best,do,-9.40682315826416
1307,best,do,-10.758718490600586
1308,best,do,-12.768956184387207
1309,best,pp,-13.868524551391602
1310,best,pp,-16.942337036132812
1311,best,pp,-12.770359992980957
1312,best,pp,-9.61910343170166
1313,best,pp,-10.258495330810547
1314,best,pp,-12.026823043823242
1315,best,pp,-12.47132682800293
1316,best,pp,-11.36319637298584
1317,best,pp,-10.850152969360352
1318,best,pp,-13.53029727935791
1319,best,pp,-14.554550170898438
1320,best,pp,-11.48016357421875
1321,best,pp,-15.613337516784668
1322,best,pp,-5.050840854644775
1323,best,pp,-11.588791847229004
1324,best,pp,-11.493715286254883
1325,best,pp,-15.224053382873535
1326,best,pp,-11.61281681060791
1327,best,pp,-10.027689933776855
1328,best,pp,-12.394912719726562
1329,best,pp,-8.566715240478516
1330,best,pp,-10.402703285217285
1331,best,pp,-16.78461456298828
1332,best,pp,-12.660823822021484
1333,best,pp,-14.314516067504883
1334,best,pp,-11.449468612670898
1335,best,pp,-11.952093124389648
1336,best,pp,-10.93941879272461
1337,best,pp,-9.691740989685059
1338,best,pp,-15.507017135620117
1339,best,pp,-11.772628784179688
1340,best,pp,-12.418930053710938
1341,best,pp,-9.69786262512207
1342,best,pp,-14.178858757019043
1343,best,pp,-12.313576698303223
1344,best,pp,-4.617739200592041
1345,best,pp,-16.0140438079834
1346,best,pp,-10.25784969329834
1347,best,pp,-8.50040054321289
1348,best,pp,-6.149570941925049
1349,best,pp,-12.396808624267578
1350,best,pp,-12.345660209655762
1351,best,pp,-10.226709365844727
1352,best,pp,-10.903190612792969
1353,best,pp,-12.621284484863281
1354,best,pp,-10.981575965881348
1355,best,pp,-10.744808197021484
1356,best,pp,-5.905198097229004
1357,best,pp,-13.40782356262207
1358,best,pp,-16.636390686035156
1359,best,pp,-12.782342910766602
1360,best,pp,-4.670721054077148
1361,best,pp,-13.34788703918457
1362,best,pp,-14.15059757232666
1363,best,pp,-17.482357025146484
1364,best,pp,-11.962843894958496
1365,best,pp,-9.058349609375
1366,best,pp,-12.5763578414917
1367,best,pp,-11.04814338684082
1368,best,pp,-11.723052978515625
