item_id,model_state,do,pp
0,initial,-7.457441806793213,-6.947281360626221
1,initial,-8.491495132446289,-7.434515476226807
2,initial,-7.881694793701172,-6.996788024902344
3,initial,-8.96729850769043,-8.019562721252441
4,initial,-8.061320304870605,-6.603776454925537
5,initial,-8.336874961853027,-7.196615695953369
6,initial,-9.643670082092285,-8.531371116638184
7,initial,-8.379732131958008,-7.1690993309021
8,initial,-7.590755462646484,-6.506378173828125
9,initial,-7.881694793701172,-6.996788024902344
10,initial,-9.521488189697266,-8.065505027770996
11,initial,-7.43877649307251,-6.767959117889404
12,initial,-8.04191780090332,-6.800302982330322
13,initial,-9.362527847290039,-7.864734649658203
14,initial,-7.590755462646484,-6.506378173828125
15,initial,-9.646476745605469,-8.34489631652832
16,initial,-7.880638122558594,-6.699968338012695
17,initial,-8.381468772888184,-7.296257495880127
18,initial,-9.553449630737305,-8.198265075683594
19,initial,-7.653660774230957,-6.834484100341797
20,initial,-7.2294158935546875,-6.804055690765381
21,initial,-7.821559906005859,-7.441588401794434
22,initial,-9.014510154724121,-8.22901725769043
23,initial,-7.954131603240967,-7.379857063293457
24,initial,-9.150407791137695,-8.066615104675293
25,initial,-7.954131603240967,-7.379857063293457
26,initial,-9.413270950317383,-8.039875030517578
27,initial,-9.650007247924805,-8.750175476074219
28,initial,-8.0995512008667,-7.686107158660889
29,initial,-9.893783569335938,-8.48999309539795
30,initial,-7.93341588973999,-7.422454833984375
31,initial,-8.580349922180176,-7.248287200927734
32,initial,-9.014509201049805,-8.229016304016113
33,initial,-8.580349922180176,-7.248287200927734
34,initial,-8.331899642944336,-7.685516357421875
35,initial,-8.904864311218262,-8.323148727416992
36,initial,-8.099552154541016,-7.686107158660889
37,initial,-8.580349922180176,-7.248287200927734
38,initial,-7.484191417694092,-7.256349086761475
39,initial,-7.126943588256836,-6.955284118652344
40,initial,-7.332370281219482,-7.025979995727539
41,initial,-7.444221496582031,-6.908846378326416
42,initial,-8.043050765991211,-7.600914001464844
43,initial,-8.859636306762695,-7.734518051147461
44,initial,-7.760538578033447,-7.08051872253418
45,initial,-7.403519153594971,-7.092953681945801
46,initial,-7.727934837341309,-6.976014614105225
47,initial,-8.092326164245605,-7.53671932220459
48,initial,-8.950430870056152,-8.424285888671875
49,initial,-7.676785469055176,-7.146030902862549
50,initial,-8.601676940917969,-7.481809616088867
51,initial,-9.00454044342041,-7.838535308837891
52,initial,-8.186264991760254,-7.568990230560303
53,initial,-8.267550468444824,-7.636081695556641
54,initial,-8.522557258605957,-7.525963306427002
55,initial,-7.97625207901001,-7.199838161468506
56,initial,-7.094637870788574,-6.617550373077393
57,initial,-7.383596897125244,-6.665049076080322
58,initial,-8.13183307647705,-6.338912487030029
59,initial,-7.724818706512451,-6.842633247375488
60,initial,-9.03125,-8.089757919311523
61,initial,-9.634683609008789,-7.898132801055908
62,initial,-10.74421501159668,-9.397407531738281
63,initial,-10.011224746704102,-8.766112327575684
64,initial,-8.676379203796387,-7.899608612060547
65,initial,-8.505732536315918,-7.672817707061768
66,initial,-9.160618782043457,-8.119353294372559
67,initial,-10.613666534423828,-9.137351989746094
68,initial,-8.81068229675293,-7.344507217407227
69,initial,-8.86779499053955,-7.0490570068359375
70,initial,-8.399517059326172,-7.554955959320068
71,initial,-10.134751319885254,-8.632735252380371
72,initial,-8.095052719116211,-6.545467376708984
73,initial,-8.838261604309082,-7.636773109436035
74,initial,-8.525745391845703,-7.611433982849121
75,initial,-9.23590087890625,-8.27857494354248
76,initial,-9.104781150817871,-7.764613628387451
77,initial,-10.153115272521973,-8.594705581665039
78,initial,-8.156421661376953,-7.591687202453613
79,initial,-8.35051441192627,-7.740614891052246
80,initial,-6.17232608795166,-5.937475204467773
81,initial,-6.4568657875061035,-6.035880088806152
82,initial,-8.726372718811035,-7.447673320770264
83,initial,-7.126953125,-6.449615478515625
84,initial,-6.533097267150879,-6.522390842437744
85,initial,-8.240915298461914,-8.130973815917969
86,initial,-8.094905853271484,-7.614858150482178
87,initial,-7.348021507263184,-6.947404861450195
88,initial,-7.112092971801758,-6.84559440612793
89,initial,-6.195830345153809,-6.281541347503662
90,initial,-7.13459587097168,-6.149116516113281
91,initial,-8.591508865356445,-8.65063190460205
92,initial,-6.637853145599365,-6.4451117515563965
93,initial,-7.019377708435059,-7.143894672393799
94,initial,-6.912271499633789,-7.344504356384277
95,initial,-7.445992946624756,-7.256936073303223
96,initial,-6.380530834197998,-5.931428909301758
97,initial,-6.815059661865234,-6.293238639831543
98,initial,-8.092329978942871,-8.259407997131348
99,initial,-6.40937614440918,-5.585209846496582
100,initial,-7.956745147705078,-6.435685157775879
101,initial,-8.242151260375977,-7.222830772399902
102,initial,-8.605069160461426,-7.963512420654297
103,initial,-7.3220953941345215,-6.349100589752197
104,initial,-7.3220953941345215,-6.349100589752197
105,initial,-7.5731377601623535,-6.956320762634277
106,initial,-8.680274963378906,-7.406589508056641
107,initial,-8.724639892578125,-7.267546653747559
108,initial,-6.897212505340576,-6.061892509460449
109,initial,-9.990504264831543,-8.304576873779297
110,initial,-8.921478271484375,-7.487204551696777
111,initial,-7.729380130767822,-6.731843948364258
112,initial,-9.096175193786621,-7.769257068634033
113,initial,-8.869019508361816,-7.347403049468994
114,initial,-7.373537540435791,-6.903533458709717
115,initial,-8.589980125427246,-7.52614164352417
116,initial,-10.17322826385498,-8.585236549377441
117,initial,-8.442659378051758,-7.007523536682129
118,initial,-8.680274963378906,-7.406589508056641
119,initial,-9.157333374023438,-7.549831867218018
120,initial,-8.253475189208984,-6.680569648742676
121,initial,-7.795729160308838,-6.439200401306152
122,initial,-8.565231323242188,-7.0214643478393555
123,initial,-7.560546875,-5.982553005218506
124,initial,-7.238983154296875,-6.474148273468018
125,initial,-10.047350883483887,-8.366889953613281
126,initial,-9.738489151000977,-8.624720573425293
127,initial,-9.500411987304688,-7.550492763519287
128,initial,-8.579482078552246,-7.002562046051025
129,initial,-10.626672744750977,-8.369915962219238
130,initial,-7.48318338394165,-6.169703960418701
131,initial,-7.428110599517822,-6.651753902435303
132,initial,-7.647136688232422,-6.588327884674072
133,initial,-9.750136375427246,-8.350951194763184
134,initial,-10.626672744750977,-8.369915962219238
135,initial,-7.9047040939331055,-6.313050746917725
136,initial,-7.954984188079834,-6.727191925048828
137,initial,-7.9047040939331055,-6.313050746917725
138,initial,-10.04734992980957,-8.366889953613281
139,initial,-8.453819274902344,-7.514701843261719
140,initial,-7.4284796714782715,-6.590843677520752
141,initial,-8.174558639526367,-7.261972904205322
142,initial,-8.076892852783203,-7.436976909637451
143,initial,-6.851178169250488,-6.090408802032471
144,initial,-8.85505199432373,-7.937791347503662
145,initial,-7.976932048797607,-6.64401388168335
146,initial,-8.639010429382324,-7.724764347076416
147,initial,-8.733232498168945,-7.884798049926758
148,initial,-8.054222106933594,-7.47601842880249
149,initial,-7.578341484069824,-6.679067611694336
150,initial,-8.016525268554688,-7.037323951721191
151,initial,-8.111234664916992,-7.277502536773682
152,initial,-8.894118309020996,-7.791323184967041
153,initial,-8.353737831115723,-7.637847900390625
154,initial,-7.4284796714782715,-6.590843677520752
155,initial,-8.639010429382324,-7.724764347076416
156,initial,-8.709053993225098,-7.904745101928711
157,initial,-8.831552505493164,-7.9476165771484375
158,initial,-7.427675247192383,-6.604389667510986
159,initial,-8.639010429382324,-7.724764347076416
160,initial,-8.706123352050781,-7.813475131988525
161,initial,-9.02341079711914,-7.194283962249756
162,initial,-8.629599571228027,-7.940620422363281
163,initial,-9.831314086914062,-8.767207145690918
164,initial,-9.84215259552002,-8.622608184814453
165,initial,-7.500360012054443,-6.721904754638672
166,initial,-8.905414581298828,-7.69980001449585
167,initial,-9.831314086914062,-8.767207145690918
168,initial,-9.450398445129395,-8.158036231994629
169,initial,-9.053375244140625,-8.059843063354492
170,initial,-9.52904987335205,-8.32910442352295
171,initial,-9.261645317077637,-7.708431243896484
172,initial,-8.437581062316895,-7.613381385803223
173,initial,-9.595579147338867,-8.317076683044434
174,initial,-10.195037841796875,-8.904631614685059
175,initial,-9.35063648223877,-7.6381449699401855
176,initial,-9.980121612548828,-8.907974243164062
177,initial,-8.401436805725098,-7.1361494064331055
178,initial,-8.359475135803223,-7.677849769592285
179,initial,-9.499735832214355,-7.533777713775635
180,initial,-6.977019786834717,-6.95570707321167
181,initial,-6.320041179656982,-5.91196346282959
182,initial,-6.501181125640869,-6.19142484664917
183,initial,-6.870608329772949,-6.691191673278809
184,initial,-6.892939567565918,-6.116259574890137
185,initial,-7.905799865722656,-7.496113300323486
186,initial,-7.15879487991333,-7.255472183227539
187,initial,-8.748944282531738,-7.9563984870910645
188,initial,-6.6289496421813965,-6.147500991821289
189,initial,-7.393346786499023,-7.09576940536499
190,initial,-7.553929328918457,-6.825078010559082
191,initial,-6.977019786834717,-6.95570707321167
192,initial,-6.832716941833496,-6.658251762390137
193,initial,-7.758610725402832,-7.386562824249268
194,initial,-6.5743889808654785,-6.285025119781494
195,initial,-7.596738815307617,-7.349265098571777
196,initial,-6.956210613250732,-6.791991233825684
197,initial,-7.905158519744873,-6.577392578125
198,initial,-7.9405837059021,-7.939240455627441
199,initial,-6.909282684326172,-6.366614818572998
200,initial,-7.06829833984375,-5.98519229888916
201,initial,-7.9305338859558105,-6.870771884918213
202,initial,-8.564249992370605,-7.348243713378906
203,initial,-7.839069366455078,-6.546096324920654
204,initial,-7.839069366455078,-6.546096324920654
205,initial,-7.48876428604126,-6.450437545776367
206,initial,-9.731048583984375,-8.259066581726074
207,initial,-9.066524505615234,-8.148211479187012
208,initial,-7.839069366455078,-6.546096324920654
209,initial,-7.48876428604126,-6.450437545776367
210,initial,-8.33733081817627,-7.182796001434326
211,initial,-8.708910942077637,-7.0063252449035645
212,initial,-8.708910942077637,-7.0063252449035645
213,initial,-8.9324369430542,-7.6554107666015625
214,initial,-8.33733081817627,-7.182796001434326
215,initial,-8.701310157775879,-7.743431568145752
216,initial,-8.82883071899414,-7.488532066345215
217,initial,-9.06531810760498,-7.75194787979126
218,initial,-7.5223870277404785,-6.31342077255249
219,initial,-7.438724994659424,-5.8624677658081055
220,initial,-6.880681037902832,-6.729259490966797
221,initial,-6.843336582183838,-6.66024112701416
222,initial,-7.343440532684326,-7.169861316680908
223,initial,-7.1507887840271,-7.314931392669678
224,initial,-8.324353218078613,-7.987427711486816
225,initial,-7.68289041519165,-7.43154239654541
226,initial,-7.808877468109131,-7.428133010864258
227,initial,-7.383397579193115,-6.7089033126831055
228,initial,-7.802712917327881,-7.403279781341553
229,initial,-7.68289041519165,-7.43154239654541
230,initial,-8.546590805053711,-7.833558082580566
231,initial,-7.631773948669434,-6.904767990112305
232,initial,-8.274831771850586,-7.57132625579834
233,initial,-8.447158813476562,-8.395454406738281
234,initial,-8.79206657409668,-8.165794372558594
235,initial,-7.8272905349731445,-7.206393718719482
236,initial,-7.568363666534424,-6.975064277648926
237,initial,-7.5404438972473145,-6.969665050506592
238,initial,-8.408989906311035,-8.179386138916016
239,initial,-7.546925067901611,-7.153295040130615
240,initial,-6.878017902374268,-6.965799331665039
241,initial,-8.07367992401123,-7.665438175201416
242,initial,-8.41444206237793,-7.836226463317871
243,initial,-7.6239824295043945,-7.461390018463135
244,initial,-7.987093448638916,-7.628870010375977
245,initial,-8.192691802978516,-7.938558101654053
246,initial,-7.295719623565674,-7.161035537719727
247,initial,-8.167283058166504,-7.97869348526001
248,initial,-8.008025169372559,-8.173469543457031
249,initial,-8.09334659576416,-8.081854820251465
250,initial,-7.77239990234375,-7.639477252960205
251,initial,-7.020332336425781,-7.11628532409668
252,initial,-6.966097354888916,-6.988516330718994
253,initial,-6.9096574783325195,-6.906830787658691
254,initial,-6.82601261138916,-6.759274959564209
255,initial,-7.731546878814697,-7.43369197845459
256,initial,-8.556167602539062,-8.188343048095703
257,initial,-8.182371139526367,-8.084866523742676
258,initial,-6.722379684448242,-6.536782741546631
259,initial,-6.372368812561035,-6.2660136222839355
260,initial,-7.210268020629883,-7.224817752838135
261,initial,-7.182340621948242,-7.343237400054932
262,initial,-6.735813617706299,-6.723187446594238
263,initial,-7.194921016693115,-7.365828037261963
264,initial,-7.637452125549316,-7.796742916107178
265,initial,-6.7030534744262695,-6.7731523513793945
266,initial,-6.471863746643066,-6.372248649597168
267,initial,-6.579095840454102,-6.536867618560791
268,initial,-7.000150680541992,-7.070061683654785
269,initial,-7.011867046356201,-7.154627323150635
270,initial,-7.174099922180176,-7.348107814788818
271,initial,-6.508997440338135,-6.534523010253906
272,initial,-6.847924709320068,-6.803062915802002
273,initial,-6.530471324920654,-6.139466285705566
274,initial,-7.5148491859436035,-7.573565483093262
275,initial,-6.277598857879639,-6.162696838378906
276,initial,-6.553455829620361,-6.519888401031494
277,initial,-6.514676570892334,-6.7092790603637695
278,initial,-6.949726104736328,-7.048071384429932
279,initial,-6.9213762283325195,-7.073904514312744
280,initial,-9.395398139953613,-8.418245315551758
281,initial,-8.350675582885742,-7.77856969833374
282,initial,-8.331616401672363,-8.524596214294434
283,initial,-8.29693603515625,-8.079994201660156
284,initial,-7.327622413635254,-6.814909934997559
285,initial,-7.108207702636719,-6.683725357055664
286,initial,-8.602463722229004,-8.103400230407715
287,initial,-8.20858383178711,-7.911301612854004
288,initial,-8.3015775680542,-7.525325775146484
289,initial,-7.268734455108643,-6.922616004943848
290,initial,-8.395673751831055,-8.245875358581543
291,initial,-8.976245880126953,-8.384309768676758
292,initial,-8.092020034790039,-7.699803829193115
293,initial,-8.781442642211914,-8.389066696166992
294,initial,-6.909985542297363,-6.3741278648376465
295,initial,-8.309382438659668,-7.910088539123535
296,initial,-8.033781051635742,-7.229702949523926
297,initial,-9.511013984680176,-8.772330284118652
298,initial,-8.024309158325195,-7.706936359405518
299,initial,-8.2725191116333,-8.576216697692871
300,initial,-6.857415199279785,-6.969030380249023
301,initial,-7.463754177093506,-7.375622272491455
302,initial,-6.361400127410889,-6.0583648681640625
303,initial,-7.334716320037842,-7.093952655792236
304,initial,-6.7199554443359375,-6.547044277191162
305,initial,-7.528891563415527,-7.774477958679199
306,initial,-8.409215927124023,-8.490324020385742
307,initial,-6.9458417892456055,-6.6798481941223145
308,initial,-6.718010902404785,-6.4897613525390625
309,initial,-6.3259172439575195,-6.346937656402588
310,initial,-7.961618900299072,-8.100286483764648
311,initial,-6.612184047698975,-7.122419357299805
312,initial,-6.988615036010742,-6.700098514556885
313,initial,-6.971125602722168,-6.625059127807617
314,initial,-6.65589714050293,-6.655670642852783
315,initial,-6.411661624908447,-6.2580485343933105
316,initial,-5.894654750823975,-5.676657676696777
317,initial,-7.154076099395752,-7.194979190826416
318,initial,-6.316368103027344,-6.063508987426758
319,initial,-8.366495132446289,-8.27762508392334
320,initial,-5.8007493019104,-5.527355194091797
321,initial,-7.777176380157471,-7.070306301116943
322,initial,-7.347829818725586,-7.113016605377197
323,initial,-7.079596042633057,-6.58979606628418
324,initial,-7.524843692779541,-7.196404933929443
325,initial,-6.758193492889404,-6.63579797744751
326,initial,-7.681032180786133,-7.767976760864258
327,initial,-8.123433113098145,-7.526315689086914
328,initial,-6.384491443634033,-6.3184638023376465
329,initial,-7.4611496925354,-7.162965774536133
330,initial,-7.13672399520874,-6.695207118988037
331,initial,-7.912120342254639,-7.39066743850708
332,initial,-8.174198150634766,-7.632991313934326
333,initial,-6.639754772186279,-6.580044746398926
334,initial,-6.457744598388672,-6.130181789398193
335,initial,-7.09891939163208,-6.7482805252075195
336,initial,-7.318576335906982,-7.021214485168457
337,initial,-7.291869163513184,-6.503810405731201
338,initial,-5.938575744628906,-5.78840970993042
339,initial,-7.346760272979736,-7.032745361328125
340,initial,-8.000115394592285,-7.027706623077393
341,initial,-9.65025806427002,-9.00418758392334
342,initial,-9.422685623168945,-9.03459358215332
343,initial,-9.931977272033691,-9.606776237487793
344,initial,-8.713333129882812,-7.996880531311035
345,initial,-8.329483032226562,-7.9653425216674805
346,initial,-9.611235618591309,-9.09880256652832
347,initial,-8.116007804870605,-8.111291885375977
348,initial,-9.860580444335938,-9.260856628417969
349,initial,-8.965719223022461,-8.160195350646973
350,initial,-9.03264045715332,-8.80408763885498
351,initial,-10.610760688781738,-9.967610359191895
352,initial,-8.917572021484375,-8.434873580932617
353,initial,-10.234110832214355,-9.329285621643066
354,initial,-8.396464347839355,-7.638066291809082
355,initial,-9.250788688659668,-8.800748825073242
356,initial,-10.797185897827148,-9.960375785827637
357,initial,-9.40239429473877,-8.902382850646973
358,initial,-8.644871711730957,-8.022406578063965
359,initial,-8.95719051361084,-8.349770545959473
360,initial,-8.677438735961914,-8.377374649047852
361,initial,-9.916114807128906,-9.105334281921387
362,initial,-8.105499267578125,-7.5829291343688965
363,initial,-7.857576370239258,-7.981564044952393
364,initial,-7.69509220123291,-7.681940078735352
365,initial,-7.569760799407959,-7.363783359527588
366,initial,-8.267805099487305,-8.665555000305176
367,initial,-8.978689193725586,-8.828125953674316
368,initial,-9.416462898254395,-9.155675888061523
369,initial,-10.317639350891113,-10.197402954101562
370,initial,-8.539593696594238,-8.1543607711792
371,initial,-10.082743644714355,-10.132587432861328
372,initial,-9.467782974243164,-8.848275184631348
373,initial,-10.164651870727539,-10.15788745880127
374,initial,-8.840115547180176,-8.985698699951172
375,initial,-7.757122039794922,-7.542341709136963
376,initial,-8.171285629272461,-8.880073547363281
377,initial,-9.916114807128906,-9.105334281921387
378,initial,-7.857576370239258,-7.981564044952393
379,initial,-8.197288513183594,-8.49067211151123
380,initial,-7.023488998413086,-7.422633647918701
381,initial,-8.661036491394043,-8.357398986816406
382,initial,-8.101127624511719,-7.89725923538208
383,initial,-8.924673080444336,-8.808902740478516
384,initial,-7.121448040008545,-6.991302490234375
385,initial,-7.958637714385986,-8.363443374633789
386,initial,-7.893576145172119,-8.014259338378906
387,initial,-8.636103630065918,-8.287837982177734
388,initial,-7.758718967437744,-7.86688232421875
389,initial,-7.670969486236572,-7.375021457672119
390,initial,-7.47904634475708,-8.014628410339355
391,initial,-8.15714168548584,-8.064783096313477
392,initial,-7.604861736297607,-7.264047145843506
393,initial,-9.004712104797363,-8.731263160705566
394,initial,-7.976932048797607,-8.098331451416016
395,initial,-8.523340225219727,-8.849489212036133
396,initial,-7.813652038574219,-8.09668254852295
397,initial,-7.0614776611328125,-6.768101692199707
398,initial,-7.214789867401123,-7.679567813873291
399,initial,-7.127955436706543,-7.375153541564941
400,initial,-8.89672565460205,-8.0725679397583
401,initial,-9.83177661895752,-8.897116661071777
402,initial,-10.329740524291992,-10.502185821533203
403,initial,-8.574867248535156,-8.5947265625
404,initial,-9.71339225769043,-8.632462501525879
405,initial,-8.943190574645996,-8.386610984802246
406,initial,-9.119897842407227,-8.586289405822754
407,initial,-8.596100807189941,-8.480247497558594
408,initial,-8.685864448547363,-7.643684387207031
409,initial,-8.420886039733887,-8.388723373413086
410,initial,-8.274781227111816,-7.742735862731934
411,initial,-9.151466369628906,-9.051919937133789
412,initial,-9.750452995300293,-9.245476722717285
413,initial,-8.410815238952637,-8.203761100769043
414,initial,-9.053620338439941,-9.207557678222656
415,initial,-8.751062393188477,-8.439467430114746
416,initial,-9.371910095214844,-9.151893615722656
417,initial,-9.168917655944824,-9.234505653381348
418,initial,-8.762940406799316,-8.366700172424316
419,initial,-8.574867248535156,-8.5947265625
420,initial,-8.10770034790039,-8.103026390075684
421,initial,-7.177926063537598,-7.269285678863525
422,initial,-7.0415215492248535,-7.132481098175049
423,initial,-7.455959796905518,-6.8908491134643555
424,initial,-6.408992767333984,-6.7550272941589355
425,initial,-8.80333423614502,-9.365843772888184
426,initial,-8.909212112426758,-8.632028579711914
427,initial,-9.047867774963379,-9.601738929748535
428,initial,-8.48681354522705,-8.92708683013916
429,initial,-6.41223669052124,-6.499837875366211
430,initial,-9.652738571166992,-9.521917343139648
431,initial,-7.181294918060303,-7.157503604888916
432,initial,-6.987139701843262,-7.187160968780518
433,initial,-8.880110740661621,-8.544416427612305
434,initial,-8.36775016784668,-8.523785591125488
435,initial,-7.379973411560059,-7.549488067626953
436,initial,-6.771200180053711,-6.337285041809082
437,initial,-6.943872928619385,-6.913704872131348
438,initial,-6.790035247802734,-6.743330001831055
439,initial,-6.768812656402588,-6.9915080070495605
440,initial,-8.38413143157959,-7.961131572723389
441,initial,-7.186256408691406,-6.816059589385986
442,initial,-8.816376686096191,-8.073554992675781
443,initial,-7.849997520446777,-7.472663879394531
444,initial,-8.032759666442871,-7.357075214385986
445,initial,-9.069982528686523,-8.313741683959961
446,initial,-8.854849815368652,-8.045480728149414
447,initial,-9.195596694946289,-8.530241966247559
448,initial,-8.430033683776855,-7.6212077140808105
449,initial,-7.503726005554199,-6.670285224914551
450,initial,-8.339667320251465,-7.271688938140869
451,initial,-8.20675277709961,-7.928188800811768
452,initial,-8.8693265914917,-8.379494667053223
453,initial,-7.888347148895264,-7.024687767028809
454,initial,-7.687865257263184,-6.616814136505127
455,initial,-8.26136589050293,-7.911040306091309
456,initial,-7.5535101890563965,-7.500093460083008
457,initial,-7.794162750244141,-6.605959415435791
458,initial,-7.799137115478516,-7.072518348693848
459,initial,-8.081001281738281,-7.22452449798584
460,initial,-8.269322395324707,-7.657240390777588
461,initial,-6.346599578857422,-6.348737716674805
462,initial,-5.962466239929199,-5.911706447601318
463,initial,-7.6117143630981445,-7.762377738952637
464,initial,-7.062545299530029,-7.002138614654541
465,initial,-6.500835418701172,-6.8453850746154785
466,initial,-6.7904253005981445,-6.496274948120117
467,initial,-7.329139232635498,-6.726712703704834
468,initial,-7.594423770904541,-7.474217891693115
469,initial,-6.719082832336426,-6.640072822570801
470,initial,-7.166733264923096,-7.697750091552734
471,initial,-9.390661239624023,-8.250112533569336
472,initial,-7.1938018798828125,-6.9819793701171875
473,initial,-6.892500877380371,-7.031897068023682
474,initial,-6.628604888916016,-6.962172508239746
475,initial,-7.655925750732422,-7.217586040496826
476,initial,-5.566896915435791,-6.071287631988525
477,initial,-6.677462100982666,-6.684410095214844
478,initial,-6.714061737060547,-6.507519721984863
479,initial,-6.290102481842041,-6.159309387207031
480,initial,-5.421518325805664,-5.809678077697754
481,initial,-6.784978866577148,-6.712026119232178
482,initial,-7.399571895599365,-7.873079776763916
483,initial,-5.790286540985107,-5.842899799346924
484,initial,-5.872983932495117,-5.859346866607666
485,initial,-6.407498836517334,-6.328639507293701
486,initial,-6.407498836517334,-6.328639507293701
487,initial,-7.056399345397949,-6.862519264221191
488,initial,-5.646444320678711,-5.517458438873291
489,initial,-7.643952369689941,-7.4272847175598145
490,initial,-7.727658748626709,-7.7095947265625
491,initial,-9.005491256713867,-8.882486343383789
492,initial,-6.407498836517334,-6.328639507293701
493,initial,-5.644071102142334,-5.517667293548584
494,initial,-6.811773300170898,-6.413369655609131
495,initial,-7.807777404785156,-7.1554083824157715
496,initial,-5.5031633377075195,-5.8622636795043945
497,initial,-6.516398906707764,-6.456480503082275
498,initial,-5.644071102142334,-5.517667293548584
499,initial,-7.459101676940918,-6.798646926879883
500,initial,-6.086121082305908,-6.202125072479248
501,initial,-6.038914203643799,-6.174533367156982
502,initial,-6.960391044616699,-6.978698253631592
503,initial,-8.231660842895508,-8.174758911132812
504,initial,-5.967140197753906,-5.844209671020508
505,initial,-6.7022905349731445,-6.477573871612549
506,initial,-7.176783561706543,-6.805333137512207
507,initial,-7.907749652862549,-7.809510231018066
508,initial,-7.198305130004883,-7.010590553283691
509,initial,-6.076999187469482,-6.08582878112793
510,initial,-8.542078018188477,-8.168609619140625
511,initial,-7.852784156799316,-7.688577175140381
512,initial,-6.78407621383667,-6.8691325187683105
513,initial,-7.290865421295166,-6.898972988128662
514,initial,-6.387101650238037,-6.634998321533203
515,initial,-7.101275444030762,-6.867204189300537
516,initial,-7.300352573394775,-6.91281270980835
517,initial,-5.865510940551758,-5.88592004776001
518,initial,-7.147864818572998,-7.331571102142334
519,initial,-8.562946319580078,-8.322797775268555
520,initial,-8.031211853027344,-7.4444379806518555
521,initial,-7.422767639160156,-7.238565921783447
522,initial,-8.727551460266113,-8.22414493560791
523,initial,-6.904865264892578,-6.928078651428223
524,initial,-6.368078708648682,-6.3558669090271
525,initial,-7.499338150024414,-7.572503566741943
526,initial,-5.750955581665039,-5.6893534660339355
527,initial,-6.83565616607666,-6.608335971832275
528,initial,-9.176522254943848,-8.7369384765625
529,initial,-7.618018627166748,-7.229727745056152
530,initial,-6.65987491607666,-6.0912675857543945
531,initial,-8.832334518432617,-8.852425575256348
532,initial,-9.187520980834961,-7.990571022033691
533,initial,-7.920359134674072,-7.230443954467773
534,initial,-8.966229438781738,-7.569670677185059
535,initial,-6.226345062255859,-6.089982509613037
536,initial,-6.392415523529053,-6.752902984619141
537,initial,-8.832334518432617,-8.852425575256348
538,initial,-5.79765510559082,-5.873013019561768
539,initial,-6.482054710388184,-6.493648052215576
540,initial,-5.170319080352783,-5.563553810119629
541,initial,-5.7524847984313965,-5.718775272369385
542,initial,-6.101916790008545,-6.264482021331787
543,initial,-5.345535755157471,-5.6027326583862305
544,initial,-5.320769786834717,-5.677000045776367
545,initial,-5.8998541831970215,-6.2285943031311035
546,initial,-5.975797653198242,-6.080897808074951
547,initial,-6.358094692230225,-6.446977138519287
548,initial,-5.776299953460693,-5.810930252075195
549,initial,-6.409173488616943,-6.2718377113342285
550,initial,-5.914604663848877,-5.972105979919434
551,initial,-6.79581880569458,-6.7284417152404785
552,initial,-5.872188568115234,-6.035136699676514
553,initial,-7.2505974769592285,-7.06987190246582
554,initial,-6.7047882080078125,-7.19004487991333
555,initial,-7.354742527008057,-7.204792499542236
556,initial,-5.655912399291992,-6.142988204956055
557,initial,-6.022140026092529,-6.133739948272705
558,initial,-6.027829647064209,-5.750397682189941
559,initial,-5.7347941398620605,-6.111955642700195
560,initial,-7.450937271118164,-7.205060005187988
561,initial,-7.290530681610107,-6.8871259689331055
562,initial,-8.387232780456543,-7.861876487731934
563,initial,-5.809260368347168,-5.905148983001709
564,initial,-7.977936744689941,-7.812742233276367
565,initial,-6.140294075012207,-6.058084011077881
566,initial,-6.79541015625,-6.620997428894043
567,initial,-7.1246795654296875,-6.836880683898926
568,initial,-6.6490349769592285,-6.99421501159668
569,initial,-7.09741735458374,-7.144631862640381
570,initial,-7.429035663604736,-7.504611492156982
571,initial,-6.829894065856934,-6.612376689910889
572,initial,-6.892879009246826,-6.415256500244141
573,initial,-8.271833419799805,-8.0078706741333
574,initial,-5.766157150268555,-5.6903791427612305
575,initial,-5.812492847442627,-5.751565933227539
576,initial,-6.593924045562744,-5.999968528747559
577,initial,-5.101963996887207,-5.183368682861328
578,initial,-5.770216464996338,-5.660902500152588
579,initial,-5.93037748336792,-5.5330281257629395
580,initial,-7.870804786682129,-7.232525825500488
581,initial,-8.471396446228027,-7.796259880065918
582,initial,-7.473215579986572,-6.975269317626953
583,initial,-8.555195808410645,-7.823481559753418
584,initial,-8.077037811279297,-7.550143718719482
585,initial,-6.993098735809326,-6.125903606414795
586,initial,-7.873165607452393,-6.773809909820557
587,initial,-8.551863670349121,-7.90695333480835
588,initial,-7.982175350189209,-7.45253324508667
589,initial,-8.213860511779785,-7.633401393890381
590,initial,-8.658254623413086,-7.774346828460693
591,initial,-9.355411529541016,-8.07551097869873
592,initial,-8.772980690002441,-7.7104926109313965
593,initial,-7.596490383148193,-7.073464393615723
594,initial,-7.181270599365234,-6.313594341278076
595,initial,-8.61378002166748,-7.917278289794922
596,initial,-7.091156482696533,-6.236641883850098
597,initial,-8.486978530883789,-7.892788410186768
598,initial,-9.086499214172363,-7.938563823699951
599,initial,-7.724193572998047,-6.983776092529297
600,initial,-7.557204723358154,-7.4083733558654785
601,initial,-9.146060943603516,-8.93212604522705
602,initial,-9.753124237060547,-9.34466552734375
603,initial,-8.866278648376465,-8.179998397827148
604,initial,-7.557204723358154,-7.4083733558654785
605,initial,-7.471324920654297,-7.0994696617126465
606,initial,-8.995884895324707,-8.352349281311035
607,initial,-7.885154724121094,-7.533299446105957
608,initial,-8.614776611328125,-7.957668781280518
609,initial,-8.410030364990234,-7.672332763671875
610,initial,-7.520837306976318,-6.866128921508789
611,initial,-9.75312328338623,-9.34466552734375
612,initial,-7.248123645782471,-6.880293846130371
613,initial,-8.091177940368652,-7.524563312530518
614,initial,-7.22938871383667,-6.947654724121094
615,initial,-7.37933349609375,-7.249094486236572
616,initial,-7.168313503265381,-6.747269630432129
617,initial,-8.716631889343262,-7.536403179168701
618,initial,-7.373101234436035,-7.316793441772461
619,initial,-8.55478572845459,-8.179606437683105
620,initial,-6.94260311126709,-6.96354341506958
621,initial,-8.057992935180664,-7.533476829528809
622,initial,-7.985307693481445,-8.14247989654541
623,initial,-6.747856140136719,-6.488974094390869
624,initial,-7.439921855926514,-7.104711055755615
625,initial,-7.711347579956055,-7.136929512023926
626,initial,-8.147895812988281,-8.01465129852295
627,initial,-6.614426136016846,-6.352847099304199
628,initial,-7.564139366149902,-6.990834712982178
629,initial,-8.061484336853027,-7.75726318359375
630,initial,-7.8369927406311035,-7.322945594787598
631,initial,-7.572693824768066,-7.249424457550049
632,initial,-7.0262956619262695,-6.915821075439453
633,initial,-6.17054557800293,-5.821990966796875
634,initial,-7.103232383728027,-6.952566146850586
635,initial,-6.135316848754883,-6.105823516845703
636,initial,-7.236751079559326,-7.015262603759766
637,initial,-6.932245254516602,-6.61037540435791
638,initial,-8.0185546875,-7.6704583168029785
639,initial,-6.4381794929504395,-6.147054195404053
640,initial,-8.853013038635254,-7.303399085998535
641,initial,-8.122897148132324,-7.57656192779541
642,initial,-8.17880630493164,-7.452248573303223
643,initial,-9.064606666564941,-8.098376274108887
644,initial,-8.199882507324219,-7.511313438415527
645,initial,-9.2977294921875,-8.407020568847656
646,initial,-9.13365650177002,-8.688547134399414
647,initial,-7.489307403564453,-6.930752277374268
648,initial,-9.818492889404297,-8.694632530212402
649,initial,-8.545821189880371,-8.22291374206543
650,initial,-8.000495910644531,-7.628611087799072
651,initial,-7.290499687194824,-6.7484540939331055
652,initial,-7.453694820404053,-7.033064842224121
653,initial,-7.467691898345947,-7.378493785858154
654,initial,-8.099207878112793,-7.129230976104736
655,initial,-8.531353950500488,-8.256444931030273
656,initial,-8.766772270202637,-8.296571731567383
657,initial,-9.50011920928955,-8.277621269226074
658,initial,-8.536334037780762,-8.17461109161377
659,initial,-8.043251991271973,-7.796176910400391
660,initial,-7.689667224884033,-7.883996963500977
661,initial,-6.0486249923706055,-6.026070594787598
662,initial,-7.802356719970703,-7.657216548919678
663,initial,-7.395998001098633,-7.807074069976807
664,initial,-6.239022254943848,-6.331859111785889
665,initial,-6.59917688369751,-6.666450500488281
666,initial,-6.420523643493652,-6.523745536804199
667,initial,-7.258418083190918,-6.664657115936279
668,initial,-5.712331295013428,-5.660084247589111
669,initial,-5.951435089111328,-5.915240287780762
670,initial,-7.760715007781982,-7.746858596801758
671,initial,-6.631196022033691,-6.900319576263428
672,initial,-7.976878643035889,-7.995138168334961
673,initial,-6.3543596267700195,-6.221466541290283
674,initial,-7.760714530944824,-7.746858596801758
675,initial,-7.117488861083984,-7.286884784698486
676,initial,-8.33544635772705,-7.97622013092041
677,initial,-6.544367790222168,-6.595788955688477
678,initial,-6.8240861892700195,-6.851008892059326
679,initial,-7.201728820800781,-6.983788013458252
680,initial,-7.48938512802124,-7.025179862976074
681,initial,-7.7003068923950195,-7.248443603515625
682,initial,-7.254561424255371,-7.152709007263184
683,initial,-7.938510417938232,-7.333169460296631
684,initial,-7.770110130310059,-6.917244911193848
685,initial,-6.537933349609375,-5.8821516036987305
686,initial,-7.399577617645264,-6.924518585205078
687,initial,-6.497020721435547,-6.412961959838867
688,initial,-7.346175193786621,-6.996557235717773
689,initial,-7.9097113609313965,-7.49946928024292
690,initial,-6.749350070953369,-6.303616046905518
691,initial,-6.860041618347168,-6.212329864501953
692,initial,-7.657386779785156,-7.079582691192627
693,initial,-7.43184757232666,-6.848508834838867
694,initial,-6.975186347961426,-7.042835712432861
695,initial,-7.909268379211426,-7.616940021514893
696,initial,-8.41052532196045,-7.958340644836426
697,initial,-7.3642144203186035,-6.7252984046936035
698,initial,-7.3597846031188965,-6.87155818939209
699,initial,-6.372166633605957,-5.952341079711914
0,final,-3.904062271118164,-3.854372978210449
1,final,-5.144588947296143,-4.96073579788208
2,final,-4.018627643585205,-4.067176818847656
3,final,-5.871175289154053,-5.701469898223877
4,final,-5.2213640213012695,-4.574343204498291
5,final,-5.08115291595459,-4.942000865936279
6,final,-6.530696868896484,-5.910190105438232
7,final,-5.020007610321045,-4.657784938812256
8,final,-3.897951364517212,-3.2119908332824707
9,final,-4.018627643585205,-4.067176818847656
10,final,-6.081744194030762,-5.0436110496521
11,final,-3.517592668533325,-3.6918845176696777
12,final,-5.30950403213501,-4.67373514175415
13,final,-7.071263790130615,-6.061123371124268
14,final,-3.897951364517212,-3.2119908332824707
15,final,-6.553206443786621,-5.576070785522461
16,final,-5.432978630065918,-4.69159460067749
17,final,-4.960662841796875,-4.97135066986084
18,final,-6.1547722816467285,-5.8512139320373535
19,final,-5.032042503356934,-4.840668201446533
20,final,-2.997596025466919,-3.7635273933410645
21,final,-5.1948018074035645,-5.129765510559082
22,final,-5.23854923248291,-5.5637640953063965
23,final,-4.246840000152588,-4.365964412689209
24,final,-6.458971977233887,-6.388579845428467
25,final,-4.246840000152588,-4.365964412689209
26,final,-5.659544467926025,-5.521287441253662
27,final,-6.092202663421631,-6.266838073730469
28,final,-4.557934284210205,-5.061846733093262
29,final,-5.606921195983887,-5.675533771514893
30,final,-3.986776351928711,-4.506068229675293
31,final,-4.935081481933594,-5.121987819671631
32,final,-5.23854923248291,-5.5637640953063965
33,final,-4.93508243560791,-5.1219868659973145
34,final,-4.644197940826416,-5.039458751678467
35,final,-5.330044269561768,-5.684061527252197
36,final,-4.557933807373047,-5.0618462562561035
37,final,-4.93508243560791,-5.1219868659973145
38,final,-3.540400266647339,-4.271300792694092
39,final,-4.005320072174072,-4.56670618057251
40,final,-4.960186004638672,-4.715958118438721
41,final,-5.989818096160889,-5.381356239318848
42,final,-6.3344879150390625,-5.622402667999268
43,final,-6.792447566986084,-5.744416236877441
44,final,-6.113982677459717,-5.438117980957031
45,final,-5.761308670043945,-5.1711626052856445
46,final,-4.837338447570801,-4.429624080657959
47,final,-6.424263954162598,-5.770508766174316
48,final,-7.743964672088623,-6.631002902984619
49,final,-5.908205986022949,-5.43963098526001
50,final,-6.454578399658203,-5.512324333190918
51,final,-7.8948893547058105,-6.484285354614258
52,final,-6.635202884674072,-5.867248058319092
53,final,-7.050315856933594,-6.293916702270508
54,final,-6.315093517303467,-5.451815605163574
55,final,-5.512280464172363,-4.785268783569336
56,final,-5.524916648864746,-5.092619895935059
57,final,-5.138147354125977,-4.671870708465576
58,final,-5.704022407531738,-4.379927635192871
59,final,-6.517014503479004,-5.490483283996582
60,final,-6.543149471282959,-5.751105308532715
61,final,-7.263596534729004,-5.473265171051025
62,final,-8.408903121948242,-6.818127155303955
63,final,-7.22183084487915,-6.022315979003906
64,final,-7.233057498931885,-5.971280574798584
65,final,-5.917569637298584,-4.592705726623535
66,final,-6.76251220703125,-5.47861909866333
67,final,-7.940185546875,-6.346960544586182
68,final,-5.520249843597412,-4.591373920440674
69,final,-5.789858341217041,-4.194773197174072
70,final,-5.977935791015625,-5.189013957977295
71,final,-7.9134979248046875,-5.965950012207031
72,final,-4.424602031707764,-4.053822040557861
73,final,-5.748989105224609,-5.042810916900635
74,final,-5.702427864074707,-5.189236164093018
75,final,-6.93080997467041,-5.229580402374268
76,final,-5.433265209197998,-4.832641124725342
77,final,-8.52871322631836,-5.752708435058594
78,final,-5.974707126617432,-4.8356547355651855
79,final,-7.208118438720703,-5.759109020233154
80,final,-4.1268534660339355,-4.0231475830078125
81,final,-4.143906593322754,-3.9069175720214844
82,final,-5.796486854553223,-4.890081405639648
83,final,-5.438817977905273,-5.008616924285889
84,final,-4.910320281982422,-4.911240577697754
85,final,-7.545074462890625,-6.566061496734619
86,final,-6.101798057556152,-5.8853325843811035
87,final,-5.386767864227295,-5.292361736297607
88,final,-5.476568222045898,-5.314576148986816
89,final,-4.561765193939209,-4.423429012298584
90,final,-5.44145393371582,-5.006529808044434
91,final,-7.370906829833984,-6.338922500610352
92,final,-4.912898540496826,-4.802960395812988
93,final,-5.167360305786133,-4.494746208190918
94,final,-5.269307613372803,-4.701704978942871
95,final,-5.856230735778809,-5.63095235824585
96,final,-4.763641357421875,-4.3582563400268555
97,final,-5.339345455169678,-4.897037982940674
98,final,-6.660892963409424,-6.017889976501465
99,final,-4.297849655151367,-4.207457542419434
100,final,-5.2758283615112305,-4.514298439025879
101,final,-5.934345722198486,-5.100421905517578
102,final,-6.454329967498779,-5.815260410308838
103,final,-5.124143123626709,-4.670573711395264
104,final,-5.124143123626709,-4.670573711395264
105,final,-5.1875810623168945,-4.856370449066162
106,final,-6.2007832527160645,-5.346499443054199
107,final,-5.12026834487915,-4.470898628234863
108,final,-3.7623939514160156,-3.7176380157470703
109,final,-7.194382190704346,-5.976369380950928
110,final,-6.199033260345459,-5.303225040435791
111,final,-5.650702476501465,-4.900144100189209
112,final,-6.736202716827393,-5.607855796813965
113,final,-6.26069450378418,-5.282936096191406
114,final,-5.174784183502197,-4.8836493492126465
115,final,-5.812452793121338,-5.115014553070068
116,final,-7.855409622192383,-6.6755852699279785
117,final,-6.242740631103516,-5.265208721160889
118,final,-6.2007832527160645,-5.346499443054199
119,final,-6.781793117523193,-5.70626163482666
120,final,-3.905869722366333,-3.1256728172302246
121,final,-3.40567684173584,-2.539151906967163
122,final,-5.103984355926514,-4.25515079498291
123,final,-3.7529501914978027,-2.734450101852417
124,final,-3.1589882373809814,-2.7223169803619385
125,final,-6.206422805786133,-4.490519046783447
126,final,-5.913393020629883,-4.482715129852295
127,final,-6.647871971130371,-4.983132362365723
128,final,-4.348426342010498,-3.3451085090637207
129,final,-6.7091803550720215,-4.994725704193115
130,final,-3.786679744720459,-2.849252462387085
131,final,-4.7054667472839355,-3.8794305324554443
132,final,-3.414426565170288,-2.7929959297180176
133,final,-5.8517165184021,-4.180039882659912
134,final,-6.7091803550720215,-4.994725704193115
135,final,-3.537519931793213,-2.4735238552093506
136,final,-4.3744797706604,-3.6149210929870605
137,final,-3.537519931793213,-2.4735238552093506
138,final,-6.206423759460449,-4.490519046783447
139,final,-4.8398356437683105,-4.112945556640625
140,final,-4.867146015167236,-3.909846782684326
141,final,-6.548323154449463,-5.2824249267578125
142,final,-6.232901573181152,-5.004663467407227
143,final,-4.459846019744873,-3.37945294380188
144,final,-6.632701873779297,-5.0468316078186035
145,final,-5.744103908538818,-4.391577243804932
146,final,-6.933995246887207,-5.1544013023376465
147,final,-6.884459495544434,-5.355531215667725
148,final,-6.312032699584961,-5.065433979034424
149,final,-5.994561672210693,-4.857399940490723
150,final,-5.9853739738464355,-5.000097274780273
151,final,-5.99699068069458,-4.7961626052856445
152,final,-7.468863487243652,-6.032106876373291
153,final,-6.419162750244141,-5.179095268249512
154,final,-4.867146015167236,-3.909846782684326
155,final,-6.933995246887207,-5.1544013023376465
156,final,-7.075799465179443,-5.668931007385254
157,final,-7.184005260467529,-5.656458377838135
158,final,-4.92020320892334,-3.905383586883545
159,final,-6.933995246887207,-5.1544013023376465
160,final,-5.955077171325684,-3.962437629699707
161,final,-5.963381290435791,-4.112894058227539
162,final,-5.8245415687561035,-4.651959419250488
163,final,-7.82244873046875,-5.855127811431885
164,final,-6.6432600021362305,-4.663662433624268
165,final,-4.526718616485596,-2.712462902069092
166,final,-5.368555545806885,-4.062716007232666
167,final,-7.82244873046875,-5.855127811431885
168,final,-6.723594665527344,-4.480682373046875
169,final,-6.393150806427002,-4.9197869300842285
170,final,-7.723123073577881,-5.574720859527588
171,final,-6.1670098304748535,-4.523836135864258
172,final,-5.71609354019165,-4.2207489013671875
173,final,-6.770788669586182,-5.039620876312256
174,final,-7.716146945953369,-4.800800323486328
175,final,-5.684616565704346,-3.613222360610962
176,final,-7.206568241119385,-4.961080074310303
177,final,-5.713779449462891,-3.9291136264801025
178,final,-5.733497619628906,-4.262736797332764
179,final,-6.653498649597168,-4.2245612144470215
180,final,-5.434115409851074,-4.437210559844971
181,final,-3.678713798522949,-3.4473605155944824
182,final,-4.200974941253662,-4.131837844848633
183,final,-4.884321689605713,-4.62379789352417
184,final,-4.678440570831299,-4.430398941040039
185,final,-5.230543613433838,-4.242608070373535
186,final,-5.767107009887695,-4.698766231536865
187,final,-6.404490947723389,-5.276549339294434
188,final,-4.428558349609375,-4.230932235717773
189,final,-5.4188032150268555,-4.972476482391357
190,final,-4.75425386428833,-4.05869197845459
191,final,-5.434115409851074,-4.437210559844971
192,final,-5.34463357925415,-4.971675395965576
193,final,-5.851626396179199,-4.855062007904053
194,final,-4.955294609069824,-4.834773063659668
195,final,-5.639330863952637,-5.197615623474121
196,final,-5.512784004211426,-5.054037094116211
197,final,-5.0576910972595215,-4.24967098236084
198,final,-6.413578987121582,-5.361231327056885
199,final,-4.772706031799316,-4.557085037231445
200,final,-3.5703370571136475,-2.838886260986328
201,final,-5.7126359939575195,-4.885947227478027
202,final,-6.579601287841797,-5.163509845733643
203,final,-4.945379734039307,-4.159581184387207
204,final,-4.945379734039307,-4.159581184387207
205,final,-4.921931743621826,-4.180875778198242
206,final,-6.165506839752197,-4.953824520111084
207,final,-6.360206127166748,-5.322686672210693
208,final,-4.945379734039307,-4.159581184387207
209,final,-4.921931743621826,-4.180875778198242
210,final,-5.544536590576172,-4.207108974456787
211,final,-5.274569034576416,-4.172755718231201
212,final,-5.274569034576416,-4.172755718231201
213,final,-6.814176559448242,-5.340694904327393
214,final,-5.544536590576172,-4.207108974456787
215,final,-6.333098888397217,-5.021866798400879
216,final,-6.934976100921631,-5.663430213928223
217,final,-6.584300518035889,-5.2034687995910645
218,final,-4.457000255584717,-3.6031510829925537
219,final,-3.380310297012329,-2.6197826862335205
220,final,-4.376176834106445,-4.261711597442627
221,final,-4.788963317871094,-4.968589782714844
222,final,-5.392746925354004,-5.240324020385742
223,final,-5.330979347229004,-5.339786529541016
224,final,-6.049266338348389,-6.1051225662231445
225,final,-5.885202407836914,-5.88542366027832
226,final,-5.930285930633545,-5.677118301391602
227,final,-4.968189239501953,-4.857213973999023
228,final,-5.933810234069824,-5.693641185760498
229,final,-5.885202407836914,-5.88542366027832
230,final,-6.261385917663574,-5.975597858428955
231,final,-5.255837917327881,-4.965508460998535
232,final,-6.482573509216309,-6.096427917480469
233,final,-6.217113018035889,-6.334233283996582
234,final,-6.653870105743408,-6.312024116516113
235,final,-5.88576078414917,-5.529435634613037
236,final,-4.998950004577637,-4.796444416046143
237,final,-5.059272766113281,-4.989200592041016
238,final,-6.187923908233643,-6.209761142730713
239,final,-5.581955909729004,-5.638123512268066
240,final,-4.198909759521484,-4.779134750366211
241,final,-6.047392845153809,-6.195921897888184
242,final,-5.963210105895996,-6.208748817443848
243,final,-5.765023231506348,-5.924958229064941
244,final,-5.453003883361816,-5.9201741218566895
245,final,-6.110372066497803,-6.454982280731201
246,final,-5.149112701416016,-5.364123821258545
247,final,-5.954076290130615,-6.372257232666016
248,final,-5.666199684143066,-6.328698635101318
249,final,-6.4475626945495605,-6.908440113067627
250,final,-5.152529239654541,-5.774424076080322
251,final,-4.529970645904541,-5.038256645202637
252,final,-4.558292865753174,-4.929479598999023
253,final,-5.078642845153809,-5.4919819831848145
254,final,-5.240166664123535,-5.595870494842529
255,final,-5.807342529296875,-5.80973482131958
256,final,-6.01037073135376,-6.501424312591553
257,final,-5.9051384925842285,-6.439149856567383
258,final,-4.61916446685791,-5.168749809265137
259,final,-3.6026244163513184,-4.176945686340332
260,final,-6.018270492553711,-5.864738464355469
261,final,-5.72574520111084,-5.6649065017700195
262,final,-5.965476989746094,-5.424124717712402
263,final,-6.0189528465271,-5.841495990753174
264,final,-6.675817489624023,-6.010122776031494
265,final,-5.3786821365356445,-5.238456726074219
266,final,-5.581116676330566,-5.334970474243164
267,final,-5.245869159698486,-5.193533897399902
268,final,-6.289341926574707,-6.0017170906066895
269,final,-6.340232849121094,-5.8860344886779785
270,final,-6.161099433898926,-5.864416122436523
271,final,-4.145619869232178,-4.17470645904541
272,final,-5.421560764312744,-5.236231803894043
273,final,-5.551817893981934,-5.355274677276611
274,final,-6.81486177444458,-6.313199043273926
275,final,-4.660525321960449,-4.491201400756836
276,final,-4.684517860412598,-4.3800368309021
277,final,-5.2977495193481445,-5.140873908996582
278,final,-5.775631904602051,-5.522550582885742
279,final,-5.271058559417725,-4.79315710067749
280,final,-8.161055564880371,-6.626682758331299
281,final,-7.039943218231201,-6.069855213165283
282,final,-8.662201881408691,-7.697055816650391
283,final,-7.48363733291626,-6.9864702224731445
284,final,-4.940834045410156,-4.6349897384643555
285,final,-5.199012279510498,-5.083802700042725
286,final,-7.582565784454346,-6.753262996673584
287,final,-6.151542663574219,-5.772724151611328
288,final,-6.252521514892578,-4.902576446533203
289,final,-4.709375858306885,-4.6479692459106445
290,final,-7.5111565589904785,-6.5597991943359375
291,final,-7.834664344787598,-6.575240135192871
292,final,-6.74131965637207,-5.999317169189453
293,final,-7.755630016326904,-6.893573760986328
294,final,-4.948258399963379,-4.284731864929199
295,final,-6.987939834594727,-6.036963939666748
296,final,-5.816626071929932,-4.543715000152588
297,final,-8.221311569213867,-6.752926826477051
298,final,-6.845396995544434,-6.116912841796875
299,final,-7.602046966552734,-6.816336631774902
300,final,-5.970765113830566,-6.004040241241455
301,final,-6.187050819396973,-6.102107048034668
302,final,-4.757138729095459,-4.350780487060547
303,final,-6.378216743469238,-6.052444934844971
304,final,-6.125821113586426,-5.660648345947266
305,final,-6.471473217010498,-5.968533039093018
306,final,-7.714181900024414,-6.927770137786865
307,final,-5.953831195831299,-5.6386399269104
308,final,-5.005228519439697,-4.594802379608154
309,final,-5.11044979095459,-4.407756805419922
310,final,-7.035203456878662,-6.2863054275512695
311,final,-5.6499810218811035,-5.856371879577637
312,final,-6.106203079223633,-5.872966289520264
313,final,-6.079641819000244,-5.72151517868042
314,final,-5.440009593963623,-5.242703914642334
315,final,-4.8544230461120605,-4.747812271118164
316,final,-4.451595783233643,-4.261808395385742
317,final,-6.636227607727051,-6.343656539916992
318,final,-4.736546993255615,-4.570389747619629
319,final,-7.055353164672852,-6.434444427490234
320,final,-3.81465744972229,-3.7708065509796143
321,final,-5.5242204666137695,-5.375946998596191
322,final,-6.536930561065674,-5.991902828216553
323,final,-4.896264553070068,-4.885112762451172
324,final,-6.411925315856934,-6.154978275299072
325,final,-5.439301490783691,-5.296958923339844
326,final,-6.526252746582031,-6.532421112060547
327,final,-6.841640472412109,-6.314676284790039
328,final,-4.99107027053833,-4.814974784851074
329,final,-5.879506587982178,-5.800374984741211
330,final,-5.543055057525635,-5.482790946960449
331,final,-6.595266342163086,-6.148125648498535
332,final,-6.511674404144287,-6.257079124450684
333,final,-5.196564674377441,-5.010711669921875
334,final,-4.1710710525512695,-4.159911632537842
335,final,-5.364933013916016,-4.844307899475098
336,final,-6.2052717208862305,-5.695935249328613
337,final,-4.900942802429199,-4.634113788604736
338,final,-4.153428554534912,-4.086620330810547
339,final,-5.576847553253174,-5.476202964782715
340,final,-4.098413944244385,-4.5084943771362305
341,final,-6.733273506164551,-6.5779876708984375
342,final,-6.250798225402832,-6.60178804397583
343,final,-6.495571136474609,-6.817272186279297
344,final,-6.276087284088135,-6.9160637855529785
345,final,-4.344940662384033,-4.861113548278809
346,final,-7.019036293029785,-6.2978196144104
347,final,-5.3327531814575195,-5.708011627197266
348,final,-6.642266273498535,-6.590784072875977
349,final,-5.791109085083008,-6.379436016082764
350,final,-6.260270118713379,-6.8119330406188965
351,final,-7.687257289886475,-7.453779697418213
352,final,-5.702947616577148,-6.0323615074157715
353,final,-7.237566947937012,-7.061023235321045
354,final,-4.504648685455322,-4.951797962188721
355,final,-5.981559753417969,-6.655975341796875
356,final,-8.015829086303711,-7.877124786376953
357,final,-6.409010410308838,-6.86449670791626
358,final,-5.715607643127441,-6.089837551116943
359,final,-5.835916519165039,-6.011927604675293
360,final,-5.651100158691406,-6.458804607391357
361,final,-5.6865105628967285,-6.708987712860107
362,final,-3.5621650218963623,-4.9770355224609375
363,final,-3.5364181995391846,-5.0668110847473145
364,final,-2.374415636062622,-4.017399311065674
365,final,-2.8724865913391113,-4.310876369476318
366,final,-4.41274356842041,-6.007368087768555
367,final,-5.201706886291504,-6.425422191619873
368,final,-6.559836387634277,-7.680692195892334
369,final,-6.760717868804932,-8.226641654968262
370,final,-5.532230377197266,-6.601648330688477
371,final,-6.512473106384277,-7.874770641326904
372,final,-6.763803005218506,-7.889089107513428
373,final,-6.698965549468994,-8.183478355407715
374,final,-4.839268684387207,-6.298671722412109
375,final,-4.156649112701416,-5.0207438468933105
376,final,-3.0836844444274902,-4.931155681610107
377,final,-5.6865105628967285,-6.708987712860107
378,final,-3.5364181995391846,-5.0668110847473145
379,final,-4.964461803436279,-6.203300476074219
380,final,-5.127775192260742,-5.619350433349609
381,final,-7.865760326385498,-7.468724250793457
382,final,-6.627841472625732,-6.527122974395752
383,final,-7.003513813018799,-7.054565906524658
384,final,-5.472518444061279,-5.369965553283691
385,final,-5.288593292236328,-5.5962018966674805
386,final,-6.906996250152588,-6.873554706573486
387,final,-6.867248058319092,-6.504662036895752
388,final,-6.177525520324707,-6.470615863800049
389,final,-5.291146755218506,-4.810127258300781
390,final,-4.530445575714111,-5.320456504821777
391,final,-6.676048278808594,-6.522186756134033
392,final,-6.070225715637207,-5.874745845794678
393,final,-7.774081230163574,-7.720770835876465
394,final,-6.054662704467773,-6.24149751663208
395,final,-7.243350505828857,-7.185098648071289
396,final,-6.352430820465088,-6.555153846740723
397,final,-4.932933330535889,-4.798494815826416
398,final,-5.517750263214111,-6.081940650939941
399,final,-5.2397141456604,-5.607227802276611
400,final,-7.20419454574585,-5.761051654815674
401,final,-6.597273826599121,-6.450128078460693
402,final,-7.4240851402282715,-7.2963175773620605
403,final,-5.04940938949585,-5.517570495605469
404,final,-6.7119140625,-6.21338415145874
405,final,-6.626925468444824,-6.79019021987915
406,final,-7.811426639556885,-7.001079082489014
407,final,-6.767932891845703,-6.530932426452637
408,final,-5.450720310211182,-6.203700065612793
409,final,-5.861804962158203,-5.487183570861816
410,final,-4.3852057456970215,-4.48893404006958
411,final,-6.031384468078613,-5.933088302612305
412,final,-7.788327693939209,-7.738307952880859
413,final,-6.195358753204346,-6.518464088439941
414,final,-6.090526580810547,-6.530699729919434
415,final,-6.774402618408203,-6.354728698730469
416,final,-8.542451858520508,-8.013427734375
417,final,-6.810779571533203,-6.4810333251953125
418,final,-6.493028163909912,-5.97625732421875
419,final,-5.049410343170166,-5.517570495605469
420,final,-5.675410270690918,-5.972944259643555
421,final,-5.7118377685546875,-5.560351371765137
422,final,-5.229066371917725,-5.425057888031006
423,final,-6.139527797698975,-6.020544052124023
424,final,-5.070189476013184,-5.318515300750732
425,final,-6.691292762756348,-6.3975677490234375
426,final,-7.621501922607422,-7.088172912597656
427,final,-7.4771342277526855,-7.340872287750244
428,final,-6.68865966796875,-6.57107400894165
429,final,-5.142049312591553,-5.4763689041137695
430,final,-7.882419109344482,-8.09110164642334
431,final,-5.424728870391846,-5.854106903076172
432,final,-5.012106418609619,-5.460197925567627
433,final,-6.567028999328613,-6.627186298370361
434,final,-6.809300422668457,-6.2424445152282715
435,final,-4.800607681274414,-4.673150062561035
436,final,-4.498935222625732,-4.638099193572998
437,final,-4.750196933746338,-4.934305191040039
438,final,-5.06733512878418,-5.269134998321533
439,final,-5.412267208099365,-5.75186014175415
440,final,-6.029623508453369,-6.019360065460205
441,final,-4.810530662536621,-5.036196708679199
442,final,-5.799179553985596,-6.107541561126709
443,final,-5.620886325836182,-5.749800682067871
444,final,-4.60921049118042,-4.99497127532959
445,final,-6.406738758087158,-6.2449631690979
446,final,-6.147364139556885,-6.453094482421875
447,final,-6.317796230316162,-6.869152545928955
448,final,-5.320103645324707,-5.418592929840088
449,final,-4.298423767089844,-4.649140357971191
450,final,-5.537435054779053,-5.677755832672119
451,final,-5.718456745147705,-5.991095542907715
452,final,-6.043760776519775,-6.319296360015869
453,final,-4.765745639801025,-5.099334716796875
454,final,-4.6156392097473145,-4.763991355895996
455,final,-5.997628688812256,-6.05155611038208
456,final,-5.445827484130859,-5.637022972106934
457,final,-3.915210723876953,-4.140284061431885
458,final,-5.092480182647705,-5.258368968963623
459,final,-4.68229341506958,-4.866404056549072
460,final,-5.7860236167907715,-5.528585910797119
461,final,-4.012016296386719,-4.21568489074707
462,final,-3.936239719390869,-4.04041862487793
463,final,-4.504714488983154,-4.627101898193359
464,final,-5.224588394165039,-5.368344783782959
465,final,-5.363012790679932,-5.5970139503479
466,final,-4.460151672363281,-4.43208646774292
467,final,-4.344175338745117,-4.1370015144348145
468,final,-4.656086444854736,-4.822981834411621
469,final,-4.63694953918457,-4.9459967613220215
470,final,-5.241945743560791,-5.241010665893555
471,final,-6.720907688140869,-6.263941764831543
472,final,-5.182333946228027,-5.1161675453186035
473,final,-4.924906253814697,-5.232735633850098
474,final,-4.9056830406188965,-5.082836151123047
475,final,-4.603757381439209,-4.752755165100098
476,final,-3.914137840270996,-4.08570671081543
477,final,-5.017490863800049,-5.131747722625732
478,final,-4.67350435256958,-4.798799991607666
479,final,-4.331114292144775,-4.383648872375488
480,final,-3.579220771789551,-4.03210973739624
481,final,-4.205930709838867,-4.776853084564209
482,final,-4.602536201477051,-4.932825565338135
483,final,-3.51613187789917,-4.09035062789917
484,final,-3.04805588722229,-3.6528663635253906
485,final,-4.296427249908447,-4.92458963394165
486,final,-4.296427249908447,-4.92458963394165
487,final,-4.7192816734313965,-5.33131217956543
488,final,-3.1795740127563477,-3.7418136596679688
489,final,-5.117250919342041,-5.242704391479492
490,final,-6.055696964263916,-6.396678924560547
491,final,-6.536778450012207,-6.7982563972473145
492,final,-4.296427249908447,-4.92458963394165
493,final,-2.979039430618286,-3.5818939208984375
494,final,-3.8738369941711426,-4.4185638427734375
495,final,-4.761919021606445,-4.829586505889893
496,final,-2.9988279342651367,-3.5532078742980957
497,final,-4.49413537979126,-4.73524284362793
498,final,-2.979039430618286,-3.5818939208984375
499,final,-4.104214191436768,-4.393421649932861
500,final,-4.43386173248291,-4.707657814025879
501,final,-4.593014717102051,-4.609672546386719
502,final,-4.9658403396606445,-5.327343940734863
503,final,-6.751077651977539,-6.622984886169434
504,final,-4.747044563293457,-4.737392425537109
505,final,-4.672318458557129,-4.721710681915283
506,final,-5.244493007659912,-4.923115253448486
507,final,-6.203853607177734,-6.232163906097412
508,final,-5.260164737701416,-5.4064717292785645
509,final,-5.180518627166748,-4.8477702140808105
510,final,-6.9317240715026855,-6.045445919036865
511,final,-6.023904800415039,-6.0648651123046875
512,final,-5.538017749786377,-5.392309188842773
513,final,-5.628748893737793,-5.740415096282959
514,final,-5.646313190460205,-5.479358196258545
515,final,-5.1460185050964355,-4.740429878234863
516,final,-5.723865985870361,-5.720582008361816
517,final,-4.208649158477783,-4.192399978637695
518,final,-6.028261184692383,-5.890472412109375
519,final,-6.902120590209961,-6.6736741065979
520,final,-5.468579292297363,-4.472452163696289
521,final,-5.786983489990234,-5.451438903808594
522,final,-5.237915992736816,-4.925076484680176
523,final,-5.401017189025879,-5.177833557128906
524,final,-3.7228941917419434,-3.6592211723327637
525,final,-5.865281105041504,-5.633990287780762
526,final,-3.8605713844299316,-3.5442521572113037
527,final,-4.63775110244751,-4.747920513153076
528,final,-7.0526838302612305,-6.297214031219482
529,final,-6.331753730773926,-5.363431930541992
530,final,-5.149325370788574,-4.517495155334473
531,final,-5.74642276763916,-5.518413066864014
532,final,-6.394925117492676,-4.796449661254883
533,final,-6.181862831115723,-5.30799674987793
534,final,-6.283153057098389,-4.874321937561035
535,final,-4.500157356262207,-4.426336765289307
536,final,-3.8537707328796387,-3.8602473735809326
537,final,-5.74642276763916,-5.518413066864014
538,final,-4.318569660186768,-4.071760177612305
539,final,-5.221209526062012,-4.978832721710205
540,final,-4.2887864112854,-4.5142951011657715
541,final,-4.464812278747559,-4.294555187225342
542,final,-4.306889533996582,-4.45492696762085
543,final,-4.247982978820801,-4.463700771331787
544,final,-4.630512237548828,-4.534857273101807
545,final,-4.983370780944824,-4.525949954986572
546,final,-4.664732933044434,-4.236512184143066
547,final,-5.42656946182251,-5.336477756500244
548,final,-4.6174445152282715,-4.642893314361572
549,final,-5.218404293060303,-5.179811954498291
550,final,-4.995550632476807,-5.004046440124512
551,final,-5.5843305587768555,-5.541741847991943
552,final,-4.660384654998779,-4.840849876403809
553,final,-5.928966999053955,-5.690146446228027
554,final,-5.646149158477783,-5.483123779296875
555,final,-5.8428544998168945,-5.81266450881958
556,final,-4.386748790740967,-4.710067272186279
557,final,-5.037356853485107,-5.209691524505615
558,final,-4.279883861541748,-3.965651512145996
559,final,-5.1850762367248535,-5.453519821166992
560,final,-5.8268280029296875,-5.518270969390869
561,final,-4.871374607086182,-4.782928466796875
562,final,-6.718906402587891,-6.304473400115967
563,final,-4.349584102630615,-4.478230953216553
564,final,-5.844884395599365,-5.832517147064209
565,final,-4.01492166519165,-4.147179126739502
566,final,-5.388294219970703,-4.929294586181641
567,final,-5.4874796867370605,-5.281908988952637
568,final,-4.9251813888549805,-5.055279731750488
569,final,-5.162214756011963,-5.29932165145874
570,final,-4.936914920806885,-4.904107093811035
571,final,-5.3300628662109375,-5.109481334686279
572,final,-5.4853715896606445,-4.9136528968811035
573,final,-6.413130760192871,-6.20448112487793
574,final,-3.9926421642303467,-4.09251070022583
575,final,-4.594301223754883,-4.5936665534973145
576,final,-4.244438648223877,-4.227865219116211
577,final,-3.0648603439331055,-3.3256404399871826
578,final,-4.030466079711914,-4.196828365325928
579,final,-4.3727898597717285,-4.269410610198975
580,final,-4.701786518096924,-4.777200222015381
581,final,-5.2609477043151855,-4.965260982513428
582,final,-4.583656311035156,-4.298627853393555
583,final,-5.6076340675354,-5.280799865722656
584,final,-5.128081798553467,-5.129729270935059
585,final,-4.116622447967529,-4.121325492858887
586,final,-4.334192752838135,-4.20723819732666
587,final,-5.498050689697266,-5.320343017578125
588,final,-4.928060054779053,-4.933083534240723
589,final,-5.832982540130615,-5.436213970184326
590,final,-5.865909099578857,-5.498565673828125
591,final,-6.352854251861572,-5.777181148529053
592,final,-5.2666335105896,-4.705641269683838
593,final,-4.691351890563965,-4.760928153991699
594,final,-3.3583576679229736,-3.1726131439208984
595,final,-5.46537971496582,-5.069914817810059
596,final,-4.32639217376709,-4.123462677001953
597,final,-4.133009433746338,-3.880220651626587
598,final,-6.40805196762085,-5.606529235839844
599,final,-4.073480606079102,-4.309057235717773
600,final,-4.618140697479248,-5.223464012145996
601,final,-5.437808990478516,-5.818428039550781
602,final,-5.542306900024414,-5.948709964752197
603,final,-5.874838352203369,-6.0126953125
604,final,-4.618140697479248,-5.223464012145996
605,final,-3.2995574474334717,-3.7027485370635986
606,final,-5.1924824714660645,-5.422677516937256
607,final,-4.551059246063232,-5.035451889038086
608,final,-4.783932209014893,-5.238143444061279
609,final,-4.931543827056885,-5.235546588897705
610,final,-3.9772350788116455,-4.344592571258545
611,final,-5.542306423187256,-5.948709964752197
612,final,-3.728780508041382,-4.222812175750732
613,final,-4.609179496765137,-4.886960029602051
614,final,-2.965365171432495,-3.2334158420562744
615,final,-3.567652702331543,-4.214963436126709
616,final,-4.345688343048096,-4.694093704223633
617,final,-5.1719136238098145,-4.917133808135986
618,final,-4.518078804016113,-5.061784267425537
619,final,-6.156593322753906,-6.5637640953063965
620,final,-4.7809906005859375,-4.4495368003845215
621,final,-6.683334827423096,-5.738338470458984
622,final,-6.91812801361084,-6.4151458740234375
623,final,-4.4677815437316895,-4.207993507385254
624,final,-5.611205101013184,-4.956086158752441
625,final,-6.053818702697754,-5.439601898193359
626,final,-6.937274932861328,-6.15763521194458
627,final,-4.978440284729004,-4.647749423980713
628,final,-5.850863933563232,-4.717844486236572
629,final,-6.584216117858887,-5.875500679016113
630,final,-6.580090045928955,-5.411003589630127
631,final,-6.55346155166626,-5.541284084320068
632,final,-5.524872303009033,-5.1676483154296875
633,final,-4.008183002471924,-3.6895599365234375
634,final,-5.124499797821045,-4.449947834014893
635,final,-4.213438034057617,-4.115146636962891
636,final,-5.355318069458008,-4.5226030349731445
637,final,-4.894542217254639,-4.303841590881348
638,final,-6.785468578338623,-5.9185099601745605
639,final,-4.193633556365967,-3.9039177894592285
640,final,-5.496669769287109,-3.767357110977173
641,final,-5.3899688720703125,-4.524018287658691
642,final,-5.2671098709106445,-4.8853044509887695
643,final,-6.613199710845947,-5.308084964752197
644,final,-5.718639373779297,-4.70673131942749
645,final,-6.363429546356201,-5.051892280578613
646,final,-6.6929612159729,-5.849266052246094
647,final,-4.361566066741943,-3.688810110092163
648,final,-7.741191387176514,-5.802388668060303
649,final,-7.426027774810791,-6.337649822235107
650,final,-6.333560466766357,-5.638993263244629
651,final,-5.252232551574707,-4.647489547729492
652,final,-4.938933849334717,-4.313815593719482
653,final,-5.0689897537231445,-4.52340030670166
654,final,-5.04081392288208,-3.8322527408599854
655,final,-6.415310382843018,-5.475694179534912
656,final,-6.419288158416748,-5.531348705291748
657,final,-7.2288994789123535,-6.027554035186768
658,final,-6.27937126159668,-5.690854072570801
659,final,-5.9415602684021,-5.252437591552734
660,final,-6.829222679138184,-6.013721942901611
661,final,-4.3170552253723145,-4.563544273376465
662,final,-6.3819122314453125,-5.963047504425049
663,final,-5.77088737487793,-5.5358476638793945
664,final,-4.209763526916504,-4.246017932891846
665,final,-4.999722480773926,-5.371499061584473
666,final,-4.469785213470459,-4.502894401550293
667,final,-5.073856353759766,-4.3347487449646
668,final,-4.012241840362549,-4.123708724975586
669,final,-4.466765403747559,-4.396903038024902
670,final,-6.118707656860352,-5.8405280113220215
671,final,-4.931376934051514,-4.577857971191406
672,final,-4.662446975708008,-4.566869258880615
673,final,-4.845632553100586,-4.8022847175598145
674,final,-6.11870813369751,-5.84052848815918
675,final,-6.2146453857421875,-6.204872131347656
676,final,-7.172098159790039,-6.554469108581543
677,final,-5.16535758972168,-5.035910606384277
678,final,-5.174393653869629,-5.226511001586914
679,final,-5.566555500030518,-5.605508804321289
680,final,-4.520047187805176,-3.997715473175049
681,final,-5.147143840789795,-4.780529975891113
682,final,-5.220676898956299,-4.687500953674316
683,final,-5.816515922546387,-5.077307224273682
684,final,-4.419644832611084,-3.7631571292877197
685,final,-3.68818998336792,-3.362204074859619
686,final,-5.196784973144531,-4.333312511444092
687,final,-4.399681568145752,-4.217160701751709
688,final,-5.019711971282959,-4.562718868255615
689,final,-6.230110168457031,-5.268833160400391
690,final,-5.537252426147461,-4.784521102905273
691,final,-4.269262313842773,-3.966176748275757
692,final,-5.036887168884277,-4.460318088531494
693,final,-5.0625810623168945,-4.70013427734375
694,final,-5.155214786529541,-4.838743209838867
695,final,-5.3267974853515625,-5.107013702392578
696,final,-5.956068992614746,-5.708810806274414
697,final,-4.9289140701293945,-4.715009689331055
698,final,-5.550562858581543,-4.7564239501953125
699,final,-4.768998622894287,-4.4403862953186035
0,best,-4.041075706481934,-3.881399393081665
1,best,-5.1207594871521,-4.926480770111084
2,best,-4.025553226470947,-4.04314661026001
3,best,-5.797347068786621,-5.629219055175781
4,best,-5.203591823577881,-4.503684043884277
5,best,-5.0331878662109375,-4.8931708335876465
6,best,-6.422181606292725,-5.800511837005615
7,best,-5.018813610076904,-4.636362075805664
8,best,-3.8976573944091797,-3.2362217903137207
9,best,-4.025553226470947,-4.04314661026001
10,best,-6.110716342926025,-5.069302082061768
11,best,-3.508786916732788,-3.671109437942505
12,best,-5.334983825683594,-4.6856255531311035
13,best,-7.0020647048950195,-5.969268798828125
14,best,-3.8976573944091797,-3.2362217903137207
15,best,-6.447766304016113,-5.474693298339844
16,best,-5.455453395843506,-4.706524848937988
17,best,-4.958685398101807,-4.943215847015381
18,best,-6.140099048614502,-5.84131383895874
19,best,-4.956953048706055,-4.810455322265625
20,best,-3.0226147174835205,-3.746195077896118
21,best,-5.20208215713501,-5.059952259063721
22,best,-5.23407506942749,-5.520127773284912
23,best,-4.294003009796143,-4.353844165802002
24,best,-6.397732734680176,-6.2975850105285645
25,best,-4.294003009796143,-4.353844165802002
26,best,-5.6451897621154785,-5.473884105682373
27,best,-6.058921813964844,-6.164119243621826
28,best,-4.538541316986084,-4.9838690757751465
29,best,-5.641997337341309,-5.6787261962890625
30,best,-4.0488152503967285,-4.488080024719238
31,best,-4.915569305419922,-5.0695061683654785
32,best,-5.234076023101807,-5.520127773284912
33,best,-4.9155683517456055,-5.0695061683654785
34,best,-4.661015033721924,-4.991024494171143
35,best,-5.324880599975586,-5.636100769042969
36,best,-4.538541316986084,-4.9838690757751465
37,best,-4.9155683517456055,-5.0695061683654785
38,best,-3.587129831314087,-4.2510480880737305
39,best,-4.079751491546631,-4.576045513153076
40,best,-5.033173561096191,-4.718539237976074
41,best,-5.994511604309082,-5.371891021728516
42,best,-6.277379035949707,-5.603592395782471
43,best,-6.782833576202393,-5.761621475219727
44,best,-6.218547344207764,-5.433016777038574
45,best,-5.748002529144287,-5.148774147033691
46,best,-4.926506996154785,-4.425877571105957
47,best,-6.434457302093506,-5.739006042480469
48,best,-7.761451244354248,-6.620471954345703
49,best,-5.905611515045166,-5.422543048858643
50,best,-6.4807915687561035,-5.517848968505859
51,best,-7.813452243804932,-6.43928337097168
52,best,-6.645803451538086,-5.8292436599731445
53,best,-7.068759918212891,-6.251562118530273
54,best,-6.314175128936768,-5.442124366760254
55,best,-5.5484619140625,-4.799561023712158
56,best,-5.608808517456055,-5.115746974945068
57,best,-5.139162063598633,-4.68943977355957
58,best,-5.668749809265137,-4.364831447601318
59,best,-6.511923313140869,-5.497326850891113
60,best,-6.52082633972168,-5.715155601501465
61,best,-7.3856611251831055,-5.467546463012695
62,best,-8.352298736572266,-6.761493682861328
63,best,-7.126162528991699,-5.890678882598877
64,best,-7.2166972160339355,-5.88449764251709
65,best,-5.913767337799072,-4.599833965301514
66,best,-6.7340545654296875,-5.452803611755371
67,best,-8.015032768249512,-6.295012950897217
68,best,-5.604061126708984,-4.615890026092529
69,best,-5.823929786682129,-4.283092021942139
70,best,-5.971156597137451,-5.106514930725098
71,best,-7.870457649230957,-5.968999862670898
72,best,-4.531951427459717,-4.0603108406066895
73,best,-5.7694783210754395,-4.9612202644348145
74,best,-5.694990634918213,-5.102053642272949
75,best,-6.945487976074219,-5.1755805015563965
76,best,-5.480144023895264,-4.803511142730713
77,best,-8.379190444946289,-5.674020290374756
78,best,-5.875681400299072,-4.766921043395996
79,best,-7.125840663909912,-5.702600002288818
80,best,-4.141796112060547,-3.963695764541626
81,best,-4.126128673553467,-3.861717939376831
82,best,-5.77681827545166,-4.860406875610352
83,best,-5.466281414031982,-4.950531482696533
84,best,-4.858658790588379,-4.819167137145996
85,best,-7.472992420196533,-6.465958595275879
86,best,-6.069196701049805,-5.847804069519043
87,best,-5.380947589874268,-5.23583984375
88,best,-5.436147689819336,-5.245278835296631
89,best,-4.46531343460083,-4.352273464202881
90,best,-5.445406436920166,-4.952583312988281
91,best,-7.3125081062316895,-6.270424842834473
92,best,-4.900904178619385,-4.76137638092041
93,best,-5.168592929840088,-4.439875602722168
94,best,-5.270386219024658,-4.643918991088867
95,best,-5.80130672454834,-5.540653705596924
96,best,-4.791563987731934,-4.310326099395752
97,best,-5.442439079284668,-4.880201816558838
98,best,-6.55172872543335,-5.892809867858887
99,best,-4.336490631103516,-4.190456390380859
100,best,-5.334441661834717,-4.518860816955566
101,best,-5.986953258514404,-5.123320579528809
102,best,-6.4502177238464355,-5.786129951477051
103,best,-5.155031681060791,-4.647831439971924
104,best,-5.155031681060791,-4.647831439971924
105,best,-5.160731792449951,-4.828310966491699
106,best,-6.169712543487549,-5.306342601776123
107,best,-5.24268102645874,-4.515268802642822
108,best,-3.761413097381592,-3.7123801708221436
109,best,-7.247971057891846,-5.977992057800293
110,best,-6.208013534545898,-5.286445617675781
111,best,-5.620796203613281,-4.889135837554932
112,best,-6.7554755210876465,-5.577365398406982
113,best,-6.251379013061523,-5.251645088195801
114,best,-5.143344402313232,-4.85793924331665
115,best,-5.796471118927002,-5.0798845291137695
116,best,-7.845207214355469,-6.6356353759765625
117,best,-6.218538284301758,-5.213018894195557
118,best,-6.169712543487549,-5.306342601776123
119,best,-6.7944111824035645,-5.7036261558532715
120,best,-3.90165638923645,-3.175816059112549
121,best,-3.3975906372070312,-2.5998973846435547
122,best,-5.086493015289307,-4.293387413024902
123,best,-3.808490753173828,-2.89338755607605
124,best,-3.1516404151916504,-2.804363965988159
125,best,-6.10963249206543,-4.528296947479248
126,best,-5.87831974029541,-4.572946548461914
127,best,-6.576223850250244,-5.019076824188232
128,best,-4.3441481590271,-3.4070606231689453
129,best,-6.650362968444824,-5.023122310638428
130,best,-3.8503310680389404,-2.95269775390625
131,best,-4.6073408126831055,-3.914231538772583
132,best,-3.397825241088867,-2.8361904621124268
133,best,-5.854081153869629,-4.273237228393555
134,best,-6.650362968444824,-5.023122310638428
135,best,-3.5517418384552,-2.5786681175231934
136,best,-4.4078688621521,-3.6433939933776855
137,best,-3.5517418384552,-2.5786681175231934
138,best,-6.109633445739746,-4.5282979011535645
139,best,-4.790212631225586,-4.119918346405029
140,best,-4.919550895690918,-3.952500581741333
141,best,-6.618260383605957,-5.290652275085449
142,best,-6.272302150726318,-5.0285515785217285
143,best,-4.467409133911133,-3.3975329399108887
144,best,-6.669338703155518,-5.095406532287598
145,best,-5.800357818603516,-4.437875747680664
146,best,-6.968440532684326,-5.175354957580566
147,best,-6.954524517059326,-5.39058780670166
148,best,-6.3364763259887695,-5.084047794342041
149,best,-6.02407169342041,-4.881662845611572
150,best,-5.978812217712402,-4.995768070220947
151,best,-6.074336051940918,-4.82535982131958
152,best,-7.507370948791504,-6.032680511474609
153,best,-6.432904243469238,-5.195257186889648
154,best,-4.919550895690918,-3.952500581741333
155,best,-6.968440532684326,-5.175354957580566
156,best,-7.0468430519104,-5.6600775718688965
157,best,-7.2201457023620605,-5.673372268676758
158,best,-4.947511672973633,-3.9355366230010986
159,best,-6.968440532684326,-5.175354957580566
160,best,-6.020229816436768,-4.008963108062744
161,best,-5.949814796447754,-4.145139694213867
162,best,-5.744081497192383,-4.641150951385498
163,best,-7.774584770202637,-5.889769077301025
164,best,-6.63187313079834,-4.722993850708008
165,best,-4.579256057739258,-2.7632365226745605
166,best,-5.384022235870361,-4.07033109664917
167,best,-7.774584770202637,-5.889769077301025
168,best,-6.68483304977417,-4.480754852294922
169,best,-6.370337963104248,-4.927839756011963
170,best,-7.649077415466309,-5.597379684448242
171,best,-6.122873783111572,-4.5251874923706055
172,best,-5.715503215789795,-4.226988792419434
173,best,-6.723802089691162,-5.099147319793701
174,best,-7.578105926513672,-4.820346355438232
175,best,-5.735372066497803,-3.64503812789917
176,best,-7.112959384918213,-4.981375694274902
177,best,-5.776674747467041,-3.9518802165985107
178,best,-5.651275157928467,-4.249673366546631
179,best,-6.668983459472656,-4.284818649291992
180,best,-5.4808454513549805,-4.417397975921631
181,best,-3.6521503925323486,-3.4244003295898438
182,best,-4.237586975097656,-4.108046531677246
183,best,-4.843594551086426,-4.623238563537598
184,best,-4.69868278503418,-4.424602031707764
185,best,-5.2456793785095215,-4.235217571258545
186,best,-5.744961738586426,-4.6554131507873535
187,best,-6.42383337020874,-5.301668167114258
188,best,-4.395831108093262,-4.195116996765137
189,best,-5.433960914611816,-4.9688215255737305
190,best,-4.772361755371094,-4.0655975341796875
191,best,-5.4808454513549805,-4.417397975921631
192,best,-5.327160358428955,-4.974853038787842
193,best,-5.895761966705322,-4.837065696716309
194,best,-4.984065055847168,-4.803869724273682
195,best,-5.614487171173096,-5.174352169036865
196,best,-5.52590799331665,-5.043945789337158
197,best,-5.139156818389893,-4.297332286834717
198,best,-6.386139869689941,-5.352272987365723
199,best,-4.7941694259643555,-4.550340175628662
200,best,-3.578242063522339,-2.8720192909240723
201,best,-5.670905590057373,-4.887784004211426
202,best,-6.629190444946289,-5.178966999053955
203,best,-4.919166088104248,-4.172423362731934
204,best,-4.919166088104248,-4.172423362731934
205,best,-4.909830570220947,-4.218444347381592
206,best,-6.232052326202393,-5.009387493133545
207,best,-6.355679035186768,-5.344407081604004
208,best,-4.919166088104248,-4.172423362731934
209,best,-4.909830570220947,-4.218444347381592
210,best,-5.606578350067139,-4.2735066413879395
211,best,-5.35114860534668,-4.220282554626465
212,best,-5.35114860534668,-4.220282554626465
213,best,-6.909303188323975,-5.367675304412842
214,best,-5.606578350067139,-4.2735066413879395
215,best,-6.400205612182617,-5.030615329742432
216,best,-6.935969829559326,-5.680953502655029
217,best,-6.640336990356445,-5.235188007354736
218,best,-4.453311920166016,-3.6371054649353027
219,best,-3.438936233520508,-2.7062880992889404
220,best,-4.4534173011779785,-4.316864967346191
221,best,-4.817348480224609,-5.029321193695068
222,best,-5.397949695587158,-5.213615417480469
223,best,-5.3129167556762695,-5.355111598968506
224,best,-6.0551838874816895,-6.106856346130371
225,best,-5.864278316497803,-5.875577926635742
226,best,-5.932325839996338,-5.62785530090332
227,best,-4.9362335205078125,-4.86149787902832
228,best,-5.897205829620361,-5.71373176574707
229,best,-5.864278316497803,-5.875577926635742
230,best,-6.165542125701904,-5.953242301940918
231,best,-5.2207536697387695,-4.98311710357666
232,best,-6.453327655792236,-6.122564792633057
233,best,-6.1724443435668945,-6.362338542938232
234,best,-6.562996864318848,-6.3116021156311035
235,best,-5.863739490509033,-5.528011322021484
236,best,-5.045863151550293,-4.807306289672852
237,best,-5.0670671463012695,-4.991825103759766
238,best,-6.183788776397705,-6.241397380828857
239,best,-5.609046936035156,-5.7003350257873535
240,best,-4.21874475479126,-4.817593097686768
241,best,-6.0673675537109375,-6.144620418548584
242,best,-5.974040985107422,-6.22374963760376
243,best,-5.734498023986816,-5.852497577667236
244,best,-5.473568916320801,-5.929001331329346
245,best,-6.1052045822143555,-6.432094573974609
246,best,-5.145444869995117,-5.344239234924316
247,best,-5.9651970863342285,-6.362366199493408
248,best,-5.66802978515625,-6.3516035079956055
249,best,-6.41476583480835,-6.873129367828369
250,best,-5.155066967010498,-5.774074077606201
251,best,-4.555666923522949,-5.014097690582275
252,best,-4.6176629066467285,-4.944179534912109
253,best,-5.0908308029174805,-5.510372161865234
254,best,-5.23414421081543,-5.5695343017578125
255,best,-5.776898384094238,-5.7446136474609375
256,best,-5.9643940925598145,-6.482842445373535
257,best,-5.9073486328125,-6.423243522644043
258,best,-4.668181419372559,-5.188566207885742
259,best,-3.5879673957824707,-4.142354965209961
260,best,-5.985648155212402,-5.808414936065674
261,best,-5.7331085205078125,-5.656235694885254
262,best,-5.951672077178955,-5.382920265197754
263,best,-5.977718830108643,-5.826411247253418
264,best,-6.650277614593506,-6.036681175231934
265,best,-5.340697288513184,-5.235570907592773
266,best,-5.611314296722412,-5.3763322830200195
267,best,-5.290303707122803,-5.212217807769775
268,best,-6.242928504943848,-5.938717365264893
269,best,-6.299090385437012,-5.870083332061768
270,best,-6.153975486755371,-5.8675761222839355
271,best,-4.1510796546936035,-4.1989240646362305
272,best,-5.391966342926025,-5.204357147216797
273,best,-5.594079971313477,-5.308977127075195
274,best,-6.793339252471924,-6.311903476715088
275,best,-4.651604175567627,-4.502737998962402
276,best,-4.671197891235352,-4.402900695800781
277,best,-5.339181423187256,-5.200156211853027
278,best,-5.744752407073975,-5.526094436645508
279,best,-5.26566743850708,-4.839881420135498
280,best,-8.083662033081055,-6.585300922393799
281,best,-7.041717529296875,-6.1226325035095215
282,best,-8.581440925598145,-7.685930252075195
283,best,-7.435605049133301,-6.904529094696045
284,best,-4.959612846374512,-4.599481582641602
285,best,-5.223240852355957,-5.086282730102539
286,best,-7.534464359283447,-6.737696647644043
287,best,-6.228897571563721,-5.766294479370117
288,best,-6.326560974121094,-4.980550765991211
289,best,-4.676626682281494,-4.607889652252197
290,best,-7.464554786682129,-6.602424621582031
291,best,-7.731952667236328,-6.559281826019287
292,best,-6.727945804595947,-5.926202774047852
293,best,-7.704434871673584,-6.891304969787598
294,best,-4.866855621337891,-4.269226551055908
295,best,-6.899941921234131,-6.041855812072754
296,best,-5.9108476638793945,-4.647759437561035
297,best,-8.163524627685547,-6.72469425201416
298,best,-6.831711769104004,-6.030683517456055
299,best,-7.506651401519775,-6.8376688957214355
300,best,-5.961520671844482,-5.964788913726807
301,best,-6.166070461273193,-6.027399063110352
302,best,-4.772250175476074,-4.3781561851501465
303,best,-6.355057239532471,-6.018131732940674
304,best,-6.094845294952393,-5.597418308258057
305,best,-6.4088239669799805,-5.961318492889404
306,best,-7.689054489135742,-6.907711982727051
307,best,-5.9714460372924805,-5.6004180908203125
308,best,-5.02706241607666,-4.596258640289307
309,best,-5.0800676345825195,-4.380530834197998
310,best,-6.998757362365723,-6.232832431793213
311,best,-5.633118629455566,-5.837584972381592
312,best,-6.068478107452393,-5.834414958953857
313,best,-6.106134414672852,-5.688839435577393
314,best,-5.39838981628418,-5.197422981262207
315,best,-4.886476993560791,-4.757366180419922
316,best,-4.458019733428955,-4.205066204071045
317,best,-6.599566459655762,-6.292617321014404
318,best,-4.768704891204834,-4.568052291870117
319,best,-6.999552249908447,-6.400691986083984
320,best,-3.782904624938965,-3.759234666824341
321,best,-5.552073955535889,-5.40292501449585
322,best,-6.491084575653076,-5.9246954917907715
323,best,-4.946018218994141,-4.87969446182251
324,best,-6.367003917694092,-6.1282572746276855
325,best,-5.420923233032227,-5.2645487785339355
326,best,-6.496918678283691,-6.520242691040039
327,best,-6.895462512969971,-6.295975208282471
328,best,-4.928020000457764,-4.799015998840332
329,best,-5.959153175354004,-5.8406782150268555
330,best,-5.507335186004639,-5.4256720542907715
331,best,-6.594178199768066,-6.1530938148498535
332,best,-6.534050464630127,-6.227976322174072
333,best,-5.185708045959473,-5.017429351806641
334,best,-4.199896335601807,-4.161293983459473
335,best,-5.36507511138916,-4.846219539642334
336,best,-6.228872299194336,-5.733057498931885
337,best,-5.0185441970825195,-4.6396989822387695
338,best,-4.182626724243164,-4.129566669464111
339,best,-5.615495204925537,-5.478242874145508
340,best,-4.079385280609131,-4.525293350219727
341,best,-6.714434623718262,-6.626368999481201
342,best,-6.173587322235107,-6.608805179595947
343,best,-6.429305076599121,-6.860391139984131
344,best,-6.263586521148682,-6.960848808288574
345,best,-4.3986334800720215,-4.914597511291504
346,best,-6.973523139953613,-6.333761692047119
347,best,-5.242694854736328,-5.700387954711914
348,best,-6.622405052185059,-6.660236835479736
349,best,-5.754188537597656,-6.386739253997803
350,best,-6.222376823425293,-6.880701065063477
351,best,-7.657630920410156,-7.5807414054870605
352,best,-5.7100958824157715,-6.0493574142456055
353,best,-7.12908411026001,-7.028411388397217
354,best,-4.498336315155029,-4.97390079498291
355,best,-5.950132846832275,-6.707901477813721
356,best,-7.932456970214844,-7.9240641593933105
357,best,-6.374683380126953,-6.879785060882568
358,best,-5.735140323638916,-6.1782307624816895
359,best,-5.810699462890625,-6.057953834533691
360,best,-5.622045040130615,-6.463472843170166
361,best,-5.61358642578125,-6.616479873657227
362,best,-3.6429154872894287,-5.028126239776611
363,best,-3.552507162094116,-5.080367565155029
364,best,-2.476760149002075,-4.112328052520752
365,best,-3.03092622756958,-4.4170145988464355
366,best,-4.419905185699463,-5.994808197021484
367,best,-5.197516918182373,-6.406644821166992
368,best,-6.529025077819824,-7.672886371612549
369,best,-6.724438667297363,-8.200419425964355
370,best,-5.538952827453613,-6.635749340057373
371,best,-6.5167388916015625,-7.969912052154541
372,best,-6.690321922302246,-7.835015773773193
373,best,-6.679868221282959,-8.229144096374512
374,best,-4.841822624206543,-6.279371738433838
375,best,-4.181305885314941,-5.048013687133789
376,best,-3.157311201095581,-4.964776515960693
377,best,-5.61358642578125,-6.616479873657227
378,best,-3.552507162094116,-5.080367565155029
379,best,-4.971010684967041,-6.232497215270996
380,best,-5.112194061279297,-5.633041858673096
381,best,-7.766892433166504,-7.4522013664245605
382,best,-6.570398807525635,-6.538181304931641
383,best,-6.947959899902344,-7.014352798461914
384,best,-5.43488883972168,-5.398653507232666
385,best,-5.288560390472412,-5.61419153213501
386,best,-6.84649658203125,-6.8538818359375
387,best,-6.832298278808594,-6.544227600097656
388,best,-6.1397905349731445,-6.448972225189209
389,best,-5.2730913162231445,-4.88803243637085
390,best,-4.549333095550537,-5.359786033630371
391,best,-6.61708927154541,-6.491939544677734
392,best,-6.04160737991333,-5.937861442565918
393,best,-7.715218544006348,-7.725320816040039
394,best,-6.039787292480469,-6.309207916259766
395,best,-7.1780104637146,-7.192688941955566
396,best,-6.29442834854126,-6.510721683502197
397,best,-4.972992420196533,-4.872158050537109
398,best,-5.5077738761901855,-6.139936447143555
399,best,-5.196893215179443,-5.655359268188477
400,best,-7.076091289520264,-5.711129665374756
401,best,-6.6910552978515625,-6.53082799911499
402,best,-7.4685258865356445,-7.372829437255859
403,best,-5.07330322265625,-5.539860725402832
404,best,-6.6869096755981445,-6.197732925415039
405,best,-6.647846221923828,-6.8595733642578125
406,best,-7.796854496002197,-7.003270626068115
407,best,-6.687997817993164,-6.497553825378418
408,best,-5.543946743011475,-6.192047595977783
409,best,-5.922351360321045,-5.553078651428223
410,best,-4.397436618804932,-4.448014736175537
411,best,-6.141044616699219,-6.032904148101807
412,best,-7.728428840637207,-7.676113605499268
413,best,-6.179393291473389,-6.520995140075684
414,best,-6.113184452056885,-6.586086273193359
415,best,-6.744124412536621,-6.385370254516602
416,best,-8.532784461975098,-7.966610431671143
417,best,-6.874637603759766,-6.564076900482178
418,best,-6.534143924713135,-5.997806072235107
419,best,-5.07330322265625,-5.539860725402832
420,best,-5.677610397338867,-6.030447006225586
421,best,-5.669466972351074,-5.5383710861206055
422,best,-5.252660751342773,-5.413610458374023
423,best,-6.119283676147461,-6.024942398071289
424,best,-5.044116020202637,-5.294240951538086
425,best,-6.696685791015625,-6.409769058227539
426,best,-7.572351932525635,-7.080570697784424
427,best,-7.433313846588135,-7.304962158203125
428,best,-6.624428749084473,-6.524733543395996
429,best,-5.118477821350098,-5.441347122192383
430,best,-7.850310325622559,-8.126718521118164
431,best,-5.432581424713135,-5.865795612335205
432,best,-5.04926872253418,-5.489111423492432
433,best,-6.54723596572876,-6.600431442260742
434,best,-6.74867582321167,-6.22294282913208
435,best,-4.798587322235107,-4.6830315589904785
436,best,-4.569704055786133,-4.692701816558838
437,best,-4.746789455413818,-4.91420316696167
438,best,-5.030082702636719,-5.273126125335693
439,best,-5.381504058837891,-5.708866596221924
440,best,-6.008269786834717,-6.039283275604248
441,best,-4.803483009338379,-5.0614471435546875
442,best,-5.782418727874756,-6.12440824508667
443,best,-5.676199913024902,-5.838111877441406
444,best,-4.6440582275390625,-5.059719085693359
445,best,-6.376449108123779,-6.213712692260742
446,best,-6.128384113311768,-6.539021015167236
447,best,-6.293055057525635,-6.849971294403076
448,best,-5.3474931716918945,-5.460925579071045
449,best,-4.371959686279297,-4.746646881103516
450,best,-5.611302852630615,-5.770351886749268
451,best,-5.703341484069824,-5.983839988708496
452,best,-6.033901691436768,-6.303008556365967
453,best,-4.789031028747559,-5.132539749145508
454,best,-4.621902942657471,-4.816287517547607
455,best,-5.984591484069824,-6.0303568840026855
456,best,-5.477313041687012,-5.709779739379883
457,best,-3.981599807739258,-4.242384910583496
458,best,-5.154183387756348,-5.3488030433654785
459,best,-4.780203342437744,-5.015980243682861
460,best,-5.748130798339844,-5.527498245239258
461,best,-4.045594692230225,-4.291146755218506
462,best,-3.9436213970184326,-4.124907493591309
463,best,-4.555013179779053,-4.691884994506836
464,best,-5.207601070404053,-5.385812282562256
465,best,-5.361823081970215,-5.5989203453063965
466,best,-4.517334938049316,-4.517111778259277
467,best,-4.37728214263916,-4.197050094604492
468,best,-4.693810939788818,-4.897307872772217
469,best,-4.622009754180908,-4.972414970397949
470,best,-5.198749542236328,-5.2219696044921875
471,best,-6.693864345550537,-6.274651527404785
472,best,-5.19517707824707,-5.112983226776123
473,best,-4.94049596786499,-5.2704973220825195
474,best,-4.942336082458496,-5.138629913330078
475,best,-4.643034934997559,-4.8175506591796875
476,best,-3.921748161315918,-4.09757137298584
477,best,-5.007027626037598,-5.166762351989746
478,best,-4.649678707122803,-4.792779445648193
479,best,-4.3620781898498535,-4.440266132354736
480,best,-3.627378225326538,-4.0555033683776855
481,best,-4.255651950836182,-4.808773994445801
482,best,-4.641225337982178,-4.957043647766113
483,best,-3.530460834503174,-4.129233360290527
484,best,-3.049647092819214,-3.6258015632629395
485,best,-4.288830757141113,-4.9238505363464355
486,best,-4.288830757141113,-4.9238505363464355
487,best,-4.720142364501953,-5.315915584564209
488,best,-3.1805787086486816,-3.751422166824341
489,best,-5.103743553161621,-5.196171760559082
490,best,-6.011214733123779,-6.360651016235352
491,best,-6.515707969665527,-6.77145528793335
492,best,-4.288830757141113,-4.9238505363464355
493,best,-2.9881062507629395,-3.617978811264038
494,best,-3.8667521476745605,-4.447966575622559
495,best,-4.775850772857666,-4.830880165100098
496,best,-3.0200436115264893,-3.5683658123016357
497,best,-4.484388828277588,-4.698945045471191
498,best,-2.9881062507629395,-3.617978811264038
499,best,-4.115772247314453,-4.385812282562256
500,best,-4.45468282699585,-4.753544330596924
501,best,-4.618469715118408,-4.633842945098877
502,best,-4.955010414123535,-5.397328853607178
503,best,-6.761104106903076,-6.623971462249756
504,best,-4.814228534698486,-4.781408786773682
505,best,-4.718035697937012,-4.775920391082764
506,best,-5.282431125640869,-4.978982925415039
507,best,-6.1707048416137695,-6.192781925201416
508,best,-5.2587714195251465,-5.395321846008301
509,best,-5.180033206939697,-4.900651931762695
510,best,-6.960226058959961,-6.049597263336182
511,best,-6.02132511138916,-6.057803153991699
512,best,-5.533437252044678,-5.41187858581543
513,best,-5.620168209075928,-5.734135150909424
514,best,-5.635251045227051,-5.487110137939453
515,best,-5.156123638153076,-4.794895648956299
516,best,-5.709508419036865,-5.74177360534668
517,best,-4.181217193603516,-4.196556568145752
518,best,-6.027070999145508,-5.894067764282227
519,best,-6.8703083992004395,-6.650729179382324
520,best,-5.511909484863281,-4.5359039306640625
521,best,-5.744897365570068,-5.451555252075195
522,best,-5.261852741241455,-4.943328380584717
523,best,-5.426506519317627,-5.189033031463623
524,best,-3.72442364692688,-3.7009477615356445
525,best,-5.875080108642578,-5.649905204772949
526,best,-3.920135021209717,-3.591639518737793
527,best,-4.639134407043457,-4.697400093078613
528,best,-7.050076484680176,-6.314529895782471
529,best,-6.256114959716797,-5.347411632537842
530,best,-5.18140983581543,-4.583654403686523
531,best,-5.881909370422363,-5.60622501373291
532,best,-6.460618019104004,-4.8329243659973145
533,best,-6.172526836395264,-5.358280181884766
534,best,-6.341503620147705,-4.959695816040039
535,best,-4.508408069610596,-4.445529460906982
536,best,-3.922135829925537,-3.917017698287964
537,best,-5.881909370422363,-5.60622501373291
538,best,-4.3769073486328125,-4.1284589767456055
539,best,-5.199625492095947,-4.981070041656494
540,best,-4.280618190765381,-4.503620624542236
541,best,-4.444012641906738,-4.319058418273926
542,best,-4.366648197174072,-4.449437618255615
543,best,-4.284533500671387,-4.474620342254639
544,best,-4.623728275299072,-4.528994560241699
545,best,-5.046602249145508,-4.586770057678223
546,best,-4.692854404449463,-4.263323783874512
547,best,-5.3838372230529785,-5.3031439781188965
548,best,-4.5947089195251465,-4.639441967010498
549,best,-5.215322494506836,-5.173853874206543
550,best,-4.975093364715576,-4.9606194496154785
551,best,-5.5659589767456055,-5.501749515533447
552,best,-4.7117486000061035,-4.848263263702393
553,best,-5.965183734893799,-5.724815845489502
554,best,-5.625148296356201,-5.453403949737549
555,best,-5.815115928649902,-5.801609039306641
556,best,-4.341993808746338,-4.661413192749023
557,best,-5.030503749847412,-5.164400577545166
558,best,-4.261553764343262,-3.9676897525787354
559,best,-5.170780658721924,-5.388922691345215
560,best,-5.820671558380127,-5.519162178039551
561,best,-4.914756774902344,-4.860518932342529
562,best,-6.712265968322754,-6.261864185333252
563,best,-4.353428363800049,-4.5146164894104
564,best,-5.861724853515625,-5.823818683624268
565,best,-4.069676876068115,-4.238667011260986
566,best,-5.396895408630371,-4.941729545593262
567,best,-5.518949508666992,-5.343504428863525
568,best,-4.911270618438721,-5.0425190925598145
569,best,-5.141737937927246,-5.299407958984375
570,best,-4.9593729972839355,-4.9120659828186035
571,best,-5.346599102020264,-5.132482051849365
572,best,-5.467563152313232,-4.944389343261719
573,best,-6.385440826416016,-6.181636333465576
574,best,-4.004175186157227,-4.139153957366943
575,best,-4.633850574493408,-4.650622367858887
576,best,-4.299834728240967,-4.272407531738281
577,best,-3.077847480773926,-3.371762990951538
578,best,-4.01796293258667,-4.230928421020508
579,best,-4.419419765472412,-4.323807239532471
580,best,-4.762312889099121,-4.794075965881348
581,best,-5.264119625091553,-4.964366912841797
582,best,-4.576671123504639,-4.27889347076416
583,best,-5.6399712562561035,-5.311491966247559
584,best,-5.134471416473389,-5.134835243225098
585,best,-4.174431324005127,-4.161355018615723
586,best,-4.420033931732178,-4.274165630340576
587,best,-5.528459548950195,-5.3687238693237305
588,best,-5.024605751037598,-5.012638568878174
589,best,-5.7913031578063965,-5.439835548400879
590,best,-5.882182598114014,-5.524911403656006
591,best,-6.367372989654541,-5.821573734283447
592,best,-5.18604040145874,-4.7070841789245605
593,best,-4.713581085205078,-4.757804870605469
594,best,-3.3910727500915527,-3.2086780071258545
595,best,-5.482025623321533,-5.15415096282959
596,best,-4.38662052154541,-4.168540954589844
597,best,-4.203921794891357,-3.985217571258545
598,best,-6.376020908355713,-5.642575263977051
599,best,-4.129304885864258,-4.3428263664245605
600,best,-4.6570963859558105,-5.21337366104126
601,best,-5.512191295623779,-5.848208904266357
602,best,-5.645654678344727,-6.012113094329834
603,best,-5.907503128051758,-6.042724609375
604,best,-4.6570963859558105,-5.21337366104126
605,best,-3.357283353805542,-3.733821392059326
606,best,-5.284736156463623,-5.468157768249512
607,best,-4.622111797332764,-5.053534984588623
608,best,-4.91200590133667,-5.306301116943359
609,best,-4.991867542266846,-5.255475044250488
610,best,-4.05626106262207,-4.3659539222717285
611,best,-5.645655155181885,-6.01211404800415
612,best,-3.812561273574829,-4.244848251342773
613,best,-4.62313175201416,-4.86883544921875
614,best,-3.026865005493164,-3.2574124336242676
615,best,-3.639376401901245,-4.244601249694824
616,best,-4.3990864753723145,-4.6635003089904785
617,best,-5.157491207122803,-4.872297763824463
618,best,-4.618768215179443,-5.129202842712402
619,best,-6.179837703704834,-6.535367488861084
620,best,-4.8031744956970215,-4.495728492736816
621,best,-6.685360908508301,-5.72208833694458
622,best,-6.8981428146362305,-6.446844100952148
623,best,-4.494307518005371,-4.252236366271973
624,best,-5.6270551681518555,-4.950953960418701
625,best,-6.046082019805908,-5.457093715667725
626,best,-6.938015937805176,-6.181981563568115
627,best,-4.9930524826049805,-4.644892692565918
628,best,-5.915632247924805,-4.704419136047363
629,best,-6.585260391235352,-5.8701372146606445
630,best,-6.529598236083984,-5.368350028991699
631,best,-6.563061237335205,-5.567028522491455
632,best,-5.518901824951172,-5.1799421310424805
633,best,-4.0142412185668945,-3.7229418754577637
634,best,-5.170863151550293,-4.498527526855469
635,best,-4.23956298828125,-4.150725364685059
636,best,-5.351799964904785,-4.565446853637695
637,best,-4.92022705078125,-4.322940826416016
638,best,-6.792397499084473,-5.9215192794799805
639,best,-4.173450469970703,-3.8991546630859375
640,best,-5.6462836265563965,-3.8558294773101807
641,best,-5.50026798248291,-4.624357223510742
642,best,-5.290992736816406,-4.833105087280273
643,best,-6.631687164306641,-5.335311412811279
644,best,-5.798544406890869,-4.7973785400390625
645,best,-6.4722981452941895,-5.170255661010742
646,best,-6.779031276702881,-5.891773223876953
647,best,-4.488592624664307,-3.720637083053589
648,best,-7.814648151397705,-5.86845064163208
649,best,-7.461906433105469,-6.384850978851318
650,best,-6.364870548248291,-5.5782318115234375
651,best,-5.3164896965026855,-4.666961669921875
652,best,-4.966110706329346,-4.3221940994262695
653,best,-5.198828220367432,-4.560543537139893
654,best,-5.143218994140625,-3.9400248527526855
655,best,-6.499975681304932,-5.533317565917969
656,best,-6.471452713012695,-5.546325206756592
657,best,-7.318649768829346,-6.022749900817871
658,best,-6.386354923248291,-5.7373881340026855
659,best,-6.069708347320557,-5.258016109466553
660,best,-6.799394607543945,-5.991414546966553
661,best,-4.293842792510986,-4.541309356689453
662,best,-6.387666702270508,-5.9681715965271
663,best,-5.730600833892822,-5.507805824279785
664,best,-4.278792381286621,-4.270825386047363
665,best,-4.987120628356934,-5.323146343231201
666,best,-4.46268367767334,-4.492434501647949
667,best,-5.129234313964844,-4.386419296264648
668,best,-4.03702974319458,-4.153529167175293
669,best,-4.472306251525879,-4.378333568572998
670,best,-6.087557315826416,-5.816640853881836
671,best,-4.942409515380859,-4.571959018707275
672,best,-4.672551155090332,-4.606661319732666
673,best,-4.8592143058776855,-4.765050411224365
674,best,-6.087556838989258,-5.816640853881836
675,best,-6.191288948059082,-6.194282531738281
676,best,-7.171706199645996,-6.538061618804932
677,best,-5.178320407867432,-5.023758411407471
678,best,-5.157196044921875,-5.226527214050293
679,best,-5.552981853485107,-5.607351779937744
680,best,-4.642589569091797,-4.085058212280273
681,best,-5.222519397735596,-4.828540802001953
682,best,-5.235008239746094,-4.711949825286865
683,best,-5.851840019226074,-5.082551002502441
684,best,-4.486123085021973,-3.817657947540283
685,best,-3.7907333374023438,-3.43428897857666
686,best,-5.237799644470215,-4.343211650848389
687,best,-4.425741195678711,-4.266898155212402
688,best,-5.0795416831970215,-4.607498645782471
689,best,-6.272244453430176,-5.265168190002441
690,best,-5.58188533782959,-4.836606979370117
691,best,-4.335722923278809,-4.028228282928467
692,best,-5.117003440856934,-4.547914028167725
693,best,-5.089389324188232,-4.700066089630127
694,best,-5.156410217285156,-4.844144344329834
695,best,-5.362289905548096,-5.10195255279541
696,best,-5.980709075927734,-5.693822860717773
697,best,-4.997744083404541,-4.7345733642578125
698,best,-5.59762716293335,-4.825395584106445
699,best,-4.794805526733398,-4.4615912437438965
