item_id,model_state,do,pp
0,initial,-8.469541549682617,-6.646095275878906
1,initial,-8.131258010864258,-7.344146728515625
2,initial,-7.281320095062256,-6.801638126373291
3,initial,-8.886941909790039,-7.848837375640869
4,initial,-8.532772064208984,-6.314181804656982
5,initial,-8.077597618103027,-7.161599636077881
6,initial,-9.731101989746094,-7.669347763061523
7,initial,-8.245430946350098,-6.797257900238037
8,initial,-7.06110143661499,-5.6714558601379395
9,initial,-7.281320095062256,-6.801638126373291
10,initial,-9.339556694030762,-7.659387588500977
11,initial,-6.843929767608643,-6.362081050872803
12,initial,-8.863405227661133,-6.951427936553955
13,initial,-9.754837036132812,-7.339698791503906
14,initial,-7.06110143661499,-5.6714558601379395
15,initial,-9.073369026184082,-7.41205358505249
16,initial,-7.856201171875,-6.593803405761719
17,initial,-7.44365930557251,-6.9490065574646
18,initial,-9.119508743286133,-8.21152400970459
19,initial,-7.321551322937012,-6.739669322967529
20,initial,-6.350543975830078,-6.197601318359375
21,initial,-7.664769649505615,-6.765610218048096
22,initial,-8.713998794555664,-7.75660514831543
23,initial,-7.942912578582764,-6.837620735168457
24,initial,-8.993880271911621,-7.49359655380249
25,initial,-7.942912578582764,-6.837620735168457
26,initial,-9.3783540725708,-7.941300868988037
27,initial,-8.830598831176758,-7.905380725860596
28,initial,-7.043815612792969,-6.600600719451904
29,initial,-9.300549507141113,-8.181353569030762
30,initial,-7.252721786499023,-6.83229398727417
31,initial,-7.980072975158691,-6.923867702484131
32,initial,-8.713998794555664,-7.756605625152588
33,initial,-7.98007345199585,-6.923868179321289
34,initial,-7.375685691833496,-7.030514240264893
35,initial,-8.385963439941406,-8.161829948425293
36,initial,-7.043816089630127,-6.600600719451904
37,initial,-7.98007345199585,-6.923868179321289
38,initial,-6.80357551574707,-6.541115760803223
39,initial,-6.47572135925293,-6.291657447814941
40,initial,-6.831602573394775,-6.4867072105407715
41,initial,-7.509221076965332,-6.905508041381836
42,initial,-7.200401306152344,-6.595273494720459
43,initial,-8.188361167907715,-7.689359188079834
44,initial,-7.804884910583496,-6.895887851715088
45,initial,-7.399228572845459,-6.726806163787842
46,initial,-7.341351509094238,-6.717039585113525
47,initial,-6.947484016418457,-6.64457893371582
48,initial,-8.402008056640625,-7.458468437194824
49,initial,-7.102656364440918,-6.422673225402832
50,initial,-8.31130599975586,-7.364037990570068
51,initial,-9.02582836151123,-7.71329402923584
52,initial,-7.403846740722656,-6.846995830535889
53,initial,-8.208728790283203,-7.448932647705078
54,initial,-8.03282356262207,-7.528374671936035
55,initial,-7.292077541351318,-6.709959506988525
56,initial,-7.566922187805176,-6.8332929611206055
57,initial,-6.761878967285156,-6.398305892944336
58,initial,-7.911696434020996,-6.820870876312256
59,initial,-7.674724102020264,-6.805417060852051
60,initial,-8.693206787109375,-7.711030006408691
61,initial,-9.56776237487793,-8.169244766235352
62,initial,-9.777289390563965,-8.122113227844238
63,initial,-9.964456558227539,-8.159442901611328
64,initial,-8.55949592590332,-7.843621253967285
65,initial,-7.794312953948975,-6.986462116241455
66,initial,-9.069381713867188,-7.690123558044434
67,initial,-10.802510261535645,-9.325753211975098
68,initial,-8.93376350402832,-7.107082366943359
69,initial,-8.433560371398926,-7.415152072906494
70,initial,-8.642668724060059,-7.558398246765137
71,initial,-9.889976501464844,-8.486715316772461
72,initial,-7.349231243133545,-6.6735639572143555
73,initial,-8.365339279174805,-7.42093563079834
74,initial,-7.289483070373535,-7.023703098297119
75,initial,-10.0606107711792,-7.873137950897217
76,initial,-8.580220222473145,-7.562412738800049
77,initial,-10.12796401977539,-8.096768379211426
78,initial,-7.8425421714782715,-6.8619384765625
79,initial,-8.48573112487793,-7.3907904624938965
80,initial,-5.961930274963379,-5.4517598152160645
81,initial,-6.0005574226379395,-5.369081974029541
82,initial,-7.848301410675049,-7.276156425476074
83,initial,-6.891613006591797,-6.0621490478515625
84,initial,-7.095301628112793,-6.3867268562316895
85,initial,-8.642560958862305,-7.5894060134887695
86,initial,-8.119918823242188,-7.567415714263916
87,initial,-7.045578956604004,-6.946991920471191
88,initial,-7.129856109619141,-6.76546049118042
89,initial,-5.812057971954346,-5.558365821838379
90,initial,-6.9761643409729,-5.922058582305908
91,initial,-9.104813575744629,-8.335695266723633
92,initial,-6.067636489868164,-5.702578544616699
93,initial,-7.278264999389648,-6.650978088378906
94,initial,-7.319821357727051,-6.7555999755859375
95,initial,-7.107269287109375,-6.585693836212158
96,initial,-6.194931983947754,-5.470683574676514
97,initial,-6.53353214263916,-6.02862548828125
98,initial,-8.42616081237793,-7.548400402069092
99,initial,-6.536645889282227,-5.684199333190918
100,initial,-7.606503009796143,-6.562245845794678
101,initial,-7.678051471710205,-6.9792656898498535
102,initial,-8.784812927246094,-7.201144695281982
103,initial,-7.459261417388916,-6.329919338226318
104,initial,-7.459261417388916,-6.329919338226318
105,initial,-7.021716117858887,-6.229352951049805
106,initial,-8.733394622802734,-7.492248058319092
107,initial,-8.304976463317871,-7.188544273376465
108,initial,-6.642155170440674,-5.5060505867004395
109,initial,-9.222582817077637,-8.213007926940918
110,initial,-8.74924373626709,-7.6077165603637695
111,initial,-7.317249298095703,-6.600395202636719
112,initial,-8.84369945526123,-7.477566242218018
113,initial,-8.972233772277832,-7.6080474853515625
114,initial,-7.194970607757568,-6.6200480461120605
115,initial,-7.535252571105957,-6.997978210449219
116,initial,-9.252816200256348,-8.151999473571777
117,initial,-8.114749908447266,-7.254125118255615
118,initial,-8.733394622802734,-7.492248058319092
119,initial,-9.026232719421387,-8.046698570251465
120,initial,-7.089108943939209,-5.703714847564697
121,initial,-6.716441631317139,-5.1101555824279785
122,initial,-7.593547821044922,-6.117194175720215
123,initial,-7.176784515380859,-5.686916351318359
124,initial,-7.259382724761963,-6.02739143371582
125,initial,-9.161914825439453,-6.910398960113525
126,initial,-9.069632530212402,-7.857398986816406
127,initial,-8.70038890838623,-6.538974285125732
128,initial,-7.437849521636963,-5.894329071044922
129,initial,-8.640028953552246,-6.622919082641602
130,initial,-7.633533477783203,-5.991931438446045
131,initial,-6.9379401206970215,-5.898067474365234
132,initial,-6.71119499206543,-5.7351226806640625
133,initial,-9.12073802947998,-7.068462371826172
134,initial,-8.640028953552246,-6.622919082641602
135,initial,-7.4956865310668945,-5.467594623565674
136,initial,-7.229897975921631,-5.820964813232422
137,initial,-7.4956865310668945,-5.467594623565674
138,initial,-9.161914825439453,-6.910398960113525
139,initial,-7.311576843261719,-6.214753150939941
140,initial,-6.974914073944092,-6.03147029876709
141,initial,-8.20971965789795,-7.094218730926514
142,initial,-7.093515396118164,-6.072630405426025
143,initial,-6.483747482299805,-5.341518878936768
144,initial,-8.431207656860352,-7.491492748260498
145,initial,-7.288643836975098,-5.880850791931152
146,initial,-8.665732383728027,-7.100339412689209
147,initial,-8.67278003692627,-7.314643383026123
148,initial,-7.4510016441345215,-6.421946048736572
149,initial,-7.892301082611084,-6.731606483459473
150,initial,-7.851424217224121,-7.100295066833496
151,initial,-8.115497589111328,-7.036530494689941
152,initial,-8.839837074279785,-7.548090934753418
153,initial,-8.133344650268555,-6.853660583496094
154,initial,-6.974914073944092,-6.03147029876709
155,initial,-8.665732383728027,-7.100339412689209
156,initial,-8.673391342163086,-7.186929702758789
157,initial,-8.326372146606445,-6.803744316101074
158,initial,-7.664360046386719,-6.277059555053711
159,initial,-8.665732383728027,-7.100339412689209
160,initial,-8.822736740112305,-6.968434810638428
161,initial,-8.667703628540039,-6.189105987548828
162,initial,-8.789674758911133,-7.3161115646362305
163,initial,-9.81987476348877,-8.31255054473877
164,initial,-10.273782730102539,-8.069182395935059
165,initial,-7.156944274902344,-6.053951263427734
166,initial,-8.629859924316406,-7.097107410430908
167,initial,-9.81987476348877,-8.31255054473877
168,initial,-8.788689613342285,-7.0778913497924805
169,initial,-8.607336044311523,-7.229011058807373
170,initial,-9.776650428771973,-7.929452896118164
171,initial,-8.874144554138184,-6.784399509429932
172,initial,-7.849533557891846,-6.584615230560303
173,initial,-9.484514236450195,-7.787647247314453
174,initial,-9.715226173400879,-7.654089450836182
175,initial,-8.851978302001953,-7.12847375869751
176,initial,-9.955045700073242,-7.792381286621094
177,initial,-8.236981391906738,-6.691351413726807
178,initial,-8.105834007263184,-6.4501237869262695
179,initial,-8.835796356201172,-6.731706142425537
180,initial,-6.8600006103515625,-6.118890762329102
181,initial,-5.709381580352783,-5.024011135101318
182,initial,-6.203286170959473,-5.8606767654418945
183,initial,-6.778261184692383,-6.288734436035156
184,initial,-6.723966121673584,-5.543885707855225
185,initial,-7.379072189331055,-6.507552146911621
186,initial,-7.117948055267334,-6.62820291519165
187,initial,-8.955659866333008,-7.582408428192139
188,initial,-6.285092353820801,-5.4135565757751465
189,initial,-7.499969482421875,-6.34713888168335
190,initial,-7.703551769256592,-6.201829433441162
191,initial,-6.8600006103515625,-6.118890762329102
192,initial,-7.324601173400879,-6.4638566970825195
193,initial,-7.422266960144043,-6.741234302520752
194,initial,-6.518041133880615,-6.0773091316223145
195,initial,-7.669528484344482,-6.5987067222595215
196,initial,-7.620460510253906,-6.391420364379883
197,initial,-7.756490230560303,-6.5955119132995605
198,initial,-8.349772453308105,-7.319693565368652
199,initial,-6.835129261016846,-5.856928825378418
200,initial,-6.163963317871094,-4.9779157638549805
201,initial,-7.517514705657959,-6.729112148284912
202,initial,-8.064753532409668,-6.695405006408691
203,initial,-7.32321310043335,-5.777536869049072
204,initial,-7.32321310043335,-5.777536869049072
205,initial,-6.9833760261535645,-6.185283660888672
206,initial,-9.10824203491211,-7.79242467880249
207,initial,-8.472373008728027,-7.0690789222717285
208,initial,-7.32321310043335,-5.777536869049072
209,initial,-6.9833760261535645,-6.185283660888672
210,initial,-8.052620887756348,-6.58001184463501
211,initial,-7.562225341796875,-6.349335670471191
212,initial,-7.562225341796875,-6.349335670471191
213,initial,-8.342911720275879,-7.080948352813721
214,initial,-8.052620887756348,-6.58001184463501
215,initial,-7.924489498138428,-6.433894634246826
216,initial,-8.540548324584961,-7.251877307891846
217,initial,-9.019732475280762,-7.453053951263428
218,initial,-7.036843299865723,-5.69655179977417
219,initial,-6.977405071258545,-5.451992988586426
220,initial,-7.173549652099609,-6.61567497253418
221,initial,-7.430636405944824,-6.940191745758057
222,initial,-7.207118511199951,-6.574617862701416
223,initial,-7.293796062469482,-6.944797039031982
224,initial,-8.065009117126465,-7.286800384521484
225,initial,-7.2311601638793945,-7.068082809448242
226,initial,-7.4354248046875,-6.882584095001221
227,initial,-6.887083053588867,-6.647271633148193
228,initial,-7.097254753112793,-6.850858211517334
229,initial,-7.2311601638793945,-7.068082809448242
230,initial,-8.000059127807617,-7.14945125579834
231,initial,-6.643406867980957,-6.08160924911499
232,initial,-7.842893123626709,-7.08756685256958
233,initial,-8.776430130004883,-8.017110824584961
234,initial,-8.681668281555176,-8.076045989990234
235,initial,-6.820626258850098,-6.4123945236206055
236,initial,-6.970210075378418,-6.292040824890137
237,initial,-6.761387348175049,-6.500216960906982
238,initial,-8.43016529083252,-8.08198356628418
239,initial,-7.7122802734375,-7.454765319824219
240,initial,-6.499561309814453,-6.6297478675842285
241,initial,-7.168216705322266,-7.065670013427734
242,initial,-7.690761566162109,-7.2964043617248535
243,initial,-7.093067646026611,-6.985665321350098
244,initial,-7.761765003204346,-7.443751811981201
245,initial,-7.933380603790283,-7.819741725921631
246,initial,-6.989566802978516,-6.936877727508545
247,initial,-7.73572301864624,-7.56293249130249
248,initial,-8.106752395629883,-8.082157135009766
249,initial,-8.048659324645996,-7.857739448547363
250,initial,-7.7593302726745605,-7.514378547668457
251,initial,-6.671046257019043,-6.587090969085693
252,initial,-6.79408597946167,-6.66439151763916
253,initial,-7.191093444824219,-7.158382892608643
254,initial,-6.670637130737305,-6.496867656707764
255,initial,-7.259420394897461,-7.035993576049805
256,initial,-8.47136116027832,-8.122159957885742
257,initial,-8.309334754943848,-8.171786308288574
258,initial,-6.9253764152526855,-6.821040630340576
259,initial,-5.937048435211182,-5.9409499168396
260,initial,-6.716092586517334,-6.637916564941406
261,initial,-6.716805934906006,-6.891266822814941
262,initial,-6.454377174377441,-6.391247749328613
263,initial,-7.5191779136657715,-7.376309871673584
264,initial,-7.329357624053955,-7.246401786804199
265,initial,-7.016419410705566,-6.9060516357421875
266,initial,-6.6572675704956055,-6.655689716339111
267,initial,-6.623346328735352,-6.528746128082275
268,initial,-6.846430778503418,-6.689109802246094
269,initial,-6.944777965545654,-7.004202365875244
270,initial,-6.536094665527344,-6.666927814483643
271,initial,-6.195658206939697,-6.486448764801025
272,initial,-6.0467047691345215,-6.0205912590026855
273,initial,-6.6293134689331055,-6.193101406097412
274,initial,-7.537282943725586,-7.319171905517578
275,initial,-6.038474082946777,-5.945188522338867
276,initial,-6.379244804382324,-6.493138790130615
277,initial,-6.4281721115112305,-6.561244010925293
278,initial,-6.900722503662109,-6.996589660644531
279,initial,-6.891828536987305,-6.765717506408691
280,initial,-9.176858901977539,-8.606790542602539
281,initial,-8.639366149902344,-8.208877563476562
282,initial,-8.322854042053223,-8.486091613769531
283,initial,-7.650733470916748,-7.928700923919678
284,initial,-7.4682841300964355,-7.008196830749512
285,initial,-7.111205577850342,-7.018552303314209
286,initial,-8.834402084350586,-8.196415901184082
287,initial,-8.068719863891602,-7.594235897064209
288,initial,-8.273011207580566,-7.837061882019043
289,initial,-6.9123687744140625,-6.843908786773682
290,initial,-8.093528747558594,-7.822401523590088
291,initial,-9.143379211425781,-8.497782707214355
292,initial,-7.770585536956787,-7.6785430908203125
293,initial,-8.917831420898438,-8.350197792053223
294,initial,-7.028811454772949,-6.409878253936768
295,initial,-7.908082962036133,-7.443013668060303
296,initial,-7.764464378356934,-7.459001541137695
297,initial,-9.513450622558594,-8.97079086303711
298,initial,-7.527978897094727,-7.615715026855469
299,initial,-8.49748420715332,-8.384841918945312
300,initial,-7.029387474060059,-6.753976345062256
301,initial,-7.2242937088012695,-7.340404987335205
302,initial,-6.029421806335449,-5.835811138153076
303,initial,-7.236875534057617,-6.655960559844971
304,initial,-6.2957682609558105,-6.023952960968018
305,initial,-7.215238094329834,-7.058937072753906
306,initial,-8.57036018371582,-8.240842819213867
307,initial,-6.457980632781982,-6.104942798614502
308,initial,-6.595142364501953,-6.442627429962158
309,initial,-6.379007339477539,-6.045690536499023
310,initial,-7.93134069442749,-7.504281520843506
311,initial,-7.072463035583496,-6.9657697677612305
312,initial,-6.965911388397217,-6.5131354331970215
313,initial,-6.460458755493164,-6.20979118347168
314,initial,-6.494106769561768,-6.473445415496826
315,initial,-6.336589813232422,-5.9292826652526855
316,initial,-5.573256015777588,-5.468802452087402
317,initial,-7.296994209289551,-7.222971439361572
318,initial,-6.0363287925720215,-5.7435832023620605
319,initial,-7.812589645385742,-7.264063835144043
320,initial,-5.821136951446533,-5.314117431640625
321,initial,-7.2620744705200195,-6.548829078674316
322,initial,-6.913698673248291,-6.886446952819824
323,initial,-6.936662197113037,-6.393431663513184
324,initial,-7.051292896270752,-6.867983818054199
325,initial,-6.9838762283325195,-6.908759117126465
326,initial,-7.693690776824951,-7.363704204559326
327,initial,-7.634992599487305,-7.192566871643066
328,initial,-5.818449020385742,-5.609982490539551
329,initial,-7.573509216308594,-7.357203960418701
330,initial,-6.2642822265625,-5.844225883483887
331,initial,-7.369314670562744,-6.8966264724731445
332,initial,-7.66733455657959,-7.223899841308594
333,initial,-6.6518874168396,-6.422664642333984
334,initial,-6.403057098388672,-6.0042619705200195
335,initial,-6.4423112869262695,-6.263480186462402
336,initial,-7.666414737701416,-7.3886518478393555
337,initial,-6.651347637176514,-6.319846153259277
338,initial,-5.8051252365112305,-5.583820343017578
339,initial,-7.377535820007324,-6.853893280029297
340,initial,-7.034435749053955,-6.434383869171143
341,initial,-9.822969436645508,-8.868916511535645
342,initial,-9.73243522644043,-8.219406127929688
343,initial,-9.958827018737793,-8.972240447998047
344,initial,-8.278594017028809,-7.653820037841797
345,initial,-7.836397647857666,-7.052956581115723
346,initial,-9.532094955444336,-8.340739250183105
347,initial,-7.815863132476807,-8.185104370117188
348,initial,-10.026338577270508,-8.403485298156738
349,initial,-8.585124969482422,-8.107789039611816
350,initial,-8.312568664550781,-8.858011245727539
351,initial,-9.86088752746582,-9.338993072509766
352,initial,-8.386334419250488,-7.65509557723999
353,initial,-9.448745727539062,-8.060500144958496
354,initial,-7.797607421875,-6.874551296234131
355,initial,-8.415068626403809,-8.3736572265625
356,initial,-9.9395112991333,-9.515707015991211
357,initial,-9.445645332336426,-9.342745780944824
358,initial,-8.850332260131836,-7.6060791015625
359,initial,-8.33975887298584,-7.336067199707031
360,initial,-8.027471542358398,-8.007180213928223
361,initial,-8.969480514526367,-8.33055591583252
362,initial,-7.442632675170898,-7.50058650970459
363,initial,-7.057435512542725,-7.472416400909424
364,initial,-7.1164045333862305,-7.39673376083374
365,initial,-7.2810869216918945,-7.471775531768799
366,initial,-7.094212532043457,-8.014901161193848
367,initial,-7.895286560058594,-7.94733190536499
368,initial,-8.962579727172852,-8.613448143005371
369,initial,-9.872037887573242,-9.73035717010498
370,initial,-8.084467887878418,-7.898998260498047
371,initial,-9.592619895935059,-9.60280990600586
372,initial,-9.318720817565918,-8.834941864013672
373,initial,-9.293889999389648,-9.515162467956543
374,initial,-7.585400581359863,-8.182726860046387
375,initial,-7.00460147857666,-6.682162284851074
376,initial,-7.293269157409668,-7.846611022949219
377,initial,-8.969480514526367,-8.33055591583252
378,initial,-7.057435512542725,-7.472416400909424
379,initial,-7.528898239135742,-7.845015048980713
380,initial,-7.2204999923706055,-7.370735168457031
381,initial,-8.82935905456543,-8.147211074829102
382,initial,-7.375805854797363,-7.444438457489014
383,initial,-8.605158805847168,-8.404390335083008
384,initial,-6.641167640686035,-6.265982151031494
385,initial,-7.964423656463623,-7.942373752593994
386,initial,-8.175690650939941,-7.709925651550293
387,initial,-8.814464569091797,-8.399918556213379
388,initial,-7.209177017211914,-7.127960205078125
389,initial,-7.257530212402344,-7.362137794494629
390,initial,-7.068942546844482,-7.4098615646362305
391,initial,-7.40846061706543,-7.228235721588135
392,initial,-7.819718837738037,-7.693901062011719
393,initial,-8.796574592590332,-8.718663215637207
394,initial,-7.398892402648926,-7.702846050262451
395,initial,-8.85420036315918,-8.44469165802002
396,initial,-7.970746040344238,-7.905175685882568
397,initial,-6.961853981018066,-7.276439666748047
398,initial,-7.2509613037109375,-7.691334247589111
399,initial,-7.398400783538818,-7.099941730499268
400,initial,-9.370219230651855,-7.955292701721191
401,initial,-9.466639518737793,-9.268647193908691
402,initial,-10.291913986206055,-10.261223793029785
403,initial,-7.728856563568115,-7.331608295440674
404,initial,-9.395532608032227,-8.385294914245605
405,initial,-9.230127334594727,-8.21737003326416
406,initial,-8.893160820007324,-8.636622428894043
407,initial,-8.406206130981445,-7.978142738342285
408,initial,-8.087069511413574,-7.8124566078186035
409,initial,-9.149190902709961,-7.89998197555542
410,initial,-7.82915735244751,-7.4845123291015625
411,initial,-9.646970748901367,-9.154499053955078
412,initial,-9.907243728637695,-9.114731788635254
413,initial,-8.41512680053711,-8.059311866760254
414,initial,-9.173213005065918,-9.233407020568848
415,initial,-9.219111442565918,-8.642043113708496
416,initial,-9.979379653930664,-9.26722526550293
417,initial,-9.616323471069336,-8.774325370788574
418,initial,-8.79030990600586,-7.6415252685546875
419,initial,-7.728857517242432,-7.331608295440674
420,initial,-8.024028778076172,-7.514189720153809
421,initial,-6.638209819793701,-6.60854959487915
422,initial,-6.953314781188965,-6.858800888061523
423,initial,-7.493434429168701,-6.970273017883301
424,initial,-6.958094120025635,-6.50278902053833
425,initial,-8.685542106628418,-8.36330795288086
426,initial,-9.283658981323242,-8.65545654296875
427,initial,-9.514874458312988,-9.29574966430664
428,initial,-8.326519966125488,-8.073530197143555
429,initial,-6.751911163330078,-6.65327787399292
430,initial,-9.280738830566406,-9.18699836730957
431,initial,-6.992824077606201,-6.8959503173828125
432,initial,-6.840329647064209,-7.0487518310546875
433,initial,-9.057313919067383,-8.651572227478027
434,initial,-7.836876392364502,-7.380904197692871
435,initial,-6.922501087188721,-6.53198766708374
436,initial,-6.795607089996338,-6.558511257171631
437,initial,-6.442448616027832,-6.158206939697266
438,initial,-6.76436185836792,-6.91416597366333
439,initial,-7.2311201095581055,-6.782630443572998
440,initial,-8.054923057556152,-7.460175037384033
441,initial,-6.6243743896484375,-6.083469867706299
442,initial,-7.9734930992126465,-7.758979320526123
443,initial,-7.354286193847656,-6.726319789886475
444,initial,-7.72612190246582,-6.882513999938965
445,initial,-8.09639835357666,-7.6892900466918945
446,initial,-8.55640697479248,-8.232684135437012
447,initial,-9.08038330078125,-8.639252662658691
448,initial,-7.769561767578125,-7.015413284301758
449,initial,-7.075126647949219,-6.911423206329346
450,initial,-8.285185813903809,-7.64424467086792
451,initial,-8.154189109802246,-7.833187103271484
452,initial,-9.030409812927246,-8.651532173156738
453,initial,-7.465367794036865,-6.523430824279785
454,initial,-7.108260154724121,-6.690244674682617
455,initial,-7.428045749664307,-7.182991981506348
456,initial,-7.222391605377197,-7.006068229675293
457,initial,-7.21034574508667,-6.932740688323975
458,initial,-7.718307971954346,-7.342198371887207
459,initial,-7.805334568023682,-7.436221122741699
460,initial,-8.565670013427734,-7.712384223937988
461,initial,-5.992140769958496,-5.715108871459961
462,initial,-5.541008949279785,-5.512252330780029
463,initial,-7.29403018951416,-6.99038553237915
464,initial,-6.844894886016846,-6.815594673156738
465,initial,-6.818305969238281,-6.825599670410156
466,initial,-6.295903205871582,-6.06191349029541
467,initial,-7.101365089416504,-6.708039283752441
468,initial,-7.142291069030762,-6.847812175750732
469,initial,-6.7639899253845215,-6.71082067489624
470,initial,-7.202408790588379,-6.838353157043457
471,initial,-8.484705924987793,-7.706252098083496
472,initial,-6.7112860679626465,-6.724228858947754
473,initial,-6.940885543823242,-6.966050624847412
474,initial,-6.81965970993042,-6.8499884605407715
475,initial,-7.304754257202148,-6.816872596740723
476,initial,-5.711120128631592,-5.897897243499756
477,initial,-6.6130194664001465,-6.5978288650512695
478,initial,-6.358442306518555,-6.216178894042969
479,initial,-6.137166500091553,-5.928541660308838
480,initial,-5.742337703704834,-5.9430155754089355
481,initial,-6.355343341827393,-6.496212005615234
482,initial,-7.318270206451416,-7.150643348693848
483,initial,-5.384339332580566,-5.498650074005127
484,initial,-5.3017778396606445,-5.26718807220459
485,initial,-5.793525218963623,-5.870273113250732
486,initial,-5.793525218963623,-5.870273113250732
487,initial,-6.644575119018555,-6.795139312744141
488,initial,-5.57335901260376,-5.523166179656982
489,initial,-7.020255088806152,-6.813697814941406
490,initial,-7.728142738342285,-7.404537200927734
491,initial,-8.362445831298828,-8.080530166625977
492,initial,-5.793525218963623,-5.870273113250732
493,initial,-5.2384185791015625,-5.309807777404785
494,initial,-6.740126609802246,-6.547338008880615
495,initial,-7.185930252075195,-6.942811489105225
496,initial,-5.393586158752441,-5.754088401794434
497,initial,-6.26877498626709,-6.178295612335205
498,initial,-5.2384185791015625,-5.309807777404785
499,initial,-7.039524078369141,-6.843581199645996
500,initial,-5.868066310882568,-6.0629401206970215
501,initial,-6.154184341430664,-6.120180130004883
502,initial,-6.758871555328369,-6.260782241821289
503,initial,-8.236943244934082,-7.781258583068848
504,initial,-5.989361763000488,-5.7440876960754395
505,initial,-6.348154067993164,-6.483245849609375
506,initial,-6.6667160987854,-6.682310104370117
507,initial,-8.0192232131958,-7.650881290435791
508,initial,-6.90144157409668,-6.777949333190918
509,initial,-6.235044479370117,-5.929480075836182
510,initial,-7.77127742767334,-7.408579349517822
511,initial,-7.899575233459473,-7.552026271820068
512,initial,-6.063154220581055,-6.194493293762207
513,initial,-6.688610076904297,-6.330060005187988
514,initial,-6.529454231262207,-6.7321858406066895
515,initial,-7.009579181671143,-6.9307098388671875
516,initial,-6.699414253234863,-6.6969757080078125
517,initial,-5.6170783042907715,-5.3074564933776855
518,initial,-6.981978893280029,-7.176980495452881
519,initial,-8.109403610229492,-7.887506008148193
520,initial,-7.920185089111328,-7.088199615478516
521,initial,-7.088467121124268,-6.8769850730896
522,initial,-7.9913129806518555,-7.333996772766113
523,initial,-7.095361232757568,-6.871312141418457
524,initial,-6.236815452575684,-6.037004470825195
525,initial,-7.7006683349609375,-7.48681640625
526,initial,-5.902928829193115,-5.630008220672607
527,initial,-6.13899040222168,-6.252076625823975
528,initial,-9.398340225219727,-8.150647163391113
529,initial,-7.470205307006836,-7.177541732788086
530,initial,-6.829596042633057,-6.328059673309326
531,initial,-8.768583297729492,-8.263167381286621
532,initial,-8.856427192687988,-7.786431789398193
533,initial,-7.670881271362305,-6.976081371307373
534,initial,-8.515883445739746,-7.631537437438965
535,initial,-6.452229976654053,-6.2003583908081055
536,initial,-6.354454040527344,-6.172356605529785
537,initial,-8.768583297729492,-8.263167381286621
538,initial,-6.070847988128662,-5.811957836151123
539,initial,-6.400486946105957,-6.272040843963623
540,initial,-5.006726264953613,-5.1595458984375
541,initial,-5.404370307922363,-5.415706157684326
542,initial,-6.317889213562012,-6.098379611968994
543,initial,-5.622394561767578,-5.4728779792785645
544,initial,-5.266005516052246,-5.447869777679443
545,initial,-5.849420070648193,-5.7731709480285645
546,initial,-6.2942633628845215,-6.019068717956543
547,initial,-6.199060440063477,-6.104733943939209
548,initial,-5.581504821777344,-5.596545696258545
549,initial,-6.12919282913208,-6.029178619384766
550,initial,-5.924518585205078,-5.81618070602417
551,initial,-6.896031379699707,-6.729158878326416
552,initial,-5.914394855499268,-5.804372787475586
553,initial,-7.456361293792725,-6.843801975250244
554,initial,-7.279208183288574,-7.068310260772705
555,initial,-7.187082767486572,-6.870355606079102
556,initial,-5.494247913360596,-5.76482629776001
557,initial,-6.411139965057373,-6.213159084320068
558,initial,-5.583851337432861,-5.759605884552002
559,initial,-6.147501468658447,-6.066710948944092
560,initial,-7.246003150939941,-6.699557304382324
561,initial,-7.063135147094727,-6.3032145500183105
562,initial,-7.821455955505371,-7.812098026275635
563,initial,-5.934240341186523,-5.875682830810547
564,initial,-8.11638355255127,-7.46848201751709
565,initial,-5.528709411621094,-5.312087059020996
566,initial,-6.654836654663086,-6.177611827850342
567,initial,-6.931194305419922,-6.407949924468994
568,initial,-6.697518348693848,-6.588680744171143
569,initial,-6.746942520141602,-6.4213995933532715
570,initial,-6.993640899658203,-6.758543014526367
571,initial,-6.8773956298828125,-6.625180244445801
572,initial,-6.751945495605469,-6.396921634674072
573,initial,-7.937191963195801,-7.317821025848389
574,initial,-5.633519649505615,-5.493523120880127
575,initial,-5.761929035186768,-5.4952168464660645
576,initial,-6.359503746032715,-6.214784145355225
577,initial,-5.205290794372559,-4.896145343780518
578,initial,-5.660309314727783,-5.435388565063477
579,initial,-5.771673202514648,-5.291557788848877
580,initial,-7.351717948913574,-6.251932621002197
581,initial,-8.182979583740234,-7.4406232833862305
582,initial,-6.34085750579834,-5.895761966705322
583,initial,-8.15126895904541,-7.201975345611572
584,initial,-7.834495544433594,-6.735469818115234
585,initial,-6.304799556732178,-5.838261604309082
586,initial,-7.4310150146484375,-6.2585129737854
587,initial,-8.295181274414062,-7.613232135772705
588,initial,-8.19517707824707,-7.155753135681152
589,initial,-7.6093363761901855,-7.113720893859863
590,initial,-7.900424957275391,-7.110727787017822
591,initial,-7.932912349700928,-6.993876934051514
592,initial,-8.404934883117676,-7.096915245056152
593,initial,-6.654127597808838,-6.169317245483398
594,initial,-6.3572893142700195,-5.28093957901001
595,initial,-8.58724594116211,-7.19323205947876
596,initial,-6.557599067687988,-5.724055290222168
597,initial,-7.7100067138671875,-6.378731727600098
598,initial,-8.622220039367676,-7.253979682922363
599,initial,-7.443218231201172,-6.327788352966309
600,initial,-6.580916881561279,-6.096270561218262
601,initial,-8.718879699707031,-7.79143762588501
602,initial,-8.913559913635254,-8.034455299377441
603,initial,-7.932981967926025,-7.3657546043396
604,initial,-6.580916881561279,-6.096270561218262
605,initial,-7.020047664642334,-6.648313045501709
606,initial,-8.378493309020996,-7.73077917098999
607,initial,-7.358271598815918,-6.636935234069824
608,initial,-7.794456481933594,-7.12037992477417
609,initial,-8.114068031311035,-7.355308532714844
610,initial,-6.931981086730957,-6.348596572875977
611,initial,-8.913558959960938,-8.034456253051758
612,initial,-6.8113484382629395,-6.453773021697998
613,initial,-7.552701473236084,-7.102651119232178
614,initial,-6.289613246917725,-6.067331790924072
615,initial,-6.805301666259766,-6.371101379394531
616,initial,-6.519944667816162,-6.218935012817383
617,initial,-7.995946884155273,-7.241057872772217
618,initial,-7.148179531097412,-6.506667613983154
619,initial,-8.119555473327637,-7.352059364318848
620,initial,-6.870306015014648,-6.407968997955322
621,initial,-7.391269207000732,-7.008166790008545
622,initial,-8.176240921020508,-7.836015701293945
623,initial,-6.509495735168457,-6.180213451385498
624,initial,-7.519139289855957,-6.95677375793457
625,initial,-7.144509315490723,-7.142935276031494
626,initial,-8.076469421386719,-7.415919780731201
627,initial,-6.631536483764648,-6.252877712249756
628,initial,-6.882150650024414,-6.4130072593688965
629,initial,-8.14010238647461,-7.4394049644470215
630,initial,-7.79904842376709,-7.437802791595459
631,initial,-7.373030662536621,-6.958408832550049
632,initial,-6.360325336456299,-6.215610504150391
633,initial,-5.960302352905273,-5.533858299255371
634,initial,-6.864327907562256,-6.445734024047852
635,initial,-5.923930644989014,-5.888132572174072
636,initial,-7.119041919708252,-6.596969127655029
637,initial,-6.091850757598877,-5.856249809265137
638,initial,-7.558041572570801,-6.90397834777832
639,initial,-6.228304862976074,-5.79458475112915
640,initial,-8.046243667602539,-7.02921199798584
641,initial,-7.612438678741455,-7.105936050415039
642,initial,-7.841781139373779,-7.3253254890441895
643,initial,-8.460938453674316,-7.5161309242248535
644,initial,-8.02186107635498,-7.106417179107666
645,initial,-8.731385231018066,-7.4456353187561035
646,initial,-9.42446517944336,-8.823437690734863
647,initial,-7.556678295135498,-6.152365684509277
648,initial,-9.570483207702637,-8.423080444335938
649,initial,-9.079909324645996,-8.263958930969238
650,initial,-7.831477642059326,-7.187718868255615
651,initial,-7.338852882385254,-6.559053421020508
652,initial,-6.949134349822998,-6.0821709632873535
653,initial,-7.596336364746094,-6.742673397064209
654,initial,-7.882017612457275,-7.0187788009643555
655,initial,-8.90872573852539,-7.976254463195801
656,initial,-8.791293144226074,-7.548858642578125
657,initial,-8.951879501342773,-7.9619293212890625
658,initial,-8.454925537109375,-7.725006580352783
659,initial,-8.325299263000488,-7.170050144195557
660,initial,-7.861564636230469,-7.0550127029418945
661,initial,-5.717039585113525,-5.361060619354248
662,initial,-8.009255409240723,-7.489891052246094
663,initial,-7.313083171844482,-6.958601951599121
664,initial,-6.108051300048828,-5.913208484649658
665,initial,-6.247509956359863,-6.052334308624268
666,initial,-5.784696102142334,-5.703306198120117
667,initial,-6.847158432006836,-6.583525657653809
668,initial,-5.899912357330322,-5.642227649688721
669,initial,-4.991005897521973,-5.454984664916992
670,initial,-7.753547191619873,-6.912257671356201
671,initial,-6.7213006019592285,-6.126836776733398
672,initial,-6.946346282958984,-6.623262405395508
673,initial,-5.751321792602539,-5.36704683303833
674,initial,-7.753547191619873,-6.912257671356201
675,initial,-7.16991662979126,-6.629159927368164
676,initial,-8.140632629394531,-7.641682147979736
677,initial,-6.39212703704834,-6.201638698577881
678,initial,-6.8175048828125,-6.587622165679932
679,initial,-7.048216819763184,-6.5460710525512695
680,initial,-7.102646350860596,-6.356223106384277
681,initial,-7.394413948059082,-6.479630947113037
682,initial,-6.570288181304932,-5.973100185394287
683,initial,-7.568698883056641,-6.828944206237793
684,initial,-7.060530662536621,-6.588345050811768
685,initial,-6.300940036773682,-5.56698751449585
686,initial,-7.03554105758667,-6.7263360023498535
687,initial,-6.321367263793945,-6.23975944519043
688,initial,-7.18157434463501,-6.075769424438477
689,initial,-7.87044620513916,-7.24234676361084
690,initial,-6.501813888549805,-6.379903316497803
691,initial,-6.438350200653076,-5.7690558433532715
692,initial,-7.075677394866943,-6.743751525878906
693,initial,-7.083493232727051,-6.436976432800293
694,initial,-7.3258957862854,-7.476467609405518
695,initial,-7.777803897857666,-7.352222919464111
696,initial,-8.088071823120117,-7.446399688720703
697,initial,-6.60195255279541,-6.223073482513428
698,initial,-6.803975582122803,-6.853151798248291
699,initial,-6.177292346954346,-5.866268634796143
0,final,-8.083222389221191,-6.266628742218018
1,final,-7.6469597816467285,-6.815114498138428
2,final,-6.864963531494141,-6.2914581298828125
3,final,-8.506299018859863,-7.438183307647705
4,final,-8.051941871643066,-5.917911052703857
5,final,-7.6122002601623535,-6.594944000244141
6,final,-9.341611862182617,-7.24908971786499
7,final,-7.7820892333984375,-6.249613285064697
8,final,-6.62439489364624,-5.252684116363525
9,final,-6.864963531494141,-6.2914581298828125
10,final,-8.941697120666504,-7.274770259857178
11,final,-6.426854610443115,-5.799774646759033
12,final,-8.424555778503418,-6.56048059463501
13,final,-9.262104988098145,-6.880147457122803
14,final,-6.62439489364624,-5.252684116363525
15,final,-8.657072067260742,-6.995126724243164
16,final,-7.454362392425537,-6.171140193939209
17,final,-6.9978485107421875,-6.4248738288879395
18,final,-8.751812934875488,-7.794317722320557
19,final,-6.970405578613281,-6.271188735961914
20,final,-5.974784851074219,-5.738500118255615
21,final,-7.369441509246826,-6.3166656494140625
22,final,-8.495287895202637,-7.395973205566406
23,final,-7.478048801422119,-6.327348232269287
24,final,-8.622166633605957,-7.016396999359131
25,final,-7.478048801422119,-6.327348232269287
26,final,-9.071868896484375,-7.5592474937438965
27,final,-8.526717185974121,-7.4833526611328125
28,final,-6.677359104156494,-6.236115455627441
29,final,-8.993731498718262,-7.7833991050720215
30,final,-6.79681921005249,-6.326617240905762
31,final,-7.598206996917725,-6.4020771980285645
32,final,-8.49528694152832,-7.3959736824035645
33,final,-7.598207950592041,-6.4020771980285645
34,final,-7.001605033874512,-6.49679708480835
35,final,-8.165582656860352,-7.7736897468566895
36,final,-6.6773600578308105,-6.236115455627441
37,final,-7.598207950592041,-6.4020771980285645
38,final,-6.439012050628662,-6.091269016265869
39,final,-6.146942138671875,-5.873972415924072
40,final,-6.459651947021484,-6.048903942108154
41,final,-7.293863773345947,-6.534901142120361
42,final,-6.954534530639648,-6.226507186889648
43,final,-7.843398094177246,-7.2802910804748535
44,final,-7.505488395690918,-6.520855903625488
45,final,-7.147846221923828,-6.292512893676758
46,final,-7.04949951171875,-6.338960647583008
47,final,-6.72841215133667,-6.349061965942383
48,final,-8.181349754333496,-7.13520622253418
49,final,-6.875845909118652,-6.08946418762207
50,final,-7.959437847137451,-6.990939140319824
51,final,-8.779946327209473,-7.434573650360107
52,final,-7.150567054748535,-6.523550033569336
53,final,-7.883386135101318,-7.037383556365967
54,final,-7.728107452392578,-7.152345180511475
55,final,-7.028458118438721,-6.3454461097717285
56,final,-7.391197204589844,-6.449003219604492
57,final,-6.41455602645874,-5.906382083892822
58,final,-7.632962703704834,-6.468381881713867
59,final,-7.4498186111450195,-6.4251017570495605
60,final,-8.342656135559082,-7.185612201690674
61,final,-9.31340217590332,-7.771608829498291
62,final,-9.420141220092773,-7.7023797035217285
63,final,-9.799802780151367,-7.7270331382751465
64,final,-8.283896446228027,-7.502554416656494
65,final,-7.501363277435303,-6.554474830627441
66,final,-8.574690818786621,-7.1599555015563965
67,final,-10.613347053527832,-8.989468574523926
68,final,-8.602139472961426,-6.650327682495117
69,final,-8.200177192687988,-7.003489017486572
70,final,-8.409811019897461,-7.182387351989746
71,final,-9.63675308227539,-8.090201377868652
72,final,-7.135073184967041,-6.179574012756348
73,final,-8.127835273742676,-6.860815525054932
74,final,-7.096137523651123,-6.451279163360596
75,final,-9.763821601867676,-7.494556903839111
76,final,-8.303258895874023,-6.963545799255371
77,final,-9.828478813171387,-7.729854106903076
78,final,-7.472315311431885,-6.406242847442627
79,final,-8.173317909240723,-6.978501796722412
80,final,-5.629950046539307,-5.0661139488220215
81,final,-5.651366233825684,-5.021451950073242
82,final,-7.558427333831787,-6.931280612945557
83,final,-6.706459045410156,-5.800314426422119
84,final,-6.884715557098389,-6.099567413330078
85,final,-8.373688697814941,-7.225908279418945
86,final,-7.873810291290283,-7.095047950744629
87,final,-6.834953308105469,-6.6145758628845215
88,final,-6.946244716644287,-6.510533332824707
89,final,-5.6066694259643555,-5.206315517425537
90,final,-6.64421272277832,-5.5668840408325195
91,final,-8.946240425109863,-8.064774513244629
92,final,-5.807294845581055,-5.363379001617432
93,final,-7.001331329345703,-6.3295512199401855
94,final,-7.054440498352051,-6.350341796875
95,final,-6.886802673339844,-6.268275737762451
96,final,-5.978720664978027,-5.2175374031066895
97,final,-6.298215389251709,-5.698099613189697
98,final,-8.181328773498535,-7.233109474182129
99,final,-6.238798141479492,-5.360477447509766
100,final,-7.306854248046875,-6.16185998916626
101,final,-7.300732135772705,-6.519021034240723
102,final,-8.41517448425293,-6.832911491394043
103,final,-7.0890679359436035,-5.902438640594482
104,final,-7.0890679359436035,-5.902438640594482
105,final,-6.658787250518799,-5.822623252868652
106,final,-8.398234367370605,-7.17400598526001
107,final,-7.80642557144165,-6.649878025054932
108,final,-6.280915260314941,-5.060512542724609
109,final,-8.756138801574707,-7.737427711486816
110,final,-8.267037391662598,-7.172274112701416
111,final,-6.997683048248291,-6.145304203033447
112,final,-8.410045623779297,-7.076632976531982
113,final,-8.527791023254395,-7.224984169006348
114,final,-6.8994269371032715,-6.110706806182861
115,final,-7.120940208435059,-6.575221061706543
116,final,-8.646652221679688,-7.579174995422363
117,final,-7.7261834144592285,-6.739160060882568
118,final,-8.398234367370605,-7.17400598526001
119,final,-8.676507949829102,-7.677296161651611
120,final,-6.617233753204346,-5.3127007484436035
121,final,-6.203044414520264,-4.702268123626709
122,final,-7.072000503540039,-5.795497417449951
123,final,-6.749711513519287,-5.3041300773620605
124,final,-6.776761531829834,-5.6733717918396
125,final,-8.690618515014648,-6.573945999145508
126,final,-8.634222030639648,-7.561465740203857
127,final,-8.154010772705078,-6.12610387802124
128,final,-6.874013423919678,-5.421395301818848
129,final,-8.22945499420166,-6.264190673828125
130,final,-7.140233516693115,-5.598667621612549
131,final,-6.525378227233887,-5.5323357582092285
132,final,-6.275301456451416,-5.319424152374268
133,final,-8.652463912963867,-6.763433933258057
134,final,-8.22945499420166,-6.264190673828125
135,final,-7.044007778167725,-5.112576007843018
136,final,-6.8052520751953125,-5.43776273727417
137,final,-7.044007778167725,-5.112576007843018
138,final,-8.690618515014648,-6.573947429656982
139,final,-6.864709854125977,-5.7811689376831055
140,final,-6.62161922454834,-5.648152828216553
141,final,-7.841320037841797,-6.703983783721924
142,final,-6.801738262176514,-5.699923038482666
143,final,-6.191127300262451,-5.018723964691162
144,final,-8.125547409057617,-7.212254524230957
145,final,-7.0027618408203125,-5.546864986419678
146,final,-8.329773902893066,-6.800154209136963
147,final,-8.423938751220703,-7.048056602478027
148,final,-7.138164520263672,-6.043217182159424
149,final,-7.652472019195557,-6.430538654327393
150,final,-7.572864532470703,-6.771379470825195
151,final,-7.903743267059326,-6.789246559143066
152,final,-8.473786354064941,-7.182962417602539
153,final,-7.883765697479248,-6.5464043617248535
154,final,-6.62161922454834,-5.648152828216553
155,final,-8.329773902893066,-6.800154209136963
156,final,-8.408720970153809,-6.901312351226807
157,final,-8.0604829788208,-6.491868019104004
158,final,-7.318244457244873,-5.9380083084106445
159,final,-8.329773902893066,-6.800154209136963
160,final,-8.545666694641113,-6.684030055999756
161,final,-8.352424621582031,-5.781117916107178
162,final,-8.562886238098145,-6.991738796234131
163,final,-9.485600471496582,-7.907324314117432
164,final,-10.0122709274292,-7.754579067230225
165,final,-6.840120315551758,-5.652244567871094
166,final,-8.3112154006958,-6.6125874519348145
167,final,-9.485600471496582,-7.907324314117432
168,final,-8.589920997619629,-6.615653038024902
169,final,-8.11719036102295,-6.722240924835205
170,final,-9.543867111206055,-7.489152908325195
171,final,-8.601207733154297,-6.33538818359375
172,final,-7.37786865234375,-6.1347455978393555
173,final,-9.145678520202637,-7.496471405029297
174,final,-9.364867210388184,-7.303260326385498
175,final,-8.463274955749512,-6.6429901123046875
176,final,-9.705988883972168,-7.446923732757568
177,final,-7.977327346801758,-6.3483805656433105
178,final,-7.854928493499756,-5.985930442810059
179,final,-8.593835830688477,-6.405808925628662
180,final,-6.627094745635986,-5.83760404586792
181,final,-5.391060829162598,-4.6976213455200195
182,final,-5.919999599456787,-5.541930675506592
183,final,-6.59532356262207,-6.06917667388916
184,final,-6.402570724487305,-5.193897247314453
185,final,-7.042733669281006,-6.172657489776611
186,final,-6.86298131942749,-6.338627338409424
187,final,-8.724976539611816,-7.307419776916504
188,final,-6.009576320648193,-5.087934494018555
189,final,-7.2874016761779785,-6.105767726898193
190,final,-7.398173809051514,-5.820149898529053
191,final,-6.627094745635986,-5.83760404586792
192,final,-7.219333171844482,-6.281421661376953
193,final,-7.134191513061523,-6.439302921295166
194,final,-6.322633266448975,-5.859710693359375
195,final,-7.475268840789795,-6.392478942871094
196,final,-7.46448278427124,-6.207673072814941
197,final,-7.43200159072876,-6.1996259689331055
198,final,-8.237061500549316,-7.116764068603516
199,final,-6.564026355743408,-5.49737548828125
200,final,-5.80965518951416,-4.5836076736450195
201,final,-7.276478290557861,-6.4580888748168945
202,final,-7.573937892913818,-6.290867805480957
203,final,-6.880622863769531,-5.33873987197876
204,final,-6.880622863769531,-5.33873987197876
205,final,-6.657071113586426,-5.836526870727539
206,final,-8.676751136779785,-7.413939476013184
207,final,-8.034830093383789,-6.647406578063965
208,final,-6.880622863769531,-5.33873987197876
209,final,-6.657071113586426,-5.836526870727539
210,final,-7.758365631103516,-6.286449909210205
211,final,-6.957342147827148,-5.814759254455566
212,final,-6.957342147827148,-5.814759254455566
213,final,-7.81282377243042,-6.615386009216309
214,final,-7.758365631103516,-6.286449909210205
215,final,-7.55230188369751,-6.072328090667725
216,final,-8.103355407714844,-6.859550952911377
217,final,-8.693547248840332,-7.168515682220459
218,final,-6.665870666503906,-5.345991611480713
219,final,-6.586852550506592,-5.0720367431640625
220,final,-6.815048694610596,-6.324772357940674
221,final,-7.091926574707031,-6.676595211029053
222,final,-6.865021228790283,-6.283530235290527
223,final,-6.960629463195801,-6.69119119644165
224,final,-7.864786624908447,-7.101825714111328
225,final,-6.958653926849365,-6.779902935028076
226,final,-7.1525750160217285,-6.747172832489014
227,final,-6.528134822845459,-6.239142894744873
228,final,-6.810851097106934,-6.568943500518799
229,final,-6.958653926849365,-6.779902935028076
230,final,-7.691683292388916,-6.866849422454834
231,final,-6.362579345703125,-5.846071720123291
232,final,-7.492592811584473,-6.7348408699035645
233,final,-8.530983924865723,-7.836321830749512
234,final,-8.371821403503418,-7.797364234924316
235,final,-6.567083835601807,-6.140181541442871
236,final,-6.593619346618652,-5.955326080322266
237,final,-6.472498416900635,-6.1660847663879395
238,final,-8.121091842651367,-7.787984848022461
239,final,-7.502405166625977,-7.22138786315918
240,final,-6.198885917663574,-6.2475996017456055
241,final,-6.859138011932373,-6.6905646324157715
242,final,-7.427713871002197,-7.001248359680176
243,final,-6.947881698608398,-6.8216962814331055
244,final,-7.463173866271973,-7.102848052978516
245,final,-7.687707424163818,-7.549117088317871
246,final,-6.7148542404174805,-6.626910209655762
247,final,-7.502890586853027,-7.250940322875977
248,final,-7.86063814163208,-7.768327713012695
249,final,-7.759606838226318,-7.499578475952148
250,final,-7.499948978424072,-7.179477691650391
251,final,-6.3744587898254395,-6.302581310272217
252,final,-6.529431343078613,-6.386533260345459
253,final,-6.971680641174316,-6.891167163848877
254,final,-6.493308067321777,-6.278610706329346
255,final,-7.029134750366211,-6.799118518829346
256,final,-8.248611450195312,-7.8271708488464355
257,final,-8.109827041625977,-7.946795463562012
258,final,-6.7058329582214355,-6.548975944519043
259,final,-5.702873706817627,-5.654036521911621
260,final,-6.504570007324219,-6.364823341369629
261,final,-6.581999778747559,-6.649442195892334
262,final,-6.187272071838379,-6.0288496017456055
263,final,-7.314252853393555,-7.1137237548828125
264,final,-7.10931921005249,-6.922139644622803
265,final,-6.867465972900391,-6.649341106414795
266,final,-6.4815216064453125,-6.372837543487549
267,final,-6.411281585693359,-6.2540788650512695
268,final,-6.567622661590576,-6.358755111694336
269,final,-6.758606433868408,-6.77395486831665
270,final,-6.346035480499268,-6.405302047729492
271,final,-5.9352922439575195,-6.179903507232666
272,final,-5.895897388458252,-5.796647071838379
273,final,-6.4021406173706055,-5.889945030212402
274,final,-7.34932279586792,-7.070089817047119
275,final,-5.860464096069336,-5.654505252838135
276,final,-6.14385986328125,-6.206363677978516
277,final,-6.215277194976807,-6.277827739715576
278,final,-6.810484886169434,-6.763152599334717
279,final,-6.659994125366211,-6.477558135986328
280,final,-9.080904960632324,-8.328432083129883
281,final,-8.416711807250977,-7.979916572570801
282,final,-8.097339630126953,-8.114375114440918
283,final,-7.459217071533203,-7.746203899383545
284,final,-7.223278999328613,-6.6616291999816895
285,final,-6.93986701965332,-6.739742279052734
286,final,-8.691940307617188,-7.9437150955200195
287,final,-7.824423789978027,-7.235260009765625
288,final,-8.102410316467285,-7.585742950439453
289,final,-6.642408847808838,-6.5100555419921875
290,final,-7.855377197265625,-7.515006065368652
291,final,-8.959088325500488,-8.210975646972656
292,final,-7.6739501953125,-7.432596206665039
293,final,-8.796468734741211,-8.101120948791504
294,final,-6.740180492401123,-6.054134845733643
295,final,-7.71451997756958,-7.170962810516357
296,final,-7.622420310974121,-7.187945365905762
297,final,-9.407304763793945,-8.685436248779297
298,final,-7.497403144836426,-7.44669246673584
299,final,-8.288382530212402,-8.095695495605469
300,final,-6.914028167724609,-6.538372993469238
301,final,-7.0672101974487305,-7.167968273162842
302,final,-5.812570571899414,-5.605702877044678
303,final,-7.073784351348877,-6.456448078155518
304,final,-6.128384590148926,-5.875418186187744
305,final,-7.009749889373779,-6.871395111083984
306,final,-8.458606719970703,-8.025411605834961
307,final,-6.260412216186523,-5.868307590484619
308,final,-6.346008777618408,-6.117546558380127
309,final,-6.181386947631836,-5.816679000854492
310,final,-7.7279253005981445,-7.3015594482421875
311,final,-6.932336330413818,-6.739118576049805
312,final,-6.810473918914795,-6.325369358062744
313,final,-6.244781494140625,-5.957061767578125
314,final,-6.315773010253906,-6.242443084716797
315,final,-6.088315486907959,-5.63575553894043
316,final,-5.357600688934326,-5.275207042694092
317,final,-7.210784435272217,-7.0983757972717285
318,final,-5.7730536460876465,-5.465320110321045
319,final,-7.559987545013428,-7.044192314147949
320,final,-5.518020153045654,-4.976977825164795
321,final,-6.985780715942383,-6.218693733215332
322,final,-6.771207809448242,-6.75159215927124
323,final,-6.6603264808654785,-6.047829627990723
324,final,-6.814194679260254,-6.5699782371521
325,final,-6.735707759857178,-6.593415260314941
326,final,-7.358956336975098,-6.997074127197266
327,final,-7.342742443084717,-6.882045269012451
328,final,-5.600759506225586,-5.356207370758057
329,final,-7.25734806060791,-7.07700777053833
330,final,-5.99162483215332,-5.53792667388916
331,final,-7.1018476486206055,-6.60787296295166
332,final,-7.457391262054443,-6.997610092163086
333,final,-6.389705657958984,-6.094429969787598
334,final,-5.989264965057373,-5.648820877075195
335,final,-6.050201416015625,-5.87814474105835
336,final,-7.400705337524414,-7.1009087562561035
337,final,-6.297647476196289,-5.98750638961792
338,final,-5.552183151245117,-5.293429374694824
339,final,-7.209566593170166,-6.611273765563965
340,final,-6.607063293457031,-6.111156940460205
341,final,-9.399144172668457,-8.724169731140137
342,final,-9.32516860961914,-7.909967422485352
343,final,-9.486468315124512,-8.65844440460205
344,final,-7.886084079742432,-7.341353893280029
345,final,-7.4123992919921875,-6.685150146484375
346,final,-9.242976188659668,-8.132372856140137
347,final,-7.441826820373535,-7.749943256378174
348,final,-9.733397483825684,-8.169242858886719
349,final,-8.011277198791504,-7.629203796386719
350,final,-8.003387451171875,-8.582768440246582
351,final,-9.507184982299805,-9.149813652038574
352,final,-7.962961673736572,-7.329030513763428
353,final,-8.926261901855469,-7.6937947273254395
354,final,-7.233345031738281,-6.441904544830322
355,final,-8.014232635498047,-8.185172080993652
356,final,-9.56534481048584,-9.342199325561523
357,final,-9.038875579833984,-9.173016548156738
358,final,-8.472532272338867,-7.3048095703125
359,final,-7.873743534088135,-7.020153522491455
360,final,-7.5181145668029785,-7.505733013153076
361,final,-8.58381175994873,-7.951208114624023
362,final,-6.977442264556885,-7.07415771484375
363,final,-6.6359405517578125,-7.207608699798584
364,final,-6.759314060211182,-7.052186489105225
365,final,-6.887179374694824,-7.08310079574585
366,final,-6.686537265777588,-7.670033931732178
367,final,-7.527313232421875,-7.5327467918396
368,final,-8.578048706054688,-8.256278991699219
369,final,-9.587678909301758,-9.489837646484375
370,final,-7.6970534324646,-7.542629241943359
371,final,-9.294995307922363,-9.37597942352295
372,final,-9.075471878051758,-8.607804298400879
373,final,-8.983675956726074,-9.310103416442871
374,final,-7.139012336730957,-7.898153781890869
375,final,-6.634397029876709,-6.337674617767334
376,final,-6.8716559410095215,-7.568845748901367
377,final,-8.58381175994873,-7.951208114624023
378,final,-6.6359405517578125,-7.207608699798584
379,final,-7.189581394195557,-7.683219909667969
380,final,-6.941802024841309,-7.110359191894531
381,final,-8.468782424926758,-7.81235408782959
382,final,-7.058322429656982,-7.046609878540039
383,final,-8.298840522766113,-8.195662498474121
384,final,-6.348482131958008,-5.97412633895874
385,final,-7.66827917098999,-7.702176094055176
386,final,-7.812924385070801,-7.357696533203125
387,final,-8.532975196838379,-8.151569366455078
388,final,-6.931662082672119,-6.933480262756348
389,final,-6.958630561828613,-7.058516025543213
390,final,-6.7401018142700195,-7.132748603820801
391,final,-7.183158874511719,-6.954916000366211
392,final,-7.554288387298584,-7.409750461578369
393,final,-8.508481979370117,-8.531658172607422
394,final,-7.134364128112793,-7.386844158172607
395,final,-8.583927154541016,-8.233124732971191
396,final,-7.721482276916504,-7.608608722686768
397,final,-6.6771559715271,-6.921806335449219
398,final,-7.047554016113281,-7.4009575843811035
399,final,-7.240560531616211,-6.7873687744140625
400,final,-9.05905532836914,-7.73768949508667
401,final,-9.316744804382324,-8.980935096740723
402,final,-10.013352394104004,-10.111456871032715
403,final,-7.381707668304443,-6.885911464691162
404,final,-9.144766807556152,-7.957139492034912
405,final,-9.021728515625,-7.8807220458984375
406,final,-8.63541316986084,-8.348058700561523
407,final,-8.152091979980469,-7.577301979064941
408,final,-7.923403263092041,-7.441051006317139
409,final,-8.875679016113281,-7.674229621887207
410,final,-7.58624792098999,-7.090106964111328
411,final,-9.462987899780273,-8.839691162109375
412,final,-9.64915657043457,-8.705735206604004
413,final,-8.179374694824219,-7.70121431350708
414,final,-8.950377464294434,-8.840517044067383
415,final,-8.94761848449707,-8.329917907714844
416,final,-9.74853515625,-8.915667533874512
417,final,-9.410665512084961,-8.508112907409668
418,final,-8.526769638061523,-7.261250972747803
419,final,-7.38170862197876,-6.885911464691162
420,final,-7.6937575340271,-7.113836288452148
421,final,-6.4195475578308105,-6.455186367034912
422,final,-6.691187858581543,-6.590827465057373
423,final,-7.173225402832031,-6.6666059494018555
424,final,-6.744753837585449,-6.345155715942383
425,final,-8.49371337890625,-8.166643142700195
426,final,-8.935761451721191,-8.376479148864746
427,final,-9.40091609954834,-9.100120544433594
428,final,-8.098213195800781,-7.818756103515625
429,final,-6.559928894042969,-6.502447128295898
430,final,-9.019254684448242,-8.980494499206543
431,final,-6.7133917808532715,-6.667792320251465
432,final,-6.5425872802734375,-6.750400066375732
433,final,-8.753911018371582,-8.331869125366211
434,final,-7.622559547424316,-7.2633056640625
435,final,-6.611893653869629,-6.238668918609619
436,final,-6.4580912590026855,-6.249638557434082
437,final,-6.110376358032227,-5.759716510772705
438,final,-6.59495735168457,-6.722939491271973
439,final,-7.049835205078125,-6.644598484039307
440,final,-7.549383163452148,-6.9884490966796875
441,final,-6.212140083312988,-5.760591506958008
442,final,-7.565327167510986,-7.435635089874268
443,final,-6.987068176269531,-6.323495864868164
444,final,-7.309362411499023,-6.484355449676514
445,final,-7.663197040557861,-7.352831840515137
446,final,-8.150639533996582,-7.8429179191589355
447,final,-8.67212200164795,-8.304390907287598
448,final,-7.301056385040283,-6.499039649963379
449,final,-6.560454845428467,-6.471688747406006
450,final,-7.891673564910889,-7.32413911819458
451,final,-7.820912837982178,-7.479908466339111
452,final,-8.64070987701416,-8.309529304504395
453,final,-7.038896083831787,-6.0424580574035645
454,final,-6.761655330657959,-6.348646640777588
455,final,-7.029573917388916,-6.8456292152404785
456,final,-6.891140460968018,-6.681046009063721
457,final,-6.813657760620117,-6.532193183898926
458,final,-7.317047595977783,-6.986778736114502
459,final,-7.3957200050354,-7.105230808258057
460,final,-8.218029975891113,-7.393625259399414
461,final,-5.6279616355896,-5.437839031219482
462,final,-5.297946453094482,-5.33269739151001
463,final,-6.923161506652832,-6.6778669357299805
464,final,-6.596680641174316,-6.639324188232422
465,final,-6.53472375869751,-6.604386329650879
466,final,-5.96696662902832,-5.823782920837402
467,final,-6.679166793823242,-6.377804279327393
468,final,-6.727084636688232,-6.510657787322998
469,final,-6.540884017944336,-6.553837776184082
470,final,-6.823997497558594,-6.506009578704834
471,final,-8.172708511352539,-7.432896614074707
472,final,-6.456940650939941,-6.5023512840271
473,final,-6.673604965209961,-6.761776924133301
474,final,-6.573617935180664,-6.653201103210449
475,final,-6.939013957977295,-6.5623016357421875
476,final,-5.39891242980957,-5.637009620666504
477,final,-6.258264541625977,-6.329249382019043
478,final,-6.012170791625977,-5.984147071838379
479,final,-5.832852363586426,-5.696202754974365
480,final,-5.517369270324707,-5.739895820617676
481,final,-6.108101844787598,-6.241365909576416
482,final,-6.949885845184326,-6.8099565505981445
483,final,-5.190125465393066,-5.297819137573242
484,final,-4.982133865356445,-4.9421186447143555
485,final,-5.5556793212890625,-5.7183380126953125
486,final,-5.5556793212890625,-5.7183380126953125
487,final,-6.464505195617676,-6.609205722808838
488,final,-5.282464504241943,-5.235404968261719
489,final,-6.677150726318359,-6.489132404327393
490,final,-7.415976047515869,-7.167536735534668
491,final,-8.070337295532227,-7.836366176605225
492,final,-5.5556793212890625,-5.7183380126953125
493,final,-4.952455043792725,-5.016769886016846
494,final,-6.438661098480225,-6.3007917404174805
495,final,-6.818735122680664,-6.566003799438477
496,final,-5.121787071228027,-5.515899658203125
497,final,-6.022584915161133,-5.9366044998168945
498,final,-4.952455043792725,-5.016769886016846
499,final,-6.721246242523193,-6.5414042472839355
500,final,-5.678137302398682,-5.84973669052124
501,final,-5.917726516723633,-5.865606784820557
502,final,-6.567798614501953,-5.973132133483887
503,final,-7.999462604522705,-7.595280647277832
504,final,-5.760353088378906,-5.496343612670898
505,final,-6.046442031860352,-6.19025993347168
506,final,-6.387893199920654,-6.35921049118042
507,final,-7.797399520874023,-7.421027183532715
508,final,-6.682600498199463,-6.555009365081787
509,final,-6.0645060539245605,-5.707744121551514
510,final,-7.593393802642822,-7.168407440185547
511,final,-7.662648677825928,-7.357579708099365
512,final,-5.8938775062561035,-6.013237953186035
513,final,-6.494220733642578,-6.1528425216674805
514,final,-6.376131057739258,-6.576580047607422
515,final,-6.774374008178711,-6.618278503417969
516,final,-6.516529083251953,-6.4618988037109375
517,final,-5.4202351570129395,-5.024195671081543
518,final,-6.7874755859375,-7.005702495574951
519,final,-7.878012657165527,-7.680246829986572
520,final,-7.672776222229004,-6.822807788848877
521,final,-6.861809730529785,-6.647412300109863
522,final,-7.781920909881592,-7.079448699951172
523,final,-6.960170745849609,-6.685656547546387
524,final,-6.015591621398926,-5.7978363037109375
525,final,-7.55372428894043,-7.281497001647949
526,final,-5.692400932312012,-5.340260028839111
527,final,-5.969897747039795,-5.9365763664245605
528,final,-9.206499099731445,-7.942234039306641
529,final,-7.181870460510254,-6.8796563148498535
530,final,-6.56872034072876,-6.079641342163086
531,final,-8.562105178833008,-7.962094783782959
532,final,-8.709420204162598,-7.506011962890625
533,final,-7.408486366271973,-6.694494724273682
534,final,-8.239468574523926,-7.252475261688232
535,final,-6.333029747009277,-5.995269298553467
536,final,-6.17362642288208,-5.9456329345703125
537,final,-8.562105178833008,-7.962094783782959
538,final,-5.930106163024902,-5.601117134094238
539,final,-6.330617427825928,-6.122049331665039
540,final,-4.886992931365967,-5.016360759735107
541,final,-5.207664489746094,-5.221861839294434
542,final,-6.062865734100342,-5.867618083953857
543,final,-5.417303562164307,-5.27916145324707
544,final,-5.173415184020996,-5.294235706329346
545,final,-5.664775371551514,-5.55330228805542
546,final,-6.106899261474609,-5.7642974853515625
547,final,-6.026040554046631,-5.903221130371094
548,final,-5.433554172515869,-5.437736511230469
549,final,-5.922308444976807,-5.804434299468994
550,final,-5.811885833740234,-5.687772750854492
551,final,-6.721307754516602,-6.58192777633667
552,final,-5.68800163269043,-5.588694095611572
553,final,-7.280245304107666,-6.580572605133057
554,final,-7.101076126098633,-6.875072479248047
555,final,-6.9642791748046875,-6.668708801269531
556,final,-5.327286243438721,-5.509758472442627
557,final,-6.270378112792969,-6.055312633514404
558,final,-5.437576770782471,-5.549782752990723
559,final,-5.960752010345459,-5.902048110961914
560,final,-6.952393054962158,-6.469457149505615
561,final,-6.719994068145752,-5.955097198486328
562,final,-7.392443656921387,-7.543951988220215
563,final,-5.7276530265808105,-5.670810222625732
564,final,-7.765604019165039,-7.219011306762695
565,final,-5.235180377960205,-4.996665954589844
566,final,-6.410754203796387,-5.957724571228027
567,final,-6.684173583984375,-6.126306533813477
568,final,-6.32814884185791,-6.209097862243652
569,final,-6.411978721618652,-6.164802551269531
570,final,-6.705596923828125,-6.523677825927734
571,final,-6.609081268310547,-6.425869941711426
572,final,-6.521443843841553,-6.1560564041137695
573,final,-7.659698963165283,-7.076598644256592
574,final,-5.332019329071045,-5.235877513885498
575,final,-5.576225757598877,-5.288483619689941
576,final,-6.0788679122924805,-5.964613914489746
577,final,-4.89806604385376,-4.5790324211120605
578,final,-5.442901134490967,-5.24470853805542
579,final,-5.551386833190918,-5.028436183929443
580,final,-6.977699279785156,-5.9824323654174805
581,final,-7.884846210479736,-7.1317338943481445
582,final,-5.993045806884766,-5.558531761169434
583,final,-7.731802463531494,-6.823864459991455
584,final,-7.333224773406982,-6.396571636199951
585,final,-5.995818614959717,-5.520913124084473
586,final,-6.952197551727295,-5.900765419006348
587,final,-7.957921981811523,-7.2862043380737305
588,final,-7.644059658050537,-6.732961177825928
589,final,-7.174306392669678,-6.668216705322266
590,final,-7.4817423820495605,-6.750920295715332
591,final,-7.539621353149414,-6.645839214324951
592,final,-7.924137592315674,-6.713318824768066
593,final,-6.244133472442627,-5.785724639892578
594,final,-5.868561744689941,-4.926601409912109
595,final,-8.18537425994873,-6.8752827644348145
596,final,-6.198911190032959,-5.403574466705322
597,final,-7.134626865386963,-5.959414482116699
598,final,-8.177153587341309,-6.894775867462158
599,final,-6.83472204208374,-5.800846576690674
600,final,-6.214685916900635,-5.730522632598877
601,final,-8.372299194335938,-7.394477367401123
602,final,-8.537697792053223,-7.589363098144531
603,final,-7.570743083953857,-6.993222713470459
604,final,-6.214685916900635,-5.730522632598877
605,final,-6.576992034912109,-6.23698091506958
606,final,-8.020193099975586,-7.3267998695373535
607,final,-7.025562763214111,-6.224474906921387
608,final,-7.4712605476379395,-6.7437520027160645
609,final,-7.755040645599365,-6.904984474182129
610,final,-6.4733710289001465,-5.790803909301758
611,final,-8.537697792053223,-7.5893635749816895
612,final,-6.38355016708374,-5.966497898101807
613,final,-7.105648040771484,-6.6529927253723145
614,final,-5.953701019287109,-5.706002712249756
615,final,-6.5025105476379395,-6.058626651763916
616,final,-6.21660852432251,-5.882523536682129
617,final,-7.702531337738037,-6.8940863609313965
618,final,-6.833576679229736,-6.166757106781006
619,final,-7.77060079574585,-6.94081974029541
620,final,-6.61297607421875,-6.119287490844727
621,final,-7.124533653259277,-6.685379981994629
622,final,-7.924515247344971,-7.60316801071167
623,final,-6.200944900512695,-5.82147216796875
624,final,-7.172741889953613,-6.573002338409424
625,final,-6.921419620513916,-6.836194038391113
626,final,-7.92846155166626,-7.199295997619629
627,final,-6.422068119049072,-5.942525863647461
628,final,-6.579300403594971,-6.025522232055664
629,final,-7.882999897003174,-7.128281593322754
630,final,-7.560314655303955,-7.157875061035156
631,final,-7.128985404968262,-6.665501117706299
632,final,-6.151060104370117,-5.903948783874512
633,final,-5.64512300491333,-5.142946243286133
634,final,-6.587615489959717,-6.1773681640625
635,final,-5.6653313636779785,-5.575875759124756
636,final,-6.837642669677734,-6.335901260375977
637,final,-5.753664493560791,-5.482954978942871
638,final,-7.316522121429443,-6.602282524108887
639,final,-5.955893516540527,-5.46179723739624
640,final,-7.849628448486328,-6.655181407928467
641,final,-7.202345371246338,-6.55340576171875
642,final,-7.551625728607178,-6.851701259613037
643,final,-8.041298866271973,-7.007565975189209
644,final,-7.788218021392822,-6.808159828186035
645,final,-8.320578575134277,-6.939888954162598
646,final,-9.22350788116455,-8.539205551147461
647,final,-7.017030239105225,-5.609923839569092
648,final,-9.3648681640625,-8.094487190246582
649,final,-8.787799835205078,-7.825934410095215
650,final,-7.783520221710205,-6.9218878746032715
651,final,-7.085887432098389,-6.186521530151367
652,final,-6.578358173370361,-5.660032272338867
653,final,-7.358028411865234,-6.3969597816467285
654,final,-7.456968784332275,-6.518749237060547
655,final,-8.657066345214844,-7.550584316253662
656,final,-8.536760330200195,-7.205273151397705
657,final,-8.717613220214844,-7.6312994956970215
658,final,-8.26968765258789,-7.411777973175049
659,final,-7.913867950439453,-6.621077060699463
660,final,-7.593754291534424,-6.662687301635742
661,final,-5.462514877319336,-5.012876987457275
662,final,-7.693810939788818,-7.222662925720215
663,final,-7.084840774536133,-6.63675594329834
664,final,-5.7958903312683105,-5.575052261352539
665,final,-6.054952144622803,-5.816826343536377
666,final,-5.558193206787109,-5.373449802398682
667,final,-6.555880069732666,-6.1954121589660645
668,final,-5.682682991027832,-5.325645446777344
669,final,-4.734004020690918,-5.174657821655273
670,final,-7.531375885009766,-6.615513324737549
671,final,-6.488209247589111,-5.8228349685668945
672,final,-6.634490966796875,-6.26032018661499
673,final,-5.554576873779297,-5.092649936676025
674,final,-7.531375885009766,-6.615513801574707
675,final,-6.9176344871521,-6.353050708770752
676,final,-7.866419315338135,-7.382853984832764
677,final,-6.2483062744140625,-5.943935871124268
678,final,-6.64601993560791,-6.309757709503174
679,final,-6.819084167480469,-6.233633041381836
680,final,-6.616883277893066,-5.870054244995117
681,final,-6.976410388946533,-5.996112823486328
682,final,-6.175514221191406,-5.590531349182129
683,final,-7.209325313568115,-6.444181442260742
684,final,-6.650897026062012,-6.154682636260986
685,final,-5.924389362335205,-5.136352062225342
686,final,-6.77743673324585,-6.401630401611328
687,final,-5.891033172607422,-5.820887088775635
688,final,-6.771793365478516,-5.547959327697754
689,final,-7.535350322723389,-6.901235580444336
690,final,-6.2738447189331055,-6.0510735511779785
691,final,-5.940208435058594,-5.23948860168457
692,final,-6.702612400054932,-6.385603904724121
693,final,-6.6556291580200195,-5.999948501586914
694,final,-6.9517717361450195,-7.11293888092041
695,final,-7.379464626312256,-6.970532417297363
696,final,-7.676131725311279,-7.073680400848389
697,final,-6.1029052734375,-5.784274578094482
698,final,-6.426569938659668,-6.4154205322265625
699,final,-5.840132713317871,-5.477616310119629
0,best,-8.083222389221191,-6.266628742218018
1,best,-7.6469597816467285,-6.815114498138428
2,best,-6.864963531494141,-6.2914581298828125
3,best,-8.506299018859863,-7.438183307647705
4,best,-8.051941871643066,-5.917911052703857
5,best,-7.6122002601623535,-6.594944000244141
6,best,-9.341611862182617,-7.24908971786499
7,best,-7.7820892333984375,-6.249613285064697
8,best,-6.62439489364624,-5.252684116363525
9,best,-6.864963531494141,-6.2914581298828125
10,best,-8.941697120666504,-7.274770259857178
11,best,-6.426854610443115,-5.799774646759033
12,best,-8.424555778503418,-6.56048059463501
13,best,-9.262104988098145,-6.880147457122803
14,best,-6.62439489364624,-5.252684116363525
15,best,-8.657072067260742,-6.995126724243164
16,best,-7.454362392425537,-6.171140193939209
17,best,-6.9978485107421875,-6.4248738288879395
18,best,-8.751812934875488,-7.794317722320557
19,best,-6.970405578613281,-6.271188735961914
20,best,-5.974784851074219,-5.738500118255615
21,best,-7.369441509246826,-6.3166656494140625
22,best,-8.495287895202637,-7.395973205566406
23,best,-7.478048801422119,-6.327348232269287
24,best,-8.622166633605957,-7.016396999359131
25,best,-7.478048801422119,-6.327348232269287
26,best,-9.071868896484375,-7.5592474937438965
27,best,-8.526717185974121,-7.4833526611328125
28,best,-6.677359104156494,-6.236115455627441
29,best,-8.993731498718262,-7.7833991050720215
30,best,-6.79681921005249,-6.326617240905762
31,best,-7.598206996917725,-6.4020771980285645
32,best,-8.49528694152832,-7.3959736824035645
33,best,-7.598207950592041,-6.4020771980285645
34,best,-7.001605033874512,-6.49679708480835
35,best,-8.165582656860352,-7.7736897468566895
36,best,-6.6773600578308105,-6.236115455627441
37,best,-7.598207950592041,-6.4020771980285645
38,best,-6.439012050628662,-6.091269016265869
39,best,-6.146942138671875,-5.873972415924072
40,best,-6.459651947021484,-6.048903942108154
41,best,-7.293863773345947,-6.534901142120361
42,best,-6.954534530639648,-6.226507186889648
43,best,-7.843398094177246,-7.2802910804748535
44,best,-7.505488395690918,-6.520855903625488
45,best,-7.147846221923828,-6.292512893676758
46,best,-7.04949951171875,-6.338960647583008
47,best,-6.72841215133667,-6.349061965942383
48,best,-8.181349754333496,-7.13520622253418
49,best,-6.875845909118652,-6.08946418762207
50,best,-7.959437847137451,-6.990939140319824
51,best,-8.779946327209473,-7.434573650360107
52,best,-7.150567054748535,-6.523550033569336
53,best,-7.883386135101318,-7.037383556365967
54,best,-7.728107452392578,-7.152345180511475
55,best,-7.028458118438721,-6.3454461097717285
56,best,-7.391197204589844,-6.449003219604492
57,best,-6.41455602645874,-5.906382083892822
58,best,-7.632962703704834,-6.468381881713867
59,best,-7.4498186111450195,-6.4251017570495605
60,best,-8.342656135559082,-7.185612201690674
61,best,-9.31340217590332,-7.771608829498291
62,best,-9.420141220092773,-7.7023797035217285
63,best,-9.799802780151367,-7.7270331382751465
64,best,-8.283896446228027,-7.502554416656494
65,best,-7.501363277435303,-6.554474830627441
66,best,-8.574690818786621,-7.1599555015563965
67,best,-10.613347053527832,-8.989468574523926
68,best,-8.602139472961426,-6.650327682495117
69,best,-8.200177192687988,-7.003489017486572
70,best,-8.409811019897461,-7.182387351989746
71,best,-9.63675308227539,-8.090201377868652
72,best,-7.135073184967041,-6.179574012756348
73,best,-8.127835273742676,-6.860815525054932
74,best,-7.096137523651123,-6.451279163360596
75,best,-9.763821601867676,-7.494556903839111
76,best,-8.303258895874023,-6.963545799255371
77,best,-9.828478813171387,-7.729854106903076
78,best,-7.472315311431885,-6.406242847442627
79,best,-8.173317909240723,-6.978501796722412
80,best,-5.629950046539307,-5.0661139488220215
81,best,-5.651366233825684,-5.021451950073242
82,best,-7.558427333831787,-6.931280612945557
83,best,-6.706459045410156,-5.800314426422119
84,best,-6.884715557098389,-6.099567413330078
85,best,-8.373688697814941,-7.225908279418945
86,best,-7.873810291290283,-7.095047950744629
87,best,-6.834953308105469,-6.6145758628845215
88,best,-6.946244716644287,-6.510533332824707
89,best,-5.6066694259643555,-5.206315517425537
90,best,-6.64421272277832,-5.5668840408325195
91,best,-8.946240425109863,-8.064774513244629
92,best,-5.807294845581055,-5.363379001617432
93,best,-7.001331329345703,-6.3295512199401855
94,best,-7.054440498352051,-6.350341796875
95,best,-6.886802673339844,-6.268275737762451
96,best,-5.978720664978027,-5.2175374031066895
97,best,-6.298215389251709,-5.698099613189697
98,best,-8.181328773498535,-7.233109474182129
99,best,-6.238798141479492,-5.360477447509766
100,best,-7.306854248046875,-6.16185998916626
101,best,-7.300732135772705,-6.519021034240723
102,best,-8.41517448425293,-6.832911491394043
103,best,-7.0890679359436035,-5.902438640594482
104,best,-7.0890679359436035,-5.902438640594482
105,best,-6.658787250518799,-5.822623252868652
106,best,-8.398234367370605,-7.17400598526001
107,best,-7.80642557144165,-6.649878025054932
108,best,-6.280915260314941,-5.060512542724609
109,best,-8.756138801574707,-7.737427711486816
110,best,-8.267037391662598,-7.172274112701416
111,best,-6.997683048248291,-6.145304203033447
112,best,-8.410045623779297,-7.076632976531982
113,best,-8.527791023254395,-7.224984169006348
114,best,-6.8994269371032715,-6.110706806182861
115,best,-7.120940208435059,-6.575221061706543
116,best,-8.646652221679688,-7.579174995422363
117,best,-7.7261834144592285,-6.739160060882568
118,best,-8.398234367370605,-7.17400598526001
119,best,-8.676507949829102,-7.677296161651611
120,best,-6.617233753204346,-5.3127007484436035
121,best,-6.203044414520264,-4.702268123626709
122,best,-7.072000503540039,-5.795497417449951
123,best,-6.749711513519287,-5.3041300773620605
124,best,-6.776761531829834,-5.6733717918396
125,best,-8.690618515014648,-6.573945999145508
126,best,-8.634222030639648,-7.561465740203857
127,best,-8.154010772705078,-6.12610387802124
128,best,-6.874013423919678,-5.421395301818848
129,best,-8.22945499420166,-6.264190673828125
130,best,-7.140233516693115,-5.598667621612549
131,best,-6.525378227233887,-5.5323357582092285
132,best,-6.275301456451416,-5.319424152374268
133,best,-8.652463912963867,-6.763433933258057
134,best,-8.22945499420166,-6.264190673828125
135,best,-7.044007778167725,-5.112576007843018
136,best,-6.8052520751953125,-5.43776273727417
137,best,-7.044007778167725,-5.112576007843018
138,best,-8.690618515014648,-6.573947429656982
139,best,-6.864709854125977,-5.7811689376831055
140,best,-6.62161922454834,-5.648152828216553
141,best,-7.841320037841797,-6.703983783721924
142,best,-6.801738262176514,-5.699923038482666
143,best,-6.191127300262451,-5.018723964691162
144,best,-8.125547409057617,-7.212254524230957
145,best,-7.0027618408203125,-5.546864986419678
146,best,-8.329773902893066,-6.800154209136963
147,best,-8.423938751220703,-7.048056602478027
148,best,-7.138164520263672,-6.043217182159424
149,best,-7.652472019195557,-6.430538654327393
150,best,-7.572864532470703,-6.771379470825195
151,best,-7.903743267059326,-6.789246559143066
152,best,-8.473786354064941,-7.182962417602539
153,best,-7.883765697479248,-6.5464043617248535
154,best,-6.62161922454834,-5.648152828216553
155,best,-8.329773902893066,-6.800154209136963
156,best,-8.408720970153809,-6.901312351226807
157,best,-8.0604829788208,-6.491868019104004
158,best,-7.318244457244873,-5.9380083084106445
159,best,-8.329773902893066,-6.800154209136963
160,best,-8.545666694641113,-6.684030055999756
161,best,-8.352424621582031,-5.781117916107178
162,best,-8.562886238098145,-6.991738796234131
163,best,-9.485600471496582,-7.907324314117432
164,best,-10.0122709274292,-7.754579067230225
165,best,-6.840120315551758,-5.652244567871094
166,best,-8.3112154006958,-6.6125874519348145
167,best,-9.485600471496582,-7.907324314117432
168,best,-8.589920997619629,-6.615653038024902
169,best,-8.11719036102295,-6.722240924835205
170,best,-9.543867111206055,-7.489152908325195
171,best,-8.601207733154297,-6.33538818359375
172,best,-7.37786865234375,-6.1347455978393555
173,best,-9.145678520202637,-7.496471405029297
174,best,-9.364867210388184,-7.303260326385498
175,best,-8.463274955749512,-6.6429901123046875
176,best,-9.705988883972168,-7.446923732757568
177,best,-7.977327346801758,-6.3483805656433105
178,best,-7.854928493499756,-5.985930442810059
179,best,-8.593835830688477,-6.405808925628662
180,best,-6.627094745635986,-5.83760404586792
181,best,-5.391060829162598,-4.6976213455200195
182,best,-5.919999599456787,-5.541930675506592
183,best,-6.59532356262207,-6.06917667388916
184,best,-6.402570724487305,-5.193897247314453
185,best,-7.042733669281006,-6.172657489776611
186,best,-6.86298131942749,-6.338627338409424
187,best,-8.724976539611816,-7.307419776916504
188,best,-6.009576320648193,-5.087934494018555
189,best,-7.2874016761779785,-6.105767726898193
190,best,-7.398173809051514,-5.820149898529053
191,best,-6.627094745635986,-5.83760404586792
192,best,-7.219333171844482,-6.281421661376953
193,best,-7.134191513061523,-6.439302921295166
194,best,-6.322633266448975,-5.859710693359375
195,best,-7.475268840789795,-6.392478942871094
196,best,-7.46448278427124,-6.207673072814941
197,best,-7.43200159072876,-6.1996259689331055
198,best,-8.237061500549316,-7.116764068603516
199,best,-6.564026355743408,-5.49737548828125
200,best,-5.80965518951416,-4.5836076736450195
201,best,-7.276478290557861,-6.4580888748168945
202,best,-7.573937892913818,-6.290867805480957
203,best,-6.880622863769531,-5.33873987197876
204,best,-6.880622863769531,-5.33873987197876
205,best,-6.657071113586426,-5.836526870727539
206,best,-8.676751136779785,-7.413939476013184
207,best,-8.034830093383789,-6.647406578063965
208,best,-6.880622863769531,-5.33873987197876
209,best,-6.657071113586426,-5.836526870727539
210,best,-7.758365631103516,-6.286449909210205
211,best,-6.957342147827148,-5.814759254455566
212,best,-6.957342147827148,-5.814759254455566
213,best,-7.81282377243042,-6.615386009216309
214,best,-7.758365631103516,-6.286449909210205
215,best,-7.55230188369751,-6.072328090667725
216,best,-8.103355407714844,-6.859550952911377
217,best,-8.693547248840332,-7.168515682220459
218,best,-6.665870666503906,-5.345991611480713
219,best,-6.586852550506592,-5.0720367431640625
220,best,-6.815048694610596,-6.324772357940674
221,best,-7.091926574707031,-6.676595211029053
222,best,-6.865021228790283,-6.283530235290527
223,best,-6.960629463195801,-6.69119119644165
224,best,-7.864786624908447,-7.101825714111328
225,best,-6.958653926849365,-6.779902935028076
226,best,-7.1525750160217285,-6.747172832489014
227,best,-6.528134822845459,-6.239142894744873
228,best,-6.810851097106934,-6.568943500518799
229,best,-6.958653926849365,-6.779902935028076
230,best,-7.691683292388916,-6.866849422454834
231,best,-6.362579345703125,-5.846071720123291
232,best,-7.492592811584473,-6.7348408699035645
233,best,-8.530983924865723,-7.836321830749512
234,best,-8.371821403503418,-7.797364234924316
235,best,-6.567083835601807,-6.140181541442871
236,best,-6.593619346618652,-5.955326080322266
237,best,-6.472498416900635,-6.1660847663879395
238,best,-8.121091842651367,-7.787984848022461
239,best,-7.502405166625977,-7.22138786315918
240,best,-6.198885917663574,-6.2475996017456055
241,best,-6.859138011932373,-6.6905646324157715
242,best,-7.427713871002197,-7.001248359680176
243,best,-6.947881698608398,-6.8216962814331055
244,best,-7.463173866271973,-7.102848052978516
245,best,-7.687707424163818,-7.549117088317871
246,best,-6.7148542404174805,-6.626910209655762
247,best,-7.502890586853027,-7.250940322875977
248,best,-7.86063814163208,-7.768327713012695
249,best,-7.759606838226318,-7.499578475952148
250,best,-7.499948978424072,-7.179477691650391
251,best,-6.3744587898254395,-6.302581310272217
252,best,-6.529431343078613,-6.386533260345459
253,best,-6.971680641174316,-6.891167163848877
254,best,-6.493308067321777,-6.278610706329346
255,best,-7.029134750366211,-6.799118518829346
256,best,-8.248611450195312,-7.8271708488464355
257,best,-8.109827041625977,-7.946795463562012
258,best,-6.7058329582214355,-6.548975944519043
259,best,-5.702873706817627,-5.654036521911621
260,best,-6.504570007324219,-6.364823341369629
261,best,-6.581999778747559,-6.649442195892334
262,best,-6.187272071838379,-6.0288496017456055
263,best,-7.314252853393555,-7.1137237548828125
264,best,-7.10931921005249,-6.922139644622803
265,best,-6.867465972900391,-6.649341106414795
266,best,-6.4815216064453125,-6.372837543487549
267,best,-6.411281585693359,-6.2540788650512695
268,best,-6.567622661590576,-6.358755111694336
269,best,-6.758606433868408,-6.77395486831665
270,best,-6.346035480499268,-6.405302047729492
271,best,-5.9352922439575195,-6.179903507232666
272,best,-5.895897388458252,-5.796647071838379
273,best,-6.4021406173706055,-5.889945030212402
274,best,-7.34932279586792,-7.070089817047119
275,best,-5.860464096069336,-5.654505252838135
276,best,-6.14385986328125,-6.206363677978516
277,best,-6.215277194976807,-6.277827739715576
278,best,-6.810484886169434,-6.763152599334717
279,best,-6.659994125366211,-6.477558135986328
280,best,-9.080904960632324,-8.328432083129883
281,best,-8.416711807250977,-7.979916572570801
282,best,-8.097339630126953,-8.114375114440918
283,best,-7.459217071533203,-7.746203899383545
284,best,-7.223278999328613,-6.6616291999816895
285,best,-6.93986701965332,-6.739742279052734
286,best,-8.691940307617188,-7.9437150955200195
287,best,-7.824423789978027,-7.235260009765625
288,best,-8.102410316467285,-7.585742950439453
289,best,-6.642408847808838,-6.5100555419921875
290,best,-7.855377197265625,-7.515006065368652
291,best,-8.959088325500488,-8.210975646972656
292,best,-7.6739501953125,-7.432596206665039
293,best,-8.796468734741211,-8.101120948791504
294,best,-6.740180492401123,-6.054134845733643
295,best,-7.71451997756958,-7.170962810516357
296,best,-7.622420310974121,-7.187945365905762
297,best,-9.407304763793945,-8.685436248779297
298,best,-7.497403144836426,-7.44669246673584
299,best,-8.288382530212402,-8.095695495605469
300,best,-6.914028167724609,-6.538372993469238
301,best,-7.0672101974487305,-7.167968273162842
302,best,-5.812570571899414,-5.605702877044678
303,best,-7.073784351348877,-6.456448078155518
304,best,-6.128384590148926,-5.875418186187744
305,best,-7.009749889373779,-6.871395111083984
306,best,-8.458606719970703,-8.025411605834961
307,best,-6.260412216186523,-5.868307590484619
308,best,-6.346008777618408,-6.117546558380127
309,best,-6.181386947631836,-5.816679000854492
310,best,-7.7279253005981445,-7.3015594482421875
311,best,-6.932336330413818,-6.739118576049805
312,best,-6.810473918914795,-6.325369358062744
313,best,-6.244781494140625,-5.957061767578125
314,best,-6.315773010253906,-6.242443084716797
315,best,-6.088315486907959,-5.63575553894043
316,best,-5.357600688934326,-5.275207042694092
317,best,-7.210784435272217,-7.0983757972717285
318,best,-5.7730536460876465,-5.465320110321045
319,best,-7.559987545013428,-7.044192314147949
320,best,-5.518020153045654,-4.976977825164795
321,best,-6.985780715942383,-6.218693733215332
322,best,-6.771207809448242,-6.75159215927124
323,best,-6.6603264808654785,-6.047829627990723
324,best,-6.814194679260254,-6.5699782371521
325,best,-6.735707759857178,-6.593415260314941
326,best,-7.358956336975098,-6.997074127197266
327,best,-7.342742443084717,-6.882045269012451
328,best,-5.600759506225586,-5.356207370758057
329,best,-7.25734806060791,-7.07700777053833
330,best,-5.99162483215332,-5.53792667388916
331,best,-7.1018476486206055,-6.60787296295166
332,best,-7.457391262054443,-6.997610092163086
333,best,-6.389705657958984,-6.094429969787598
334,best,-5.989264965057373,-5.648820877075195
335,best,-6.050201416015625,-5.87814474105835
336,best,-7.400705337524414,-7.1009087562561035
337,best,-6.297647476196289,-5.98750638961792
338,best,-5.552183151245117,-5.293429374694824
339,best,-7.209566593170166,-6.611273765563965
340,best,-6.607063293457031,-6.111156940460205
341,best,-9.399144172668457,-8.724169731140137
342,best,-9.32516860961914,-7.909967422485352
343,best,-9.486468315124512,-8.65844440460205
344,best,-7.886084079742432,-7.341353893280029
345,best,-7.4123992919921875,-6.685150146484375
346,best,-9.242976188659668,-8.132372856140137
347,best,-7.441826820373535,-7.749943256378174
348,best,-9.733397483825684,-8.169242858886719
349,best,-8.011277198791504,-7.629203796386719
350,best,-8.003387451171875,-8.582768440246582
351,best,-9.507184982299805,-9.149813652038574
352,best,-7.962961673736572,-7.329030513763428
353,best,-8.926261901855469,-7.6937947273254395
354,best,-7.233345031738281,-6.441904544830322
355,best,-8.014232635498047,-8.185172080993652
356,best,-9.56534481048584,-9.342199325561523
357,best,-9.038875579833984,-9.173016548156738
358,best,-8.472532272338867,-7.3048095703125
359,best,-7.873743534088135,-7.020153522491455
360,best,-7.5181145668029785,-7.505733013153076
361,best,-8.58381175994873,-7.951208114624023
362,best,-6.977442264556885,-7.07415771484375
363,best,-6.6359405517578125,-7.207608699798584
364,best,-6.759314060211182,-7.052186489105225
365,best,-6.887179374694824,-7.08310079574585
366,best,-6.686537265777588,-7.670033931732178
367,best,-7.527313232421875,-7.5327467918396
368,best,-8.578048706054688,-8.256278991699219
369,best,-9.587678909301758,-9.489837646484375
370,best,-7.6970534324646,-7.542629241943359
371,best,-9.294995307922363,-9.37597942352295
372,best,-9.075471878051758,-8.607804298400879
373,best,-8.983675956726074,-9.310103416442871
374,best,-7.139012336730957,-7.898153781890869
375,best,-6.634397029876709,-6.337674617767334
376,best,-6.8716559410095215,-7.568845748901367
377,best,-8.58381175994873,-7.951208114624023
378,best,-6.6359405517578125,-7.207608699798584
379,best,-7.189581394195557,-7.683219909667969
380,best,-6.941802024841309,-7.110359191894531
381,best,-8.468782424926758,-7.81235408782959
382,best,-7.058322429656982,-7.046609878540039
383,best,-8.298840522766113,-8.195662498474121
384,best,-6.348482131958008,-5.97412633895874
385,best,-7.66827917098999,-7.702176094055176
386,best,-7.812924385070801,-7.357696533203125
387,best,-8.532975196838379,-8.151569366455078
388,best,-6.931662082672119,-6.933480262756348
389,best,-6.958630561828613,-7.058516025543213
390,best,-6.7401018142700195,-7.132748603820801
391,best,-7.183158874511719,-6.954916000366211
392,best,-7.554288387298584,-7.409750461578369
393,best,-8.508481979370117,-8.531658172607422
394,best,-7.134364128112793,-7.386844158172607
395,best,-8.583927154541016,-8.233124732971191
396,best,-7.721482276916504,-7.608608722686768
397,best,-6.6771559715271,-6.921806335449219
398,best,-7.047554016113281,-7.4009575843811035
399,best,-7.240560531616211,-6.7873687744140625
400,best,-9.05905532836914,-7.73768949508667
401,best,-9.316744804382324,-8.980935096740723
402,best,-10.013352394104004,-10.111456871032715
403,best,-7.381707668304443,-6.885911464691162
404,best,-9.144766807556152,-7.957139492034912
405,best,-9.021728515625,-7.8807220458984375
406,best,-8.63541316986084,-8.348058700561523
407,best,-8.152091979980469,-7.577301979064941
408,best,-7.923403263092041,-7.441051006317139
409,best,-8.875679016113281,-7.674229621887207
410,best,-7.58624792098999,-7.090106964111328
411,best,-9.462987899780273,-8.839691162109375
412,best,-9.64915657043457,-8.705735206604004
413,best,-8.179374694824219,-7.70121431350708
414,best,-8.950377464294434,-8.840517044067383
415,best,-8.94761848449707,-8.329917907714844
416,best,-9.74853515625,-8.915667533874512
417,best,-9.410665512084961,-8.508112907409668
418,best,-8.526769638061523,-7.261250972747803
419,best,-7.38170862197876,-6.885911464691162
420,best,-7.6937575340271,-7.113836288452148
421,best,-6.4195475578308105,-6.455186367034912
422,best,-6.691187858581543,-6.590827465057373
423,best,-7.173225402832031,-6.6666059494018555
424,best,-6.744753837585449,-6.345155715942383
425,best,-8.49371337890625,-8.166643142700195
426,best,-8.935761451721191,-8.376479148864746
427,best,-9.40091609954834,-9.100120544433594
428,best,-8.098213195800781,-7.818756103515625
429,best,-6.559928894042969,-6.502447128295898
430,best,-9.019254684448242,-8.980494499206543
431,best,-6.7133917808532715,-6.667792320251465
432,best,-6.5425872802734375,-6.750400066375732
433,best,-8.753911018371582,-8.331869125366211
434,best,-7.622559547424316,-7.2633056640625
435,best,-6.611893653869629,-6.238668918609619
436,best,-6.4580912590026855,-6.249638557434082
437,best,-6.110376358032227,-5.759716510772705
438,best,-6.59495735168457,-6.722939491271973
439,best,-7.049835205078125,-6.644598484039307
440,best,-7.549383163452148,-6.9884490966796875
441,best,-6.212140083312988,-5.760591506958008
442,best,-7.565327167510986,-7.435635089874268
443,best,-6.987068176269531,-6.323495864868164
444,best,-7.309362411499023,-6.484355449676514
445,best,-7.663197040557861,-7.352831840515137
446,best,-8.150639533996582,-7.8429179191589355
447,best,-8.67212200164795,-8.304390907287598
448,best,-7.301056385040283,-6.499039649963379
449,best,-6.560454845428467,-6.471688747406006
450,best,-7.891673564910889,-7.32413911819458
451,best,-7.820912837982178,-7.479908466339111
452,best,-8.64070987701416,-8.309529304504395
453,best,-7.038896083831787,-6.0424580574035645
454,best,-6.761655330657959,-6.348646640777588
455,best,-7.029573917388916,-6.8456292152404785
456,best,-6.891140460968018,-6.681046009063721
457,best,-6.813657760620117,-6.532193183898926
458,best,-7.317047595977783,-6.986778736114502
459,best,-7.3957200050354,-7.105230808258057
460,best,-8.218029975891113,-7.393625259399414
461,best,-5.6279616355896,-5.437839031219482
462,best,-5.297946453094482,-5.33269739151001
463,best,-6.923161506652832,-6.6778669357299805
464,best,-6.596680641174316,-6.639324188232422
465,best,-6.53472375869751,-6.604386329650879
466,best,-5.96696662902832,-5.823782920837402
467,best,-6.679166793823242,-6.377804279327393
468,best,-6.727084636688232,-6.510657787322998
469,best,-6.540884017944336,-6.553837776184082
470,best,-6.823997497558594,-6.506009578704834
471,best,-8.172708511352539,-7.432896614074707
472,best,-6.456940650939941,-6.5023512840271
473,best,-6.673604965209961,-6.761776924133301
474,best,-6.573617935180664,-6.653201103210449
475,best,-6.939013957977295,-6.5623016357421875
476,best,-5.39891242980957,-5.637009620666504
477,best,-6.258264541625977,-6.329249382019043
478,best,-6.012170791625977,-5.984147071838379
479,best,-5.832852363586426,-5.696202754974365
480,best,-5.517369270324707,-5.739895820617676
481,best,-6.108101844787598,-6.241365909576416
482,best,-6.949885845184326,-6.8099565505981445
483,best,-5.190125465393066,-5.297819137573242
484,best,-4.982133865356445,-4.9421186447143555
485,best,-5.5556793212890625,-5.7183380126953125
486,best,-5.5556793212890625,-5.7183380126953125
487,best,-6.464505195617676,-6.609205722808838
488,best,-5.282464504241943,-5.235404968261719
489,best,-6.677150726318359,-6.489132404327393
490,best,-7.415976047515869,-7.167536735534668
491,best,-8.070337295532227,-7.836366176605225
492,best,-5.5556793212890625,-5.7183380126953125
493,best,-4.952455043792725,-5.016769886016846
494,best,-6.438661098480225,-6.3007917404174805
495,best,-6.818735122680664,-6.566003799438477
496,best,-5.121787071228027,-5.515899658203125
497,best,-6.022584915161133,-5.9366044998168945
498,best,-4.952455043792725,-5.016769886016846
499,best,-6.721246242523193,-6.5414042472839355
500,best,-5.678137302398682,-5.84973669052124
501,best,-5.917726516723633,-5.865606784820557
502,best,-6.567798614501953,-5.973132133483887
503,best,-7.999462604522705,-7.595280647277832
504,best,-5.760353088378906,-5.496343612670898
505,best,-6.046442031860352,-6.19025993347168
506,best,-6.387893199920654,-6.35921049118042
507,best,-7.797399520874023,-7.421027183532715
508,best,-6.682600498199463,-6.555009365081787
509,best,-6.0645060539245605,-5.707744121551514
510,best,-7.593393802642822,-7.168407440185547
511,best,-7.662648677825928,-7.357579708099365
512,best,-5.8938775062561035,-6.013237953186035
513,best,-6.494220733642578,-6.1528425216674805
514,best,-6.376131057739258,-6.576580047607422
515,best,-6.774374008178711,-6.618278503417969
516,best,-6.516529083251953,-6.4618988037109375
517,best,-5.4202351570129395,-5.024195671081543
518,best,-6.7874755859375,-7.005702495574951
519,best,-7.878012657165527,-7.680246829986572
520,best,-7.672776222229004,-6.822807788848877
521,best,-6.861809730529785,-6.647412300109863
522,best,-7.781920909881592,-7.079448699951172
523,best,-6.960170745849609,-6.685656547546387
524,best,-6.015591621398926,-5.7978363037109375
525,best,-7.55372428894043,-7.281497001647949
526,best,-5.692400932312012,-5.340260028839111
527,best,-5.969897747039795,-5.9365763664245605
528,best,-9.206499099731445,-7.942234039306641
529,best,-7.181870460510254,-6.8796563148498535
530,best,-6.56872034072876,-6.079641342163086
531,best,-8.562105178833008,-7.962094783782959
532,best,-8.709420204162598,-7.506011962890625
533,best,-7.408486366271973,-6.694494724273682
534,best,-8.239468574523926,-7.252475261688232
535,best,-6.333029747009277,-5.995269298553467
536,best,-6.17362642288208,-5.9456329345703125
537,best,-8.562105178833008,-7.962094783782959
538,best,-5.930106163024902,-5.601117134094238
539,best,-6.330617427825928,-6.122049331665039
540,best,-4.886992931365967,-5.016360759735107
541,best,-5.207664489746094,-5.221861839294434
542,best,-6.062865734100342,-5.867618083953857
543,best,-5.417303562164307,-5.27916145324707
544,best,-5.173415184020996,-5.294235706329346
545,best,-5.664775371551514,-5.55330228805542
546,best,-6.106899261474609,-5.7642974853515625
547,best,-6.026040554046631,-5.903221130371094
548,best,-5.433554172515869,-5.437736511230469
549,best,-5.922308444976807,-5.804434299468994
550,best,-5.811885833740234,-5.687772750854492
551,best,-6.721307754516602,-6.58192777633667
552,best,-5.68800163269043,-5.588694095611572
553,best,-7.280245304107666,-6.580572605133057
554,best,-7.101076126098633,-6.875072479248047
555,best,-6.9642791748046875,-6.668708801269531
556,best,-5.327286243438721,-5.509758472442627
557,best,-6.270378112792969,-6.055312633514404
558,best,-5.437576770782471,-5.549782752990723
559,best,-5.960752010345459,-5.902048110961914
560,best,-6.952393054962158,-6.469457149505615
561,best,-6.719994068145752,-5.955097198486328
562,best,-7.392443656921387,-7.543951988220215
563,best,-5.7276530265808105,-5.670810222625732
564,best,-7.765604019165039,-7.219011306762695
565,best,-5.235180377960205,-4.996665954589844
566,best,-6.410754203796387,-5.957724571228027
567,best,-6.684173583984375,-6.126306533813477
568,best,-6.32814884185791,-6.209097862243652
569,best,-6.411978721618652,-6.164802551269531
570,best,-6.705596923828125,-6.523677825927734
571,best,-6.609081268310547,-6.425869941711426
572,best,-6.521443843841553,-6.1560564041137695
573,best,-7.659698963165283,-7.076598644256592
574,best,-5.332019329071045,-5.235877513885498
575,best,-5.576225757598877,-5.288483619689941
576,best,-6.0788679122924805,-5.964613914489746
577,best,-4.89806604385376,-4.5790324211120605
578,best,-5.442901134490967,-5.24470853805542
579,best,-5.551386833190918,-5.028436183929443
580,best,-6.977699279785156,-5.9824323654174805
581,best,-7.884846210479736,-7.1317338943481445
582,best,-5.993045806884766,-5.558531761169434
583,best,-7.731802463531494,-6.823864459991455
584,best,-7.333224773406982,-6.396571636199951
585,best,-5.995818614959717,-5.520913124084473
586,best,-6.952197551727295,-5.900765419006348
587,best,-7.957921981811523,-7.2862043380737305
588,best,-7.644059658050537,-6.732961177825928
589,best,-7.174306392669678,-6.668216705322266
590,best,-7.4817423820495605,-6.750920295715332
591,best,-7.539621353149414,-6.645839214324951
592,best,-7.924137592315674,-6.713318824768066
593,best,-6.244133472442627,-5.785724639892578
594,best,-5.868561744689941,-4.926601409912109
595,best,-8.18537425994873,-6.8752827644348145
596,best,-6.198911190032959,-5.403574466705322
597,best,-7.134626865386963,-5.959414482116699
598,best,-8.177153587341309,-6.894775867462158
599,best,-6.83472204208374,-5.800846576690674
600,best,-6.214685916900635,-5.730522632598877
601,best,-8.372299194335938,-7.394477367401123
602,best,-8.537697792053223,-7.589363098144531
603,best,-7.570743083953857,-6.993222713470459
604,best,-6.214685916900635,-5.730522632598877
605,best,-6.576992034912109,-6.23698091506958
606,best,-8.020193099975586,-7.3267998695373535
607,best,-7.025562763214111,-6.224474906921387
608,best,-7.4712605476379395,-6.7437520027160645
609,best,-7.755040645599365,-6.904984474182129
610,best,-6.4733710289001465,-5.790803909301758
611,best,-8.537697792053223,-7.5893635749816895
612,best,-6.38355016708374,-5.966497898101807
613,best,-7.105648040771484,-6.6529927253723145
614,best,-5.953701019287109,-5.706002712249756
615,best,-6.5025105476379395,-6.058626651763916
616,best,-6.21660852432251,-5.882523536682129
617,best,-7.702531337738037,-6.8940863609313965
618,best,-6.833576679229736,-6.166757106781006
619,best,-7.77060079574585,-6.94081974029541
620,best,-6.61297607421875,-6.119287490844727
621,best,-7.124533653259277,-6.685379981994629
622,best,-7.924515247344971,-7.60316801071167
623,best,-6.200944900512695,-5.82147216796875
624,best,-7.172741889953613,-6.573002338409424
625,best,-6.921419620513916,-6.836194038391113
626,best,-7.92846155166626,-7.199295997619629
627,best,-6.422068119049072,-5.942525863647461
628,best,-6.579300403594971,-6.025522232055664
629,best,-7.882999897003174,-7.128281593322754
630,best,-7.560314655303955,-7.157875061035156
631,best,-7.128985404968262,-6.665501117706299
632,best,-6.151060104370117,-5.903948783874512
633,best,-5.64512300491333,-5.142946243286133
634,best,-6.587615489959717,-6.1773681640625
635,best,-5.6653313636779785,-5.575875759124756
636,best,-6.837642669677734,-6.335901260375977
637,best,-5.753664493560791,-5.482954978942871
638,best,-7.316522121429443,-6.602282524108887
639,best,-5.955893516540527,-5.46179723739624
640,best,-7.849628448486328,-6.655181407928467
641,best,-7.202345371246338,-6.55340576171875
642,best,-7.551625728607178,-6.851701259613037
643,best,-8.041298866271973,-7.007565975189209
644,best,-7.788218021392822,-6.808159828186035
645,best,-8.320578575134277,-6.939888954162598
646,best,-9.22350788116455,-8.539205551147461
647,best,-7.017030239105225,-5.609923839569092
648,best,-9.3648681640625,-8.094487190246582
649,best,-8.787799835205078,-7.825934410095215
650,best,-7.783520221710205,-6.9218878746032715
651,best,-7.085887432098389,-6.186521530151367
652,best,-6.578358173370361,-5.660032272338867
653,best,-7.358028411865234,-6.3969597816467285
654,best,-7.456968784332275,-6.518749237060547
655,best,-8.657066345214844,-7.550584316253662
656,best,-8.536760330200195,-7.205273151397705
657,best,-8.717613220214844,-7.6312994956970215
658,best,-8.26968765258789,-7.411777973175049
659,best,-7.913867950439453,-6.621077060699463
660,best,-7.593754291534424,-6.662687301635742
661,best,-5.462514877319336,-5.012876987457275
662,best,-7.693810939788818,-7.222662925720215
663,best,-7.084840774536133,-6.63675594329834
664,best,-5.7958903312683105,-5.575052261352539
665,best,-6.054952144622803,-5.816826343536377
666,best,-5.558193206787109,-5.373449802398682
667,best,-6.555880069732666,-6.1954121589660645
668,best,-5.682682991027832,-5.325645446777344
669,best,-4.734004020690918,-5.174657821655273
670,best,-7.531375885009766,-6.615513324737549
671,best,-6.488209247589111,-5.8228349685668945
672,best,-6.634490966796875,-6.26032018661499
673,best,-5.554576873779297,-5.092649936676025
674,best,-7.531375885009766,-6.615513801574707
675,best,-6.9176344871521,-6.353050708770752
676,best,-7.866419315338135,-7.382853984832764
677,best,-6.2483062744140625,-5.943935871124268
678,best,-6.64601993560791,-6.309757709503174
679,best,-6.819084167480469,-6.233633041381836
680,best,-6.616883277893066,-5.870054244995117
681,best,-6.976410388946533,-5.996112823486328
682,best,-6.175514221191406,-5.590531349182129
683,best,-7.209325313568115,-6.444181442260742
684,best,-6.650897026062012,-6.154682636260986
685,best,-5.924389362335205,-5.136352062225342
686,best,-6.77743673324585,-6.401630401611328
687,best,-5.891033172607422,-5.820887088775635
688,best,-6.771793365478516,-5.547959327697754
689,best,-7.535350322723389,-6.901235580444336
690,best,-6.2738447189331055,-6.0510735511779785
691,best,-5.940208435058594,-5.23948860168457
692,best,-6.702612400054932,-6.385603904724121
693,best,-6.6556291580200195,-5.999948501586914
694,best,-6.9517717361450195,-7.11293888092041
695,best,-7.379464626312256,-6.970532417297363
696,best,-7.676131725311279,-7.073680400848389
697,best,-6.1029052734375,-5.784274578094482
698,best,-6.426569938659668,-6.4154205322265625
699,best,-5.840132713317871,-5.477616310119629
