item_id,model_state,do,pp
0,initial,-7.4857587814331055,-6.208909511566162
1,initial,-7.882542610168457,-7.054252624511719
2,initial,-7.3828349113464355,-6.818381309509277
3,initial,-8.296709060668945,-7.763988494873047
4,initial,-7.691931247711182,-5.93089485168457
5,initial,-7.636438846588135,-7.046414852142334
6,initial,-8.655030250549316,-7.568678379058838
7,initial,-8.064104080200195,-6.9361186027526855
8,initial,-7.022810459136963,-6.001926898956299
9,initial,-7.3828349113464355,-6.818381309509277
10,initial,-9.227048873901367,-7.539066791534424
11,initial,-6.841311931610107,-6.4250311851501465
12,initial,-8.30957317352295,-6.35734748840332
13,initial,-8.93869686126709,-7.210565090179443
14,initial,-7.022810459136963,-6.001926898956299
15,initial,-8.919894218444824,-7.4334716796875
16,initial,-7.698611259460449,-6.93235445022583
17,initial,-7.968486785888672,-6.793209075927734
18,initial,-9.010470390319824,-8.07161808013916
19,initial,-7.030496120452881,-6.7984700202941895
20,initial,-7.047427654266357,-6.181925296783447
21,initial,-7.6657023429870605,-6.531369686126709
22,initial,-8.243886947631836,-7.740194320678711
23,initial,-8.104279518127441,-6.944037914276123
24,initial,-8.90937614440918,-7.5467071533203125
25,initial,-8.104279518127441,-6.944037914276123
26,initial,-8.919438362121582,-7.509902477264404
27,initial,-9.08958625793457,-7.773210048675537
28,initial,-7.41911506652832,-6.621255397796631
29,initial,-9.119185447692871,-7.903844356536865
30,initial,-8.050313949584961,-6.9296722412109375
31,initial,-7.737478733062744,-6.816728115081787
32,initial,-8.243886947631836,-7.740193843841553
33,initial,-7.737478733062744,-6.816728591918945
34,initial,-7.813765048980713,-6.888998031616211
35,initial,-8.752713203430176,-7.681079864501953
36,initial,-7.419116497039795,-6.621254920959473
37,initial,-7.737478733062744,-6.816728591918945
38,initial,-7.465280055999756,-6.666505336761475
39,initial,-7.246105194091797,-6.269251346588135
40,initial,-7.426359176635742,-6.651289463043213
41,initial,-7.121588706970215,-6.774728775024414
42,initial,-7.261229038238525,-6.85891056060791
43,initial,-7.967022895812988,-7.345227241516113
44,initial,-7.970048427581787,-6.639929294586182
45,initial,-7.140932083129883,-6.40600061416626
46,initial,-7.865227699279785,-6.15280818939209
47,initial,-7.460144519805908,-6.93084716796875
48,initial,-8.92585563659668,-8.122892379760742
49,initial,-7.107690334320068,-6.332272052764893
50,initial,-8.238578796386719,-7.18303108215332
51,initial,-9.020614624023438,-7.9665374755859375
52,initial,-7.859999179840088,-7.067636489868164
53,initial,-8.315683364868164,-7.2105712890625
54,initial,-7.956455707550049,-7.0132341384887695
55,initial,-7.5057525634765625,-6.260584354400635
56,initial,-7.306873321533203,-6.26501989364624
57,initial,-6.934597969055176,-6.4451141357421875
58,initial,-8.020620346069336,-6.662264823913574
59,initial,-7.293078422546387,-6.431097030639648
60,initial,-8.368441581726074,-7.515608787536621
61,initial,-9.05357551574707,-8.312146186828613
62,initial,-10.133495330810547,-9.18381118774414
63,initial,-9.742059707641602,-8.386807441711426
64,initial,-7.89321756362915,-7.293168544769287
65,initial,-8.194235801696777,-7.171237468719482
66,initial,-8.541083335876465,-7.392476558685303
67,initial,-9.9921236038208,-9.030570030212402
68,initial,-9.022320747375488,-7.27705717086792
69,initial,-8.85297679901123,-7.337505340576172
70,initial,-7.980377674102783,-7.02064847946167
71,initial,-9.457422256469727,-8.328651428222656
72,initial,-7.238641738891602,-6.47924280166626
73,initial,-7.312929630279541,-7.069651126861572
74,initial,-6.964460849761963,-6.636627197265625
75,initial,-9.458399772644043,-7.4972052574157715
76,initial,-8.661337852478027,-7.82205867767334
77,initial,-9.55207347869873,-7.780994892120361
78,initial,-7.915416717529297,-7.521411418914795
79,initial,-7.937032222747803,-7.321993350982666
80,initial,-5.516973495483398,-5.320274353027344
81,initial,-5.873796463012695,-5.407022953033447
82,initial,-8.149392127990723,-6.962103843688965
83,initial,-6.840245723724365,-6.047500133514404
84,initial,-6.476937294006348,-5.966042995452881
85,initial,-8.174317359924316,-7.7930498123168945
86,initial,-7.48779821395874,-6.919487476348877
87,initial,-6.676151752471924,-6.190856456756592
88,initial,-6.6868815422058105,-6.055391311645508
89,initial,-5.871153831481934,-5.83266544342041
90,initial,-6.6324028968811035,-5.833176612854004
91,initial,-8.929842948913574,-8.275634765625
92,initial,-6.010683059692383,-5.686794281005859
93,initial,-7.071285724639893,-6.815535068511963
94,initial,-6.900765895843506,-7.013200759887695
95,initial,-7.167590141296387,-6.83710241317749
96,initial,-5.94565486907959,-5.530412673950195
97,initial,-6.631876468658447,-5.9326863288879395
98,initial,-8.28651237487793,-7.81184720993042
99,initial,-6.118678569793701,-5.4891252517700195
100,initial,-7.774337291717529,-6.181546688079834
101,initial,-7.849637508392334,-6.8900275230407715
102,initial,-9.006863594055176,-7.767739295959473
103,initial,-7.3017144203186035,-6.5385589599609375
104,initial,-7.3017144203186035,-6.5385589599609375
105,initial,-7.194943904876709,-6.067859649658203
106,initial,-8.236509323120117,-6.995139122009277
107,initial,-8.457507133483887,-6.719413757324219
108,initial,-6.851511478424072,-5.810563087463379
109,initial,-9.560196876525879,-8.166692733764648
110,initial,-8.338953018188477,-6.81911563873291
111,initial,-7.098109245300293,-6.438300132751465
112,initial,-8.268078804016113,-7.189515113830566
113,initial,-8.308262825012207,-6.811118125915527
114,initial,-6.844550609588623,-6.355935573577881
115,initial,-7.843682765960693,-6.9590349197387695
116,initial,-9.440909385681152,-8.00484561920166
117,initial,-7.778627395629883,-6.7142486572265625
118,initial,-8.236509323120117,-6.995139122009277
119,initial,-8.523900032043457,-7.403933525085449
120,initial,-7.530467987060547,-6.3035430908203125
121,initial,-6.989920139312744,-5.899046421051025
122,initial,-7.85315465927124,-6.525947570800781
123,initial,-7.545533180236816,-6.0260090827941895
124,initial,-7.493003845214844,-6.421177387237549
125,initial,-9.222053527832031,-7.169055938720703
126,initial,-9.165910720825195,-7.7430500984191895
127,initial,-9.056560516357422,-7.141229152679443
128,initial,-7.858802318572998,-6.682760715484619
129,initial,-9.993656158447266,-7.916226863861084
130,initial,-7.83536434173584,-5.917452335357666
131,initial,-7.361157417297363,-6.5026021003723145
132,initial,-7.135613918304443,-6.194411277770996
133,initial,-9.399442672729492,-7.486243724822998
134,initial,-9.993656158447266,-7.916226863861084
135,initial,-7.4108991622924805,-6.100512981414795
136,initial,-7.51508092880249,-5.960782527923584
137,initial,-7.4108991622924805,-6.100512981414795
138,initial,-9.222052574157715,-7.169055461883545
139,initial,-7.7709808349609375,-6.556049346923828
140,initial,-7.238680839538574,-6.187623023986816
141,initial,-8.02251148223877,-6.73025369644165
142,initial,-7.524363040924072,-6.702045917510986
143,initial,-6.6685895919799805,-5.452481746673584
144,initial,-8.698676109313965,-7.617965221405029
145,initial,-7.5876288414001465,-6.274254322052002
146,initial,-8.209104537963867,-7.10719108581543
147,initial,-8.504949569702148,-7.281589031219482
148,initial,-7.789921283721924,-6.9266743659973145
149,initial,-7.703699111938477,-6.392430305480957
150,initial,-7.727334499359131,-6.851042747497559
151,initial,-8.120695114135742,-6.701506614685059
152,initial,-8.843406677246094,-7.355541706085205
153,initial,-8.678442001342773,-7.356710433959961
154,initial,-7.238680839538574,-6.187623023986816
155,initial,-8.209104537963867,-7.10719108581543
156,initial,-8.943764686584473,-7.645687103271484
157,initial,-8.908904075622559,-7.557980537414551
158,initial,-7.735335350036621,-6.350812911987305
159,initial,-8.209104537963867,-7.10719108581543
160,initial,-8.645655632019043,-7.101515293121338
161,initial,-9.48681354522705,-6.870180606842041
162,initial,-8.35313606262207,-7.3534955978393555
163,initial,-9.83238697052002,-8.245104789733887
164,initial,-9.741353988647461,-8.38593578338623
165,initial,-7.269250392913818,-6.187431335449219
166,initial,-8.833939552307129,-7.620361328125
167,initial,-9.83238697052002,-8.245104789733887
168,initial,-8.544258117675781,-7.62912654876709
169,initial,-8.315264701843262,-7.372310161590576
170,initial,-9.987604141235352,-8.108565330505371
171,initial,-9.398982048034668,-7.390003204345703
172,initial,-7.793922424316406,-6.8973002433776855
173,initial,-9.926259994506836,-7.9906439781188965
174,initial,-9.412365913391113,-7.781869888305664
175,initial,-8.47755241394043,-7.688630104064941
176,initial,-10.106847763061523,-8.249354362487793
177,initial,-7.924343109130859,-6.457604885101318
178,initial,-8.219545364379883,-6.92191743850708
179,initial,-8.809170722961426,-7.442080020904541
180,initial,-7.099923133850098,-6.54307746887207
181,initial,-5.619632720947266,-5.284278392791748
182,initial,-6.001816749572754,-5.820834159851074
183,initial,-6.323544502258301,-5.83870267868042
184,initial,-6.544355869293213,-5.649603366851807
185,initial,-7.634130954742432,-6.837381362915039
186,initial,-7.210580348968506,-6.711019039154053
187,initial,-8.148154258728027,-7.020046234130859
188,initial,-5.900860786437988,-5.42571496963501
189,initial,-7.045771598815918,-6.4711737632751465
190,initial,-7.300323963165283,-6.283014297485352
191,initial,-7.099923133850098,-6.54307746887207
192,initial,-6.656160354614258,-6.086812973022461
193,initial,-7.7271223068237305,-6.988683700561523
194,initial,-6.302123069763184,-5.9955549240112305
195,initial,-7.464457035064697,-6.764651298522949
196,initial,-6.752284526824951,-6.270123481750488
197,initial,-7.646976470947266,-6.256972312927246
198,initial,-8.42171859741211,-7.3270721435546875
199,initial,-6.457949638366699,-5.894037246704102
200,initial,-6.540749549865723,-5.658142566680908
201,initial,-7.570170879364014,-6.738856792449951
202,initial,-8.026689529418945,-7.11940336227417
203,initial,-7.079339504241943,-5.972014427185059
204,initial,-7.079339504241943,-5.972014427185059
205,initial,-7.141254901885986,-6.374100208282471
206,initial,-9.098511695861816,-7.60556697845459
207,initial,-9.320149421691895,-7.959449768066406
208,initial,-7.079339504241943,-5.972014427185059
209,initial,-7.141254901885986,-6.374100208282471
210,initial,-7.851499557495117,-6.640969276428223
211,initial,-8.033560752868652,-6.6200737953186035
212,initial,-8.033560752868652,-6.6200737953186035
213,initial,-8.429292678833008,-7.20932149887085
214,initial,-7.851499557495117,-6.640969276428223
215,initial,-8.52539348602295,-7.5838189125061035
216,initial,-8.40463638305664,-7.4139933586120605
217,initial,-8.737159729003906,-7.545115947723389
218,initial,-7.027435302734375,-6.0325469970703125
219,initial,-7.33891487121582,-5.753040313720703
220,initial,-6.942760467529297,-6.428908348083496
221,initial,-7.239436626434326,-6.6580634117126465
222,initial,-7.1393280029296875,-6.546252250671387
223,initial,-7.407315731048584,-6.803564071655273
224,initial,-7.821345806121826,-7.070019721984863
225,initial,-7.8683037757873535,-6.933437824249268
226,initial,-7.170538425445557,-6.573945999145508
227,initial,-7.395823001861572,-6.678897380828857
228,initial,-7.630020618438721,-6.745149612426758
229,initial,-7.8683037757873535,-6.933437824249268
230,initial,-7.7472758293151855,-6.935500621795654
231,initial,-6.99874210357666,-6.339544296264648
232,initial,-7.776896953582764,-7.130119323730469
233,initial,-8.497385025024414,-7.670358657836914
234,initial,-8.502389907836914,-7.304294586181641
235,initial,-7.372050762176514,-6.675599098205566
236,initial,-6.8206682205200195,-6.255399227142334
237,initial,-7.264917373657227,-6.614622116088867
238,initial,-8.671504020690918,-7.856046676635742
239,initial,-7.683653354644775,-6.8320722579956055
240,initial,-6.896945476531982,-6.4558634757995605
241,initial,-7.347926139831543,-6.880033493041992
242,initial,-8.153409957885742,-7.641951560974121
243,initial,-7.088270664215088,-6.710335731506348
244,initial,-7.482888698577881,-7.144439220428467
245,initial,-8.084477424621582,-7.520063400268555
246,initial,-6.896606922149658,-6.508439064025879
247,initial,-7.859199047088623,-7.486313819885254
248,initial,-8.213757514953613,-7.862403869628906
249,initial,-8.046156883239746,-7.555381774902344
250,initial,-7.544850826263428,-7.343581199645996
251,initial,-6.700752258300781,-6.687224864959717
252,initial,-6.82777738571167,-6.525582790374756
253,initial,-7.065600872039795,-6.52719259262085
254,initial,-6.645174503326416,-6.170845031738281
255,initial,-7.274482250213623,-6.713141441345215
256,initial,-8.051178932189941,-7.434438228607178
257,initial,-8.111486434936523,-7.661267280578613
258,initial,-6.6777238845825195,-6.279332160949707
259,initial,-6.054855823516846,-5.833198547363281
260,initial,-6.624687194824219,-6.481800079345703
261,initial,-6.510323524475098,-6.682959079742432
262,initial,-6.35061502456665,-6.039502143859863
263,initial,-7.008417129516602,-6.404599189758301
264,initial,-7.28497314453125,-6.914375305175781
265,initial,-6.653094291687012,-6.227535724639893
266,initial,-6.418832302093506,-6.070042133331299
267,initial,-6.60017204284668,-5.989462852478027
268,initial,-6.627349376678467,-6.532370090484619
269,initial,-6.954564094543457,-6.990747928619385
270,initial,-6.893847465515137,-6.49310302734375
271,initial,-6.2519683837890625,-6.353700637817383
272,initial,-6.16287899017334,-5.790252208709717
273,initial,-6.155515670776367,-6.072390556335449
274,initial,-7.6603851318359375,-7.264695167541504
275,initial,-5.999752044677734,-5.7104926109313965
276,initial,-6.442987442016602,-6.495184421539307
277,initial,-6.121893405914307,-6.379055023193359
278,initial,-6.664427280426025,-6.341700553894043
279,initial,-6.943172931671143,-6.653722286224365
280,initial,-8.763533592224121,-8.208185195922852
281,initial,-8.12661361694336,-7.648738861083984
282,initial,-7.515392780303955,-7.711230278015137
283,initial,-7.1245317459106445,-7.271384239196777
284,initial,-7.273623943328857,-6.777297019958496
285,initial,-6.335740089416504,-6.613673686981201
286,initial,-8.377903938293457,-7.68186092376709
287,initial,-8.248291015625,-7.303956031799316
288,initial,-8.1602783203125,-7.811550140380859
289,initial,-6.363888263702393,-6.437682151794434
290,initial,-8.272932052612305,-7.928195953369141
291,initial,-8.469643592834473,-7.5639753341674805
292,initial,-7.750391960144043,-7.368888854980469
293,initial,-8.60273265838623,-7.93862771987915
294,initial,-6.955092430114746,-6.215841770172119
295,initial,-7.755762100219727,-6.993539810180664
296,initial,-7.551723003387451,-7.279004096984863
297,initial,-8.944994926452637,-8.18161392211914
298,initial,-7.581774711608887,-7.275069236755371
299,initial,-8.564957618713379,-8.090374946594238
300,initial,-6.629001617431641,-6.290347099304199
301,initial,-6.74977970123291,-6.633920192718506
302,initial,-6.118564128875732,-5.923233509063721
303,initial,-7.1849164962768555,-6.732485294342041
304,initial,-6.241689682006836,-5.935459136962891
305,initial,-7.682589054107666,-7.382985591888428
306,initial,-8.702729225158691,-7.841660976409912
307,initial,-6.129398822784424,-5.8564772605896
308,initial,-6.299867630004883,-6.030580520629883
309,initial,-6.352147102355957,-6.364161491394043
310,initial,-7.687528133392334,-7.211557388305664
311,initial,-6.6516242027282715,-6.5877156257629395
312,initial,-6.801873683929443,-6.3556342124938965
313,initial,-6.233553886413574,-6.010728359222412
314,initial,-6.0618977546691895,-5.9278883934021
315,initial,-6.2412261962890625,-6.085719585418701
316,initial,-5.407323360443115,-5.242870807647705
317,initial,-7.024162769317627,-6.671642780303955
318,initial,-6.017187595367432,-5.74609899520874
319,initial,-7.850385665893555,-7.253551483154297
320,initial,-5.862605571746826,-5.211913108825684
321,initial,-7.4209442138671875,-6.847352027893066
322,initial,-6.9268083572387695,-6.769972801208496
323,initial,-6.894231796264648,-6.077905654907227
324,initial,-7.507603168487549,-6.8822832107543945
325,initial,-6.676115989685059,-6.377896785736084
326,initial,-7.512433052062988,-7.0754075050354
327,initial,-8.203624725341797,-7.615344524383545
328,initial,-5.999496936798096,-5.988133907318115
329,initial,-7.5942511558532715,-7.049252986907959
330,initial,-6.658567905426025,-6.372292518615723
331,initial,-7.950211524963379,-7.208498001098633
332,initial,-7.913031578063965,-6.983582973480225
333,initial,-6.531285762786865,-6.127938747406006
334,initial,-6.161607265472412,-5.84916353225708
335,initial,-6.683884620666504,-6.154915809631348
336,initial,-7.769631385803223,-6.960357666015625
337,initial,-6.72068977355957,-6.206256866455078
338,initial,-5.8733296394348145,-5.694359302520752
339,initial,-7.0360426902771,-6.512325763702393
340,initial,-6.778571128845215,-6.104856491088867
341,initial,-9.770956039428711,-9.391100883483887
342,initial,-9.45299243927002,-8.300604820251465
343,initial,-9.717791557312012,-8.870051383972168
344,initial,-7.5139546394348145,-7.413570880889893
345,initial,-8.503576278686523,-7.287459850311279
346,initial,-9.544224739074707,-8.047004699707031
347,initial,-8.084132194519043,-7.551764011383057
348,initial,-9.967828750610352,-9.106829643249512
349,initial,-7.968465805053711,-7.6196794509887695
350,initial,-8.208332061767578,-8.29671573638916
351,initial,-9.886362075805664,-9.055500984191895
352,initial,-8.607208251953125,-7.54170560836792
353,initial,-9.759346961975098,-8.349233627319336
354,initial,-8.055933952331543,-7.008531093597412
355,initial,-8.260292053222656,-7.70349645614624
356,initial,-10.38703727722168,-9.171121597290039
357,initial,-9.241070747375488,-9.509211540222168
358,initial,-8.02881908416748,-7.2266693115234375
359,initial,-8.790717124938965,-7.777596473693848
360,initial,-7.828785419464111,-7.486514568328857
361,initial,-9.332456588745117,-8.396525382995605
362,initial,-7.778743267059326,-6.996963024139404
363,initial,-7.528369426727295,-7.831217288970947
364,initial,-7.550997734069824,-7.16726541519165
365,initial,-7.451300144195557,-6.956888675689697
366,initial,-7.690483093261719,-8.375829696655273
367,initial,-8.485320091247559,-8.256542205810547
368,initial,-9.170173645019531,-8.829455375671387
369,initial,-9.895193099975586,-9.144667625427246
370,initial,-7.678959846496582,-7.393623352050781
371,initial,-9.807049751281738,-9.105396270751953
372,initial,-8.523046493530273,-8.046875
373,initial,-10.16869068145752,-9.490389823913574
374,initial,-8.262746810913086,-8.195266723632812
375,initial,-6.235970497131348,-6.185336112976074
376,initial,-7.922351837158203,-8.40416145324707
377,initial,-9.332456588745117,-8.396525382995605
378,initial,-7.528369426727295,-7.831217288970947
379,initial,-7.867106914520264,-7.84335994720459
380,initial,-7.372003078460693,-7.610024452209473
381,initial,-8.93651294708252,-7.858794689178467
382,initial,-7.148965358734131,-6.912869930267334
383,initial,-8.850848197937012,-8.635397911071777
384,initial,-6.285181522369385,-6.212082862854004
385,initial,-8.2874116897583,-8.198955535888672
386,initial,-7.957558631896973,-7.265343189239502
387,initial,-8.957939147949219,-8.428299903869629
388,initial,-7.468189239501953,-7.5913519859313965
389,initial,-7.494412899017334,-7.073153018951416
390,initial,-7.387613773345947,-7.795643329620361
391,initial,-7.813819408416748,-7.628418922424316
392,initial,-7.351122856140137,-6.914603233337402
393,initial,-8.331393241882324,-8.068735122680664
394,initial,-7.297458648681641,-7.13486385345459
395,initial,-8.866827964782715,-8.836748123168945
396,initial,-8.209502220153809,-7.6341872215271
397,initial,-6.885012149810791,-6.537963390350342
398,initial,-7.427741050720215,-7.342793941497803
399,initial,-7.880890846252441,-7.246182918548584
400,initial,-8.80288028717041,-7.734554290771484
401,initial,-9.72984504699707,-8.410256385803223
402,initial,-11.014928817749023,-10.32201099395752
403,initial,-7.635894775390625,-7.658699989318848
404,initial,-9.709985733032227,-7.969577789306641
405,initial,-9.266265869140625,-8.835564613342285
406,initial,-8.053794860839844,-7.754617214202881
407,initial,-8.773289680480957,-8.034685134887695
408,initial,-7.684787750244141,-7.334895133972168
409,initial,-8.358680725097656,-7.483471393585205
410,initial,-7.885801792144775,-7.555574893951416
411,initial,-9.300190925598145,-8.519280433654785
412,initial,-8.394121170043945,-8.038383483886719
413,initial,-8.144834518432617,-7.806310176849365
414,initial,-8.69300365447998,-8.542726516723633
415,initial,-9.188873291015625,-8.169230461120605
416,initial,-9.595625877380371,-9.064313888549805
417,initial,-9.124608039855957,-9.024120330810547
418,initial,-8.450589179992676,-7.498983860015869
419,initial,-7.635894775390625,-7.658699989318848
420,initial,-8.293021202087402,-7.75111722946167
421,initial,-6.979204177856445,-6.633950233459473
422,initial,-6.607933044433594,-6.297686576843262
423,initial,-6.86305570602417,-6.521221160888672
424,initial,-6.3919148445129395,-6.017593860626221
425,initial,-8.544657707214355,-8.131278038024902
426,initial,-8.846219062805176,-8.258820533752441
427,initial,-9.355690956115723,-8.753510475158691
428,initial,-8.442941665649414,-8.438413619995117
429,initial,-6.133927822113037,-5.947500228881836
430,initial,-9.412750244140625,-8.907147407531738
431,initial,-6.802618980407715,-6.3602447509765625
432,initial,-6.592164516448975,-6.431180000305176
433,initial,-8.340773582458496,-7.224474906921387
434,initial,-8.617508888244629,-7.9131927490234375
435,initial,-6.730245590209961,-6.2575459480285645
436,initial,-6.339644432067871,-6.1457839012146
437,initial,-6.486560344696045,-6.134488105773926
438,initial,-6.386031150817871,-6.033332347869873
439,initial,-6.882317543029785,-6.724952220916748
440,initial,-7.909948825836182,-7.520762920379639
441,initial,-6.251218795776367,-5.925097465515137
442,initial,-8.093098640441895,-7.427444934844971
443,initial,-7.491628170013428,-6.770495414733887
444,initial,-8.08452033996582,-7.122280597686768
445,initial,-8.329038619995117,-8.082232475280762
446,initial,-8.94859790802002,-7.99796724319458
447,initial,-8.691192626953125,-8.007781028747559
448,initial,-7.994030475616455,-7.0576605796813965
449,initial,-7.202640533447266,-6.347146511077881
450,initial,-8.01405143737793,-6.813846111297607
451,initial,-8.134394645690918,-7.108383655548096
452,initial,-8.550337791442871,-7.241351127624512
453,initial,-7.573477745056152,-6.380823135375977
454,initial,-7.133711814880371,-6.2462005615234375
455,initial,-7.65462064743042,-7.3739752769470215
456,initial,-7.312895774841309,-7.265690803527832
457,initial,-7.342952728271484,-6.692139625549316
458,initial,-7.586904048919678,-6.928954601287842
459,initial,-7.726078033447266,-7.455954074859619
460,initial,-7.680386543273926,-7.207366466522217
461,initial,-5.813699245452881,-5.442644119262695
462,initial,-5.505040645599365,-5.446312427520752
463,initial,-7.371189117431641,-7.188619136810303
464,initial,-6.658227443695068,-6.465071201324463
465,initial,-6.1733222007751465,-6.215952396392822
466,initial,-6.810820579528809,-6.197516918182373
467,initial,-7.1996941566467285,-6.467032432556152
468,initial,-7.763304233551025,-7.382579326629639
469,initial,-6.254627704620361,-6.360544681549072
470,initial,-6.772276878356934,-7.1588029861450195
471,initial,-9.192451477050781,-8.068904876708984
472,initial,-7.264857769012451,-6.709327697753906
473,initial,-6.5226874351501465,-6.470752716064453
474,initial,-6.260204792022705,-6.094911098480225
475,initial,-7.2765116691589355,-6.859514236450195
476,initial,-5.415389060974121,-5.544225692749023
477,initial,-6.354492664337158,-6.119689464569092
478,initial,-5.986335277557373,-5.96071720123291
479,initial,-5.983905792236328,-5.683785438537598
480,initial,-5.520105361938477,-5.692427635192871
481,initial,-6.23538875579834,-6.130380153656006
482,initial,-7.397812366485596,-7.439638614654541
483,initial,-5.4027485847473145,-5.318129539489746
484,initial,-5.231934547424316,-5.3307647705078125
485,initial,-5.877854824066162,-5.978933811187744
486,initial,-5.877854824066162,-5.978933811187744
487,initial,-6.380321979522705,-6.394377708435059
488,initial,-5.369243144989014,-5.15562105178833
489,initial,-7.203787803649902,-6.91078519821167
490,initial,-7.777092933654785,-7.525027275085449
491,initial,-9.167699813842773,-8.922813415527344
492,initial,-5.877854824066162,-5.978933811187744
493,initial,-5.217195987701416,-4.977496147155762
494,initial,-6.86031436920166,-6.406414985656738
495,initial,-7.534947395324707,-7.135385513305664
496,initial,-5.3722076416015625,-5.59522819519043
497,initial,-5.861470699310303,-5.9423089027404785
498,initial,-5.217195987701416,-4.977496147155762
499,initial,-7.008957386016846,-6.678415298461914
500,initial,-5.856193542480469,-5.922062397003174
501,initial,-5.861760139465332,-5.499439239501953
502,initial,-6.651698112487793,-6.434146404266357
503,initial,-7.879902362823486,-7.815746307373047
504,initial,-5.949659824371338,-5.5061936378479
505,initial,-6.6253838539123535,-6.4281110763549805
506,initial,-6.999506950378418,-6.703741073608398
507,initial,-8.185551643371582,-7.60111141204834
508,initial,-7.062250137329102,-6.417489528656006
509,initial,-5.9303879737854,-5.477682590484619
510,initial,-7.82496976852417,-7.153393745422363
511,initial,-7.921439170837402,-7.161685943603516
512,initial,-6.365489482879639,-6.306937217712402
513,initial,-6.976322174072266,-6.530987739562988
514,initial,-6.343011379241943,-6.279922008514404
515,initial,-6.921430587768555,-6.724813938140869
516,initial,-6.854378700256348,-6.557609558105469
517,initial,-5.361448287963867,-5.1038312911987305
518,initial,-6.79093599319458,-6.625707626342773
519,initial,-8.274617195129395,-8.243110656738281
520,initial,-8.201353073120117,-7.291032791137695
521,initial,-7.397530555725098,-7.10253381729126
522,initial,-8.473509788513184,-7.946682929992676
523,initial,-6.698300361633301,-6.4431891441345215
524,initial,-6.639133453369141,-6.178536415100098
525,initial,-7.602457046508789,-6.980315208435059
526,initial,-5.546326160430908,-5.220579147338867
527,initial,-5.4701828956604,-5.8459930419921875
528,initial,-8.939393997192383,-8.315402030944824
529,initial,-7.705752849578857,-7.377353191375732
530,initial,-6.552745819091797,-5.892826557159424
531,initial,-9.154111862182617,-8.444353103637695
532,initial,-8.317743301391602,-8.034469604492188
533,initial,-7.463980674743652,-6.922765731811523
534,initial,-8.106918334960938,-7.891245365142822
535,initial,-6.148931503295898,-5.91829252243042
536,initial,-6.684902191162109,-6.637786865234375
537,initial,-9.154111862182617,-8.444353103637695
538,initial,-5.633572578430176,-5.503759384155273
539,initial,-6.342648506164551,-6.3023600578308105
540,initial,-5.111056804656982,-5.1838908195495605
541,initial,-5.159021854400635,-5.270989894866943
542,initial,-6.038387775421143,-6.089450836181641
543,initial,-5.2431769371032715,-5.387031078338623
544,initial,-5.2737717628479,-5.493325233459473
545,initial,-6.085732936859131,-5.8446221351623535
546,initial,-5.828090190887451,-5.747818470001221
547,initial,-6.065187454223633,-6.344834804534912
548,initial,-5.108087062835693,-5.076727867126465
549,initial,-5.986619472503662,-5.755748271942139
550,initial,-6.067012786865234,-6.07123327255249
551,initial,-7.118403911590576,-6.958893299102783
552,initial,-5.752691745758057,-6.004359245300293
553,initial,-7.407787322998047,-7.090339660644531
554,initial,-7.203080654144287,-6.73103666305542
555,initial,-7.570134162902832,-7.255578994750977
556,initial,-5.624844074249268,-6.005472660064697
557,initial,-5.916955947875977,-6.083558559417725
558,initial,-5.594410419464111,-5.435750484466553
559,initial,-5.237582683563232,-5.840822696685791
560,initial,-7.533315658569336,-7.046494960784912
561,initial,-7.104872703552246,-6.539389610290527
562,initial,-8.122846603393555,-7.7749481201171875
563,initial,-5.844184875488281,-5.563907146453857
564,initial,-7.967207908630371,-7.4207282066345215
565,initial,-5.818754196166992,-5.294813632965088
566,initial,-6.632876873016357,-6.385958194732666
567,initial,-7.320237159729004,-6.744022369384766
568,initial,-6.14656925201416,-6.364060878753662
569,initial,-7.023857116699219,-6.809899806976318
570,initial,-7.444190502166748,-7.155195236206055
571,initial,-6.717873573303223,-6.1007914543151855
572,initial,-6.812406063079834,-6.461983680725098
573,initial,-8.565866470336914,-8.089737892150879
574,initial,-5.529961585998535,-5.185368537902832
575,initial,-5.768143177032471,-5.322688579559326
576,initial,-6.493135452270508,-5.959603786468506
577,initial,-4.866897106170654,-4.451178073883057
578,initial,-5.605660438537598,-5.3728861808776855
579,initial,-5.813381671905518,-5.156457424163818
580,initial,-7.269343852996826,-6.5858893394470215
581,initial,-8.007906913757324,-7.210690975189209
582,initial,-7.0135979652404785,-6.186451435089111
583,initial,-8.285564422607422,-7.303958892822266
584,initial,-7.515411853790283,-6.667028903961182
585,initial,-6.976646900177002,-6.01593542098999
586,initial,-7.216672420501709,-6.22835636138916
587,initial,-8.201952934265137,-7.34951114654541
588,initial,-8.32305908203125,-7.264233112335205
589,initial,-7.9805827140808105,-7.224858283996582
590,initial,-8.518088340759277,-7.31496524810791
591,initial,-9.220768928527832,-7.590888023376465
592,initial,-8.158114433288574,-7.176982402801514
593,initial,-7.109536170959473,-6.297568321228027
594,initial,-6.545878887176514,-5.730362892150879
595,initial,-8.47817325592041,-7.18140172958374
596,initial,-6.887762546539307,-5.772690773010254
597,initial,-8.127422332763672,-7.045491695404053
598,initial,-8.831436157226562,-7.2004523277282715
599,initial,-7.515315532684326,-6.476344585418701
600,initial,-7.067677974700928,-6.672399044036865
601,initial,-8.570611000061035,-8.169412612915039
602,initial,-9.038311004638672,-8.307486534118652
603,initial,-8.737799644470215,-7.923976421356201
604,initial,-7.067677974700928,-6.672399044036865
605,initial,-7.549916744232178,-6.737303733825684
606,initial,-8.511822700500488,-7.587184429168701
607,initial,-7.676112651824951,-7.2269463539123535
608,initial,-8.051680564880371,-7.0496015548706055
609,initial,-8.029524803161621,-7.283979892730713
610,initial,-7.1806769371032715,-6.532598972320557
611,initial,-9.038311004638672,-8.307485580444336
612,initial,-7.182193756103516,-6.452509880065918
613,initial,-7.488826274871826,-6.693240165710449
614,initial,-7.015249729156494,-6.563963890075684
615,initial,-7.349208831787109,-6.839442253112793
616,initial,-6.972446441650391,-6.116385459899902
617,initial,-7.9315185546875,-7.116641521453857
618,initial,-7.484293460845947,-6.910515785217285
619,initial,-8.37560749053955,-7.724985599517822
620,initial,-7.549534797668457,-6.495616436004639
621,initial,-7.589858531951904,-6.934571266174316
622,initial,-8.63424301147461,-7.716617107391357
623,initial,-6.68724250793457,-6.147980213165283
624,initial,-7.18153190612793,-6.329834461212158
625,initial,-7.0013909339904785,-6.873815059661865
626,initial,-7.971538543701172,-7.119638442993164
627,initial,-7.059309005737305,-6.228240966796875
628,initial,-7.1354217529296875,-6.547250270843506
629,initial,-8.370014190673828,-7.343259334564209
630,initial,-7.600698947906494,-6.83181095123291
631,initial,-8.076254844665527,-7.162389278411865
632,initial,-6.570369243621826,-6.301538944244385
633,initial,-6.083277225494385,-5.406737804412842
634,initial,-7.519953727722168,-6.701973915100098
635,initial,-6.371659755706787,-5.745800971984863
636,initial,-7.310705184936523,-6.770570278167725
637,initial,-6.629306793212891,-6.294363498687744
638,initial,-7.570805549621582,-6.724064350128174
639,initial,-6.611208915710449,-6.092614650726318
640,initial,-8.015032768249512,-7.390537738800049
641,initial,-7.983487606048584,-7.496964454650879
642,initial,-7.1406755447387695,-6.559438705444336
643,initial,-8.773456573486328,-7.5762128829956055
644,initial,-8.4841890335083,-7.393143177032471
645,initial,-8.565346717834473,-8.13718032836914
646,initial,-9.2767333984375,-8.47365665435791
647,initial,-7.6002726554870605,-6.358344078063965
648,initial,-9.075949668884277,-8.287203788757324
649,initial,-8.44568157196045,-8.194038391113281
650,initial,-7.884219646453857,-7.409115791320801
651,initial,-7.443614959716797,-6.5394439697265625
652,initial,-7.01561975479126,-6.183770179748535
653,initial,-7.680589199066162,-6.733005046844482
654,initial,-8.146592140197754,-6.865158557891846
655,initial,-8.238215446472168,-8.021940231323242
656,initial,-8.531676292419434,-7.532337665557861
657,initial,-8.274861335754395,-7.984205722808838
658,initial,-8.555679321289062,-7.835131645202637
659,initial,-8.071828842163086,-7.142505645751953
660,initial,-7.760321617126465,-7.35472297668457
661,initial,-5.846303462982178,-5.4053802490234375
662,initial,-7.579632759094238,-7.131571292877197
663,initial,-7.511451721191406,-7.367805480957031
664,initial,-5.932791233062744,-6.01249361038208
665,initial,-5.857779502868652,-5.972715854644775
666,initial,-5.7648539543151855,-5.818566799163818
667,initial,-7.074695587158203,-6.362594127655029
668,initial,-5.740525245666504,-5.604013442993164
669,initial,-5.502763271331787,-5.638748645782471
670,initial,-7.646581649780273,-7.226950645446777
671,initial,-6.563575744628906,-6.50716495513916
672,initial,-7.576094150543213,-7.1614861488342285
673,initial,-5.871996879577637,-5.66166877746582
674,initial,-7.646582126617432,-7.226950645446777
675,initial,-6.640472412109375,-6.7826313972473145
676,initial,-8.502615928649902,-7.830162048339844
677,initial,-6.412444114685059,-5.941627025604248
678,initial,-6.686271667480469,-6.425780773162842
679,initial,-7.425833225250244,-6.971629619598389
680,initial,-7.642344951629639,-6.491656303405762
681,initial,-7.572339057922363,-6.804808616638184
682,initial,-7.066483497619629,-6.2420196533203125
683,initial,-7.686000347137451,-6.823311805725098
684,initial,-8.0230073928833,-6.759994029998779
685,initial,-6.849990367889404,-5.874577045440674
686,initial,-7.09087610244751,-6.452500343322754
687,initial,-6.315694808959961,-6.081925868988037
688,initial,-7.347443103790283,-6.516615867614746
689,initial,-8.421791076660156,-7.494177341461182
690,initial,-6.872094631195068,-6.23832368850708
691,initial,-6.7185211181640625,-5.901196002960205
692,initial,-7.4648613929748535,-6.868234634399414
693,initial,-7.2579026222229,-6.482047080993652
694,initial,-7.569612503051758,-7.054339408874512
695,initial,-7.681431293487549,-7.186929225921631
696,initial,-8.215155601501465,-7.5728325843811035
697,initial,-7.155086040496826,-6.1895670890808105
698,initial,-7.400436878204346,-6.9302215576171875
699,initial,-6.479984760284424,-5.637836456298828
0,final,-11.378740310668945,-9.902547836303711
1,final,-8.811161041259766,-8.127121925354004
2,final,-6.049989700317383,-6.045050621032715
3,final,-8.376052856445312,-8.151403427124023
4,final,-14.136392593383789,-11.759002685546875
5,final,-8.769577026367188,-8.382673263549805
6,final,-7.485024929046631,-6.981483459472656
7,final,-9.125699996948242,-8.748703956604004
8,final,-6.516010284423828,-5.673890113830566
9,final,-6.049989700317383,-6.045050621032715
10,final,-11.845731735229492,-10.343554496765137
11,final,-6.036365509033203,-5.819075584411621
12,final,-8.35138988494873,-6.920126438140869
13,final,-9.39695930480957,-7.967980861663818
14,final,-6.516010284423828,-5.673890113830566
15,final,-7.528249263763428,-7.302070617675781
16,final,-8.427691459655762,-7.974960803985596
17,final,-10.275282859802246,-9.631817817687988
18,final,-8.6802339553833,-8.17525863647461
19,final,-13.723933219909668,-12.303607940673828
20,final,-6.12260103225708,-6.564839839935303
21,final,-10.249192237854004,-9.37378978729248
22,final,-11.840606689453125,-11.167407035827637
23,final,-6.19998025894165,-6.313559055328369
24,final,-8.8181734085083,-8.490063667297363
25,final,-6.19998025894165,-6.313559055328369
26,final,-8.343923568725586,-8.110451698303223
27,final,-7.563014984130859,-7.345119476318359
28,final,-10.524508476257324,-10.459268569946289
29,final,-11.618451118469238,-10.677464485168457
30,final,-6.375421047210693,-6.649390697479248
31,final,-8.607562065124512,-8.366164207458496
32,final,-11.840608596801758,-11.167407035827637
33,final,-8.607564926147461,-8.366162300109863
34,final,-8.870648384094238,-8.602502822875977
35,final,-12.847638130187988,-11.24815845489502
36,final,-10.524508476257324,-10.459269523620605
37,final,-8.607564926147461,-8.366162300109863
38,final,-6.09575891494751,-6.644183158874512
39,final,-7.145761489868164,-7.510598182678223
40,final,-6.7791218757629395,-6.663030624389648
41,final,-7.393779754638672,-7.626641273498535
42,final,-9.509231567382812,-9.337779998779297
43,final,-10.584259033203125,-10.084941864013672
44,final,-8.155810356140137,-7.61624813079834
45,final,-9.154539108276367,-8.781139373779297
46,final,-7.9278998374938965,-7.596447944641113
47,final,-10.284137725830078,-9.550890922546387
48,final,-10.57429313659668,-9.779881477355957
49,final,-9.527305603027344,-9.011634826660156
50,final,-9.910568237304688,-9.5176362991333
51,final,-9.964869499206543,-9.419994354248047
52,final,-10.453091621398926,-9.742332458496094
53,final,-8.30798053741455,-7.895565032958984
54,final,-9.636239051818848,-9.412936210632324
55,final,-8.547141075134277,-7.920413017272949
56,final,-7.3650593757629395,-7.107614517211914
57,final,-5.737418174743652,-6.019954681396484
58,final,-8.527518272399902,-8.139147758483887
59,final,-7.831459999084473,-7.572031021118164
60,final,-12.103095054626465,-11.033268928527832
61,final,-10.420988082885742,-9.190491676330566
62,final,-13.371694564819336,-11.630675315856934
63,final,-8.80666446685791,-7.468051433563232
64,final,-11.231751441955566,-10.345166206359863
65,final,-8.551220893859863,-7.653005123138428
66,final,-7.639750003814697,-6.624321937561035
67,final,-13.47223949432373,-11.96691608428955
68,final,-13.304428100585938,-12.198257446289062
69,final,-12.392245292663574,-11.489737510681152
70,final,-7.386799335479736,-6.280886650085449
71,final,-10.134521484375,-8.869478225708008
72,final,-9.504077911376953,-8.430791854858398
73,final,-7.397350788116455,-6.88308048248291
74,final,-9.634257316589355,-8.572263717651367
75,final,-8.195398330688477,-7.394042491912842
76,final,-7.787524700164795,-6.670567512512207
77,final,-8.6598539352417,-7.722803115844727
78,final,-11.770825386047363,-11.009146690368652
79,final,-11.36220645904541,-10.502828598022461
80,final,-5.764265060424805,-5.590288162231445
81,final,-5.6799092292785645,-5.540671348571777
82,final,-7.7759857177734375,-7.51671838760376
83,final,-9.024299621582031,-8.508196830749512
84,final,-7.316880702972412,-7.37303352355957
85,final,-8.16821575164795,-7.956192970275879
86,final,-9.55162239074707,-9.549565315246582
87,final,-9.364299774169922,-9.074736595153809
88,final,-9.631343841552734,-9.219416618347168
89,final,-8.635086059570312,-8.390996932983398
90,final,-10.582950592041016,-10.104219436645508
91,final,-10.921378135681152,-10.125439643859863
92,final,-6.509409427642822,-6.604283332824707
93,final,-6.0646185874938965,-5.961417198181152
94,final,-6.02339506149292,-6.253296852111816
95,final,-9.149786949157715,-9.014737129211426
96,final,-6.2654619216918945,-5.753419876098633
97,final,-7.12759256362915,-6.990871906280518
98,final,-6.846533298492432,-6.740883827209473
99,final,-8.448416709899902,-8.298649787902832
100,final,-10.037463188171387,-9.252031326293945
101,final,-6.877469062805176,-7.217726707458496
102,final,-10.9334077835083,-9.757487297058105
103,final,-7.265547275543213,-7.487887859344482
104,final,-7.265547275543213,-7.487887859344482
105,final,-10.098958015441895,-9.216469764709473
106,final,-11.203267097473145,-10.203204154968262
107,final,-10.214314460754395,-9.58830738067627
108,final,-5.77061128616333,-5.9746503829956055
109,final,-8.36453628540039,-7.9123687744140625
110,final,-7.8338303565979,-7.2494001388549805
111,final,-5.372927665710449,-6.086535930633545
112,final,-8.00169563293457,-7.846356391906738
113,final,-7.993549823760986,-7.507778167724609
114,final,-9.197504997253418,-9.308849334716797
115,final,-9.587210655212402,-9.105572700500488
116,final,-8.427992820739746,-8.361374855041504
117,final,-8.481278419494629,-7.890592098236084
118,final,-11.203267097473145,-10.203204154968262
119,final,-10.254070281982422,-9.536324501037598
120,final,-7.069432735443115,-5.662741184234619
121,final,-7.211471080780029,-5.508228778839111
122,final,-11.329940795898438,-9.25358772277832
123,final,-12.042459487915039,-9.776463508605957
124,final,-8.568857192993164,-7.274738311767578
125,final,-7.627020359039307,-7.0576395988464355
126,final,-11.709768295288086,-10.537802696228027
127,final,-9.370015144348145,-8.371057510375977
128,final,-7.152987003326416,-5.827766418457031
129,final,-11.523042678833008,-10.445853233337402
130,final,-11.452649116516113,-9.3875150680542
131,final,-14.111160278320312,-11.903057098388672
132,final,-6.528270721435547,-5.340230464935303
133,final,-12.21263599395752,-10.834500312805176
134,final,-11.523042678833008,-10.445853233337402
135,final,-9.229253768920898,-7.566012859344482
136,final,-7.824350357055664,-6.22554874420166
137,final,-9.229253768920898,-7.566012859344482
138,final,-7.62701940536499,-7.057638645172119
139,final,-10.596691131591797,-9.96839714050293
140,final,-5.961451530456543,-5.598424911499023
141,final,-7.689330101013184,-7.6174421310424805
142,final,-10.443140029907227,-9.7203369140625
143,final,-5.805389404296875,-5.128620147705078
144,final,-10.60008716583252,-10.139046669006348
145,final,-11.92368221282959,-11.36171817779541
146,final,-8.749621391296387,-7.808197021484375
147,final,-11.625811576843262,-10.614898681640625
148,final,-10.45473575592041,-9.881240844726562
149,final,-7.339085578918457,-6.6652116775512695
150,final,-9.839945793151855,-9.079059600830078
151,final,-10.171244621276855,-9.828672409057617
152,final,-8.418017387390137,-8.080709457397461
153,final,-9.75285530090332,-9.334395408630371
154,final,-5.961451530456543,-5.598424911499023
155,final,-8.749621391296387,-7.808197021484375
156,final,-9.850503921508789,-9.277710914611816
157,final,-10.306876182556152,-9.641735076904297
158,final,-6.281733989715576,-5.81462287902832
159,final,-8.749621391296387,-7.808197021484375
160,final,-14.252586364746094,-13.168456077575684
161,final,-14.93017864227295,-12.435612678527832
162,final,-6.384957790374756,-5.684217929840088
163,final,-9.787457466125488,-8.56255054473877
164,final,-9.63797664642334,-8.228547096252441
165,final,-8.388050079345703,-7.546638488769531
166,final,-7.700685024261475,-6.063233375549316
167,final,-9.787457466125488,-8.56255054473877
168,final,-11.640273094177246,-10.78902530670166
169,final,-7.351236820220947,-6.205451011657715
170,final,-10.311765670776367,-8.512554168701172
171,final,-10.31684684753418,-8.413817405700684
172,final,-7.271999359130859,-6.392666339874268
173,final,-14.284235954284668,-13.231575965881348
174,final,-8.295913696289062,-7.475108623504639
175,final,-8.2423734664917,-6.562863826751709
176,final,-8.534872055053711,-7.192880153656006
177,final,-11.532062530517578,-10.732599258422852
178,final,-11.10394287109375,-9.911766052246094
179,final,-15.72010326385498,-13.405647277832031
180,final,-6.916814804077148,-6.351507186889648
181,final,-5.976083278656006,-5.3516950607299805
182,final,-6.470948696136475,-5.564332008361816
183,final,-9.710227966308594,-9.266851425170898
184,final,-10.94295883178711,-9.725271224975586
185,final,-6.281258583068848,-5.901237487792969
186,final,-9.085742950439453,-8.346393585205078
187,final,-11.157980918884277,-10.311788558959961
188,final,-7.82559871673584,-7.481329917907715
189,final,-7.542712688446045,-7.114398002624512
190,final,-7.127954959869385,-6.154845237731934
191,final,-6.916814804077148,-6.351507186889648
192,final,-9.675646781921387,-9.113314628601074
193,final,-7.04373836517334,-6.665567398071289
194,final,-9.64820384979248,-8.003342628479004
195,final,-7.21333646774292,-6.955867767333984
196,final,-7.63684606552124,-7.141536712646484
197,final,-10.028538703918457,-9.173966407775879
198,final,-10.406065940856934,-9.67428970336914
199,final,-7.82905912399292,-7.561987400054932
200,final,-5.475651264190674,-5.235662937164307
201,final,-9.345064163208008,-8.7407808303833
202,final,-8.238446235656738,-7.800347805023193
203,final,-12.475127220153809,-11.47426700592041
204,final,-12.475127220153809,-11.47426700592041
205,final,-5.5244293212890625,-5.637660503387451
206,final,-10.997197151184082,-10.418879508972168
207,final,-10.4840726852417,-9.63134479522705
208,final,-12.475127220153809,-11.47426700592041
209,final,-5.5244293212890625,-5.637660503387451
210,final,-11.511173248291016,-10.229543685913086
211,final,-12.200882911682129,-11.38750171661377
212,final,-12.200882911682129,-11.38750171661377
213,final,-8.239574432373047,-7.673378944396973
214,final,-11.511173248291016,-10.229543685913086
215,final,-10.188982963562012,-9.498001098632812
216,final,-8.129222869873047,-7.716118335723877
217,final,-8.053622245788574,-7.4605817794799805
218,final,-5.407096862792969,-5.434324264526367
219,final,-8.2734956741333,-6.988887310028076
220,final,-9.948999404907227,-8.701681137084961
221,final,-7.495903491973877,-6.730623245239258
222,final,-12.721774101257324,-11.094707489013672
223,final,-12.828961372375488,-10.91677188873291
224,final,-10.928178787231445,-10.111968040466309
225,final,-10.265517234802246,-9.41141128540039
226,final,-9.831656455993652,-8.923038482666016
227,final,-7.1113104820251465,-6.385282516479492
228,final,-10.301897048950195,-9.576168060302734
229,final,-10.265517234802246,-9.41141128540039
230,final,-7.245753765106201,-6.970551013946533
231,final,-7.212893486022949,-6.1730265617370605
232,final,-8.715760231018066,-8.055872917175293
233,final,-11.701238632202148,-10.22335433959961
234,final,-7.582383632659912,-7.239595890045166
235,final,-10.102869033813477,-9.52945327758789
236,final,-6.467896461486816,-5.849701404571533
237,final,-6.673939228057861,-6.025435924530029
238,final,-8.660825729370117,-7.9334001541137695
239,final,-7.389273643493652,-6.828610897064209
240,final,-6.03626012802124,-5.83862829208374
241,final,-9.118444442749023,-8.845809936523438
242,final,-10.127957344055176,-9.68016529083252
243,final,-9.426209449768066,-9.117887496948242
244,final,-7.778082847595215,-7.826018333435059
245,final,-10.107986450195312,-9.580987930297852
246,final,-9.189096450805664,-8.895938873291016
247,final,-8.01405143737793,-8.101590156555176
248,final,-7.8745622634887695,-7.862784385681152
249,final,-9.27074909210205,-8.461481094360352
250,final,-7.440941333770752,-7.54416561126709
251,final,-12.535575866699219,-10.797369003295898
252,final,-10.13616943359375,-9.19788932800293
253,final,-7.279169082641602,-7.139120101928711
254,final,-6.948660850524902,-6.91334867477417
255,final,-9.566917419433594,-9.172504425048828
256,final,-7.108065128326416,-7.061694145202637
257,final,-12.11107063293457,-10.48538589477539
258,final,-6.645554065704346,-6.749841690063477
259,final,-5.661699295043945,-5.784752368927002
260,final,-6.988893985748291,-6.917525291442871
261,final,-9.317678451538086,-9.059274673461914
262,final,-7.227350234985352,-7.060938835144043
263,final,-6.836205959320068,-6.343621253967285
264,final,-8.89540958404541,-8.344179153442383
265,final,-8.527425765991211,-8.092723846435547
266,final,-6.8777642250061035,-6.66603422164917
267,final,-6.94442081451416,-6.442994594573975
268,final,-8.086970329284668,-7.552983283996582
269,final,-8.751249313354492,-8.741089820861816
270,final,-9.328640937805176,-8.806758880615234
271,final,-6.867197036743164,-6.9938788414001465
272,final,-8.689579010009766,-8.082940101623535
273,final,-7.074657917022705,-6.889230251312256
274,final,-9.640877723693848,-8.847555160522461
275,final,-5.584463596343994,-5.743142604827881
276,final,-7.4311699867248535,-7.246783256530762
277,final,-6.7719035148620605,-6.6465654373168945
278,final,-8.635847091674805,-8.106334686279297
279,final,-8.134214401245117,-7.342854976654053
280,final,-9.091811180114746,-8.204252243041992
281,final,-8.920186042785645,-7.7359724044799805
282,final,-8.883112907409668,-8.701997756958008
283,final,-10.500506401062012,-9.51755142211914
284,final,-6.969583034515381,-6.394931793212891
285,final,-6.998391628265381,-6.11236572265625
286,final,-10.691203117370605,-9.859796524047852
287,final,-12.154654502868652,-11.588367462158203
288,final,-11.550947189331055,-10.216033935546875
289,final,-6.582988739013672,-5.5953874588012695
290,final,-11.04642391204834,-10.379403114318848
291,final,-7.988669395446777,-7.394611358642578
292,final,-10.792848587036133,-9.408120155334473
293,final,-10.450803756713867,-9.649820327758789
294,final,-7.959738731384277,-7.145763874053955
295,final,-10.925933837890625,-9.53437328338623
296,final,-10.413535118103027,-9.37643051147461
297,final,-8.785144805908203,-7.873108863830566
298,final,-10.677655220031738,-9.328618049621582
299,final,-11.013632774353027,-9.884117126464844
300,final,-9.386173248291016,-9.00827407836914
301,final,-8.845483779907227,-8.800759315490723
302,final,-7.055322647094727,-6.725544452667236
303,final,-7.234963893890381,-6.960155487060547
304,final,-9.961710929870605,-9.361300468444824
305,final,-10.611573219299316,-9.94332504272461
306,final,-10.469143867492676,-10.0267333984375
307,final,-7.811092853546143,-7.387998104095459
308,final,-6.385055065155029,-6.4534149169921875
309,final,-6.39908504486084,-5.697667598724365
310,final,-9.460003852844238,-8.825528144836426
311,final,-7.452171325683594,-6.79627799987793
312,final,-6.856359481811523,-6.582815647125244
313,final,-7.976846694946289,-7.5992751121521
314,final,-8.053398132324219,-7.805107116699219
315,final,-6.15452766418457,-5.660980701446533
316,final,-5.770191192626953,-5.292043685913086
317,final,-9.716139793395996,-8.737725257873535
318,final,-5.925084590911865,-5.458064556121826
319,final,-10.937164306640625,-10.411272048950195
320,final,-6.253523349761963,-5.95566463470459
321,final,-9.500030517578125,-8.671747207641602
322,final,-8.974142074584961,-8.678905487060547
323,final,-8.11746597290039,-7.725272178649902
324,final,-9.604789733886719,-9.080653190612793
325,final,-8.668048858642578,-8.246400833129883
326,final,-8.402884483337402,-7.37575101852417
327,final,-9.844216346740723,-9.372549057006836
328,final,-6.376630783081055,-5.7703166007995605
329,final,-8.129668235778809,-7.022807598114014
330,final,-9.163347244262695,-8.613531112670898
331,final,-9.202554702758789,-8.89377212524414
332,final,-10.34752082824707,-9.702457427978516
333,final,-8.991849899291992,-8.636761665344238
334,final,-5.681367874145508,-5.669095516204834
335,final,-5.832180023193359,-5.671357154846191
336,final,-7.61533784866333,-7.140087127685547
337,final,-9.202754974365234,-8.660579681396484
338,final,-6.5702643394470215,-5.858974456787109
339,final,-9.996322631835938,-9.09476089477539
340,final,-5.295634746551514,-5.588183403015137
341,final,-9.532869338989258,-9.634029388427734
342,final,-14.462265014648438,-12.735722541809082
343,final,-14.717279434204102,-12.724678993225098
344,final,-7.795558452606201,-7.841125965118408
345,final,-7.560741901397705,-7.060500621795654
346,final,-14.710131645202637,-11.950142860412598
347,final,-16.742332458496094,-13.021981239318848
348,final,-13.355798721313477,-11.982468605041504
349,final,-6.941687107086182,-7.049080848693848
350,final,-14.832669258117676,-13.517134666442871
351,final,-10.10137939453125,-9.615116119384766
352,final,-11.754974365234375,-10.738914489746094
353,final,-12.774301528930664,-11.450759887695312
354,final,-8.173299789428711,-7.672616481781006
355,final,-11.054698944091797,-10.896122932434082
356,final,-12.520051956176758,-11.371875762939453
357,final,-8.805753707885742,-9.391511917114258
358,final,-12.090405464172363,-10.881481170654297
359,final,-11.759234428405762,-10.837029457092285
360,final,-6.666334629058838,-7.2024407386779785
361,final,-9.017937660217285,-8.823264122009277
362,final,-8.667206764221191,-7.367922782897949
363,final,-5.948331356048584,-7.538619041442871
364,final,-10.93140983581543,-9.362125396728516
365,final,-13.548408508300781,-11.141606330871582
366,final,-13.532610893249512,-13.515545845031738
367,final,-9.665887832641602,-9.674956321716309
368,final,-9.49166202545166,-9.142670631408691
369,final,-8.854460716247559,-8.91835880279541
370,final,-11.539822578430176,-10.944104194641113
371,final,-9.73682975769043,-9.879334449768066
372,final,-12.740148544311523,-11.79942798614502
373,final,-12.497930526733398,-11.781689643859863
374,final,-9.1001558303833,-9.96025562286377
375,final,-5.549663543701172,-6.836313724517822
376,final,-8.307783126831055,-9.310385704040527
377,final,-9.017937660217285,-8.823264122009277
378,final,-5.948331356048584,-7.538619041442871
379,final,-10.292963981628418,-11.081572532653809
380,final,-6.764486312866211,-7.865367412567139
381,final,-9.658263206481934,-9.71594524383545
382,final,-6.331053256988525,-6.88911247253418
383,final,-8.271904945373535,-8.544537544250488
384,final,-5.635869979858398,-6.383450984954834
385,final,-8.392312049865723,-8.958388328552246
386,final,-9.426836967468262,-9.180327415466309
387,final,-11.06931209564209,-10.578282356262207
388,final,-9.999746322631836,-10.274370193481445
389,final,-10.37157917022705,-9.101906776428223
390,final,-7.770214557647705,-8.96097183227539
391,final,-10.3691987991333,-9.9154052734375
392,final,-8.538064956665039,-8.103172302246094
393,final,-10.931462287902832,-10.568439483642578
394,final,-6.572673797607422,-7.254919052124023
395,final,-10.618568420410156,-11.102422714233398
396,final,-7.757720947265625,-8.185014724731445
397,final,-11.375178337097168,-9.790106773376465
398,final,-7.095043182373047,-7.7025275230407715
399,final,-6.4971537590026855,-7.085564136505127
400,final,-7.436983108520508,-6.786187648773193
401,final,-14.685541152954102,-12.359679222106934
402,final,-13.504727363586426,-12.710827827453613
403,final,-6.553102970123291,-6.5935845375061035
404,final,-16.247520446777344,-13.721652030944824
405,final,-10.189065933227539,-9.554535865783691
406,final,-11.84754467010498,-11.116141319274902
407,final,-11.808838844299316,-11.453385353088379
408,final,-10.140817642211914,-9.641569137573242
409,final,-11.224400520324707,-10.567778587341309
410,final,-8.409805297851562,-7.971580505371094
411,final,-12.76537799835205,-11.4440336227417
412,final,-12.218348503112793,-10.540531158447266
413,final,-8.022757530212402,-7.727146148681641
414,final,-8.2312593460083,-7.9096293449401855
415,final,-15.83454418182373,-13.597174644470215
416,final,-16.535707473754883,-14.678040504455566
417,final,-14.801236152648926,-12.621895790100098
418,final,-12.64587688446045,-11.386313438415527
419,final,-6.553102016448975,-6.5935845375061035
420,final,-7.129201889038086,-7.725954532623291
421,final,-8.193218231201172,-8.085999488830566
422,final,-10.127054214477539,-8.745648384094238
423,final,-9.407975196838379,-8.615556716918945
424,final,-6.58699893951416,-6.7172651290893555
425,final,-10.640707015991211,-9.784517288208008
426,final,-10.176933288574219,-9.310775756835938
427,final,-12.530028343200684,-10.96809196472168
428,final,-9.970501899719238,-9.642796516418457
429,final,-7.038516044616699,-6.804625988006592
430,final,-11.154473304748535,-10.78754997253418
431,final,-11.035537719726562,-10.553753852844238
432,final,-6.631680965423584,-6.777081489562988
433,final,-8.805672645568848,-8.371074676513672
434,final,-8.790274620056152,-8.322982788085938
435,final,-5.4372758865356445,-5.655051231384277
436,final,-10.084026336669922,-9.093221664428711
437,final,-6.843560218811035,-6.76101016998291
438,final,-11.20001220703125,-10.29489803314209
439,final,-6.299696445465088,-6.444244384765625
440,final,-14.915802955627441,-12.667136192321777
441,final,-4.7490949630737305,-5.76617956161499
442,final,-8.63966178894043,-8.524057388305664
443,final,-8.15250015258789,-8.040173530578613
444,final,-11.91242504119873,-10.662842750549316
445,final,-10.01612663269043,-9.787203788757324
446,final,-11.678092002868652,-10.047463417053223
447,final,-7.444300174713135,-7.467593669891357
448,final,-7.016926288604736,-7.329501152038574
449,final,-8.303487777709961,-7.016798973083496
450,final,-9.751709938049316,-8.58055305480957
451,final,-10.320261001586914,-9.808095932006836
452,final,-8.986642837524414,-8.290572166442871
453,final,-6.79237699508667,-7.274935722351074
454,final,-7.358509540557861,-7.013948917388916
455,final,-9.887269973754883,-9.4761381149292
456,final,-7.012408256530762,-7.629990577697754
457,final,-12.29511547088623,-10.141522407531738
458,final,-8.815914154052734,-8.043501853942871
459,final,-10.591462135314941,-10.325331687927246
460,final,-8.57201862335205,-7.680683612823486
461,final,-5.865328311920166,-5.605998992919922
462,final,-5.979572296142578,-5.8288187980651855
463,final,-9.711817741394043,-8.917803764343262
464,final,-6.6959686279296875,-6.6277313232421875
465,final,-7.983523845672607,-7.346674919128418
466,final,-6.7914276123046875,-6.276144981384277
467,final,-6.033604621887207,-5.499105930328369
468,final,-6.462483882904053,-6.17185640335083
469,final,-9.86141586303711,-8.806885719299316
470,final,-11.53380012512207,-10.370617866516113
471,final,-10.526777267456055,-9.824895858764648
472,final,-9.23208236694336,-8.576848983764648
473,final,-7.482133865356445,-7.1225104331970215
474,final,-9.112998008728027,-8.461821556091309
475,final,-6.189480304718018,-5.9052324295043945
476,final,-10.458683967590332,-9.538248062133789
477,final,-7.8254241943359375,-7.489818572998047
478,final,-8.110051155090332,-8.051576614379883
479,final,-5.944977760314941,-5.77628755569458
480,final,-8.809906005859375,-8.3706693649292
481,final,-9.347931861877441,-8.52010440826416
482,final,-9.7699613571167,-9.123623847961426
483,final,-5.522148132324219,-5.881175518035889
484,final,-5.28505802154541,-5.7644548416137695
485,final,-9.071601867675781,-9.194144248962402
486,final,-9.071601867675781,-9.194144248962402
487,final,-6.49702262878418,-6.5315046310424805
488,final,-5.474556922912598,-6.021820545196533
489,final,-13.212038040161133,-11.08414077758789
490,final,-8.326995849609375,-7.690709114074707
491,final,-9.930550575256348,-9.646459579467773
492,final,-9.071601867675781,-9.194144248962402
493,final,-5.246764183044434,-5.899491786956787
494,final,-5.9230780601501465,-5.925139904022217
495,final,-6.867476463317871,-6.499574184417725
496,final,-7.1370368003845215,-7.010031700134277
497,final,-8.009318351745605,-8.344155311584473
498,final,-5.246764183044434,-5.899491786956787
499,final,-6.405943393707275,-6.255540370941162
500,final,-5.284794330596924,-6.1892805099487305
501,final,-6.907930374145508,-7.121347904205322
502,final,-5.667598724365234,-5.7769975662231445
503,final,-8.185471534729004,-7.687300682067871
504,final,-6.506527423858643,-6.420309066772461
505,final,-5.916051387786865,-5.900330066680908
506,final,-6.31198787689209,-6.343413829803467
507,final,-7.120537757873535,-6.63128137588501
508,final,-7.2874579429626465,-7.040257453918457
509,final,-6.824451923370361,-6.43771505355835
510,final,-9.673107147216797,-9.047927856445312
511,final,-7.243109703063965,-6.860236167907715
512,final,-8.62547492980957,-8.381963729858398
513,final,-8.587637901306152,-8.361896514892578
514,final,-7.649171352386475,-7.908168315887451
515,final,-9.354419708251953,-8.840502738952637
516,final,-8.551350593566895,-8.448412895202637
517,final,-5.1367268562316895,-5.537121295928955
518,final,-7.103610515594482,-6.874897480010986
519,final,-7.809696674346924,-7.378929138183594
520,final,-10.850428581237793,-9.988984107971191
521,final,-10.34048843383789,-9.069759368896484
522,final,-8.302651405334473,-7.573972225189209
523,final,-7.017011642456055,-7.043987274169922
524,final,-8.494244575500488,-7.360960006713867
525,final,-7.616962909698486,-6.856400489807129
526,final,-6.986192226409912,-7.189714431762695
527,final,-8.041810989379883,-7.37742805480957
528,final,-8.887062072753906,-8.045430183410645
529,final,-11.043946266174316,-10.208184242248535
530,final,-8.299406051635742,-7.523120880126953
531,final,-11.066540718078613,-9.881349563598633
532,final,-10.101746559143066,-8.827552795410156
533,final,-10.420543670654297,-9.660749435424805
534,final,-8.502933502197266,-7.189045429229736
535,final,-6.4477434158325195,-6.063687324523926
536,final,-8.195256233215332,-7.5081963539123535
537,final,-11.066540718078613,-9.881349563598633
538,final,-7.158196926116943,-7.608978271484375
539,final,-9.203672409057617,-8.673534393310547
540,final,-7.576563358306885,-7.352302074432373
541,final,-5.3404436111450195,-5.452652454376221
542,final,-7.96970796585083,-7.56397008895874
543,final,-5.637741565704346,-5.491330146789551
544,final,-7.6554036140441895,-7.524586200714111
545,final,-6.076906204223633,-6.151856422424316
546,final,-5.6994500160217285,-5.788686275482178
547,final,-9.802129745483398,-9.312511444091797
548,final,-6.735023021697998,-6.5664591789245605
549,final,-7.977305889129639,-7.410736560821533
550,final,-8.198441505432129,-7.624539852142334
551,final,-8.628458976745605,-8.083640098571777
552,final,-6.336301803588867,-5.917816638946533
553,final,-7.212098598480225,-6.907496929168701
554,final,-6.913312911987305,-6.651581287384033
555,final,-9.179595947265625,-8.698821067810059
556,final,-8.094558715820312,-7.836982250213623
557,final,-7.362098693847656,-6.8665690422058105
558,final,-6.412324905395508,-6.289183616638184
559,final,-6.62294340133667,-6.551125526428223
560,final,-8.887523651123047,-8.531270027160645
561,final,-5.639307022094727,-5.678238868713379
562,final,-7.336320877075195,-7.192665100097656
563,final,-8.143597602844238,-7.910984039306641
564,final,-7.304643154144287,-7.086400985717773
565,final,-4.967662811279297,-5.215915203094482
566,final,-8.912342071533203,-8.272692680358887
567,final,-6.723766803741455,-6.446077823638916
568,final,-7.698659896850586,-7.720683574676514
569,final,-8.840364456176758,-8.304410934448242
570,final,-7.442287921905518,-7.1682915687561035
571,final,-7.232598781585693,-7.047299385070801
572,final,-6.928544044494629,-6.715997219085693
573,final,-9.272539138793945,-8.77260971069336
574,final,-7.415948390960693,-6.931761264801025
575,final,-6.074496746063232,-6.194427967071533
576,final,-6.003673076629639,-5.794339656829834
577,final,-4.6239728927612305,-4.825695514678955
578,final,-5.794376850128174,-5.803648471832275
579,final,-6.138618469238281,-6.0742268562316895
580,final,-6.0582685470581055,-5.042706489562988
581,final,-11.680638313293457,-10.273520469665527
582,final,-9.680421829223633,-9.340147018432617
583,final,-8.448820114135742,-7.685500621795654
584,final,-8.449883460998535,-7.429366111755371
585,final,-6.678466796875,-6.337869644165039
586,final,-6.467098236083984,-5.296262264251709
587,final,-11.459668159484863,-9.547989845275879
588,final,-7.851446151733398,-6.700406551361084
589,final,-8.524888038635254,-7.782115936279297
590,final,-10.60743522644043,-9.414759635925293
591,final,-10.326436042785645,-9.434706687927246
592,final,-6.8239898681640625,-6.401570796966553
593,final,-9.558389663696289,-8.787771224975586
594,final,-5.794544696807861,-5.42703914642334
595,final,-11.410633087158203,-9.840158462524414
596,final,-6.86511754989624,-6.127893447875977
597,final,-8.379752159118652,-7.244802951812744
598,final,-7.301829814910889,-6.820409297943115
599,final,-8.28819751739502,-7.435190677642822
600,final,-13.376060485839844,-10.821490287780762
601,final,-11.838394165039062,-10.084627151489258
602,final,-10.74157428741455,-9.766560554504395
603,final,-10.45900821685791,-9.529367446899414
604,final,-13.376060485839844,-10.821490287780762
605,final,-8.23226261138916,-7.550356864929199
606,final,-10.814497947692871,-9.631258964538574
607,final,-5.948544502258301,-5.512682914733887
608,final,-11.0068359375,-9.9259614944458
609,final,-7.728500843048096,-7.444720268249512
610,final,-5.65277624130249,-5.5178375244140625
611,final,-10.741576194763184,-9.766558647155762
612,final,-6.311484336853027,-6.303140163421631
613,final,-8.569615364074707,-8.094109535217285
614,final,-7.928630352020264,-7.618163585662842
615,final,-7.878897190093994,-7.090690612792969
616,final,-9.331382751464844,-8.982528686523438
617,final,-7.006420612335205,-6.963088035583496
618,final,-6.4674153327941895,-6.651013374328613
619,final,-8.450368881225586,-7.503551483154297
620,final,-7.14402437210083,-6.822721481323242
621,final,-7.3886613845825195,-6.937406063079834
622,final,-7.634428024291992,-7.63176155090332
623,final,-6.016322612762451,-6.023475170135498
624,final,-7.785499572753906,-7.444822311401367
625,final,-9.189695358276367,-8.790506362915039
626,final,-10.277499198913574,-9.389548301696777
627,final,-6.205887794494629,-6.485809326171875
628,final,-7.931321620941162,-7.788335800170898
629,final,-7.01062536239624,-6.717310428619385
630,final,-6.895165920257568,-6.741921424865723
631,final,-9.104448318481445,-8.419180870056152
632,final,-6.415378570556641,-5.7659196853637695
633,final,-5.448049545288086,-5.170337677001953
634,final,-7.508914470672607,-7.080407619476318
635,final,-5.874477386474609,-5.982058525085449
636,final,-7.989413738250732,-7.231268882751465
637,final,-6.086239337921143,-5.823500633239746
638,final,-8.23275375366211,-7.612096309661865
639,final,-5.907674789428711,-5.96126651763916
640,final,-11.451171875,-10.370169639587402
641,final,-6.9511003494262695,-5.956734657287598
642,final,-7.182316780090332,-6.625398635864258
643,final,-11.092015266418457,-9.054789543151855
644,final,-11.459479331970215,-9.703015327453613
645,final,-7.566319942474365,-6.358239650726318
646,final,-11.93725872039795,-11.167719841003418
647,final,-13.450950622558594,-12.794875144958496
648,final,-12.157782554626465,-10.694781303405762
649,final,-9.064244270324707,-7.675514221191406
650,final,-10.2340087890625,-8.857318878173828
651,final,-7.287403583526611,-6.316997051239014
652,final,-11.058964729309082,-10.465204238891602
653,final,-12.83116626739502,-11.786686897277832
654,final,-11.386488914489746,-10.155171394348145
655,final,-8.872991561889648,-8.122361183166504
656,final,-7.1348347663879395,-6.690921783447266
657,final,-9.657608985900879,-8.674029350280762
658,final,-11.79988956451416,-10.867315292358398
659,final,-9.93239688873291,-9.359272956848145
660,final,-7.707644939422607,-7.436544418334961
661,final,-9.76865005493164,-9.703438758850098
662,final,-7.698698997497559,-7.0838775634765625
663,final,-9.110099792480469,-8.509645462036133
664,final,-8.230100631713867,-7.54592752456665
665,final,-7.9994797706604,-7.473178386688232
666,final,-5.8902716636657715,-5.144250869750977
667,final,-9.305265426635742,-8.953118324279785
668,final,-8.036073684692383,-7.495872974395752
669,final,-6.115969657897949,-5.761706352233887
670,final,-7.7133893966674805,-7.174489974975586
671,final,-6.288280963897705,-5.981513023376465
672,final,-7.08119535446167,-6.622673034667969
673,final,-8.584230422973633,-8.1356782913208
674,final,-7.7133893966674805,-7.174489974975586
675,final,-7.814366340637207,-7.043103218078613
676,final,-9.668021202087402,-8.716129302978516
677,final,-9.242135047912598,-8.7478666305542
678,final,-9.15487003326416,-8.533716201782227
679,final,-9.04204273223877,-8.271180152893066
680,final,-9.122212409973145,-8.457986831665039
681,final,-8.121267318725586,-7.463479518890381
682,final,-8.774048805236816,-8.238118171691895
683,final,-6.884688377380371,-6.175034523010254
684,final,-7.977415561676025,-7.389427185058594
685,final,-9.061980247497559,-8.4773588180542
686,final,-10.263504028320312,-9.511966705322266
687,final,-5.462845802307129,-5.517602920532227
688,final,-11.728108406066895,-10.411462783813477
689,final,-10.046116828918457,-9.047168731689453
690,final,-6.594358444213867,-6.156454086303711
691,final,-5.905182838439941,-5.144309997558594
692,final,-9.350502014160156,-8.403732299804688
693,final,-7.952091693878174,-7.221994876861572
694,final,-9.101637840270996,-8.47842025756836
695,final,-6.620349884033203,-6.337686538696289
696,final,-6.842837333679199,-6.3895063400268555
697,final,-7.875640869140625,-7.520847320556641
698,final,-5.861292839050293,-5.529111862182617
699,final,-6.454659461975098,-5.873989105224609
0,best,-9.620115280151367,-8.58041000366211
1,best,-7.804286003112793,-7.53380012512207
2,best,-5.562961578369141,-5.827846050262451
3,best,-8.150626182556152,-8.242491722106934
4,best,-10.732172012329102,-9.263411521911621
5,best,-7.575303554534912,-7.601227283477783
6,best,-8.37519359588623,-7.61799430847168
7,best,-8.145224571228027,-7.9868245124816895
8,best,-6.570164203643799,-5.934902191162109
9,best,-5.562961578369141,-5.827846050262451
10,best,-11.004537582397461,-9.808276176452637
11,best,-6.111583232879639,-6.215964317321777
12,best,-8.009431838989258,-6.7561516761779785
13,best,-8.922353744506836,-7.672643184661865
14,best,-6.570164203643799,-5.934902191162109
15,best,-8.34802532196045,-8.057111740112305
16,best,-8.058348655700684,-7.80192232131958
17,best,-9.342711448669434,-8.871843338012695
18,best,-8.68903923034668,-8.31191349029541
19,best,-10.216887474060059,-9.860833168029785
20,best,-6.392963886260986,-7.076566219329834
21,best,-8.962800979614258,-8.636199951171875
22,best,-10.82322883605957,-10.724597930908203
23,best,-6.470162868499756,-6.503402233123779
24,best,-8.205363273620605,-8.14731216430664
25,best,-6.470162868499756,-6.503402233123779
26,best,-8.24494743347168,-8.061249732971191
27,best,-8.368063926696777,-7.985403060913086
28,best,-9.120260238647461,-9.190153121948242
29,best,-10.776754379272461,-10.105452537536621
30,best,-6.829672336578369,-7.147525310516357
31,best,-7.589601039886475,-7.558725833892822
32,best,-10.82322883605957,-10.724596977233887
33,best,-7.589599609375,-7.558726787567139
34,best,-8.002866744995117,-7.94580602645874
35,best,-11.444269180297852,-11.036046028137207
36,best,-9.120259284973145,-9.190154075622559
37,best,-7.589599609375,-7.558726787567139
38,best,-5.749452114105225,-6.512014865875244
39,best,-6.932226181030273,-7.661036491394043
40,best,-7.193133354187012,-6.950647830963135
41,best,-7.213747978210449,-7.421326637268066
42,best,-8.403257369995117,-8.400867462158203
43,best,-10.278321266174316,-9.963284492492676
44,best,-8.313745498657227,-7.783878326416016
45,best,-8.617111206054688,-8.4547700881958
46,best,-7.868150234222412,-7.613353729248047
47,best,-9.17971420288086,-8.931366920471191
48,best,-10.903497695922852,-10.173600196838379
49,best,-8.402464866638184,-8.324037551879883
50,best,-9.786084175109863,-9.100738525390625
51,best,-10.268708229064941,-9.489651679992676
52,best,-9.415243148803711,-9.052703857421875
53,best,-8.240055084228516,-8.077546119689941
54,best,-9.358918190002441,-9.127699851989746
55,best,-8.276423454284668,-7.999483585357666
56,best,-6.839837074279785,-6.926814079284668
57,best,-6.0349650382995605,-6.313006401062012
58,best,-8.576740264892578,-8.07573127746582
59,best,-7.665896892547607,-7.681779861450195
60,best,-10.784014701843262,-9.591164588928223
61,best,-9.973358154296875,-8.977989196777344
62,best,-13.263262748718262,-11.02624797821045
63,best,-9.384472846984863,-8.026383399963379
64,best,-9.614590644836426,-9.112226486206055
65,best,-7.847841739654541,-6.974664211273193
66,best,-8.017386436462402,-6.794614315032959
67,best,-13.081197738647461,-11.921624183654785
68,best,-11.28614330291748,-9.608438491821289
69,best,-10.836668014526367,-10.006881713867188
70,best,-7.53955078125,-6.376331329345703
71,best,-10.414266586303711,-9.203642845153809
72,best,-8.025235176086426,-7.207553386688232
73,best,-6.805471897125244,-6.413739204406738
74,best,-8.639337539672852,-7.728910446166992
75,best,-9.42360782623291,-8.40845012664795
76,best,-7.91395378112793,-6.842460632324219
77,best,-9.680777549743652,-8.276453018188477
78,best,-10.059854507446289,-9.058450698852539
79,best,-9.747209548950195,-9.036808967590332
80,best,-5.887068271636963,-5.632929801940918
81,best,-5.868063926696777,-5.3958964347839355
82,best,-7.843293190002441,-6.997593879699707
83,best,-8.118372917175293,-7.715914726257324
84,best,-7.302117824554443,-7.271753787994385
85,best,-8.003715515136719,-7.896812915802002
86,best,-8.934601783752441,-8.841927528381348
87,best,-8.912396430969238,-8.636919021606445
88,best,-9.19763469696045,-8.601130485534668
89,best,-7.5267333984375,-7.383251190185547
90,best,-8.999357223510742,-8.373880386352539
91,best,-10.35460090637207,-9.391451835632324
92,best,-6.25687313079834,-6.1140336990356445
93,best,-5.966915607452393,-5.697018146514893
94,best,-5.945000648498535,-6.056895732879639
95,best,-9.287405014038086,-8.907526969909668
96,best,-6.196018695831299,-5.660590171813965
97,best,-6.978394985198975,-6.589190483093262
98,best,-7.609864711761475,-7.385644435882568
99,best,-7.728373050689697,-7.399542808532715
100,best,-8.671242713928223,-8.107230186462402
101,best,-6.302194118499756,-6.615688323974609
102,best,-11.131416320800781,-9.96126651763916
103,best,-7.099755764007568,-7.312902927398682
104,best,-7.099755764007568,-7.312902927398682
105,best,-8.59782886505127,-8.296686172485352
106,best,-10.222973823547363,-9.737586975097656
107,best,-8.902579307556152,-8.313050270080566
108,best,-6.073129177093506,-6.069614410400391
109,best,-8.512252807617188,-7.945273399353027
110,best,-7.801428318023682,-7.126460075378418
111,best,-5.202485084533691,-5.655842304229736
112,best,-7.996532917022705,-8.013958930969238
113,best,-7.947635650634766,-7.361292362213135
114,best,-8.279001235961914,-8.541614532470703
115,best,-8.271504402160645,-8.10446834564209
116,best,-8.042816162109375,-8.012925148010254
117,best,-7.7308125495910645,-7.324882507324219
118,best,-10.222973823547363,-9.737586975097656
119,best,-9.795923233032227,-8.754761695861816
120,best,-6.199608325958252,-5.4865851402282715
121,best,-6.859577178955078,-5.860350131988525
122,best,-10.018170356750488,-8.6841459274292
123,best,-9.842962265014648,-8.394481658935547
124,best,-8.153368949890137,-7.1671671867370605
125,best,-8.40170955657959,-7.6666789054870605
126,best,-11.095434188842773,-9.728678703308105
127,best,-9.055834770202637,-7.984461307525635
128,best,-7.117462158203125,-6.255547523498535
129,best,-11.889861106872559,-10.462204933166504
130,best,-9.636744499206543,-7.965036869049072
131,best,-10.473657608032227,-9.476828575134277
132,best,-6.3226318359375,-5.664775848388672
133,best,-11.552888870239258,-9.959959983825684
134,best,-11.889861106872559,-10.462204933166504
135,best,-8.719390869140625,-7.415454387664795
136,best,-7.2466607093811035,-6.298864841461182
137,best,-8.719390869140625,-7.415454387664795
138,best,-8.40170955657959,-7.666677951812744
139,best,-9.078728675842285,-8.593744277954102
140,best,-6.14521598815918,-5.912593841552734
141,best,-7.663525104522705,-7.491083145141602
142,best,-9.526469230651855,-8.972773551940918
143,best,-5.9790425300598145,-5.573189735412598
144,best,-10.599421501159668,-9.617992401123047
145,best,-10.20594310760498,-9.686083793640137
146,best,-9.055984497070312,-8.171700477600098
147,best,-11.410451889038086,-10.41308879852295
148,best,-9.735305786132812,-9.109971046447754
149,best,-7.139261245727539,-6.717590808868408
150,best,-9.60909366607666,-8.75529956817627
151,best,-9.852402687072754,-9.610089302062988
152,best,-8.45055866241455,-7.993051052093506
153,best,-10.082939147949219,-9.460281372070312
154,best,-6.14521598815918,-5.912593841552734
155,best,-9.055984497070312,-8.171700477600098
156,best,-10.20704174041748,-9.452140808105469
157,best,-10.550313949584961,-9.770833015441895
158,best,-6.605452537536621,-6.06449031829834
159,best,-9.055984497070312,-8.171700477600098
160,best,-13.930140495300293,-12.330039978027344
161,best,-11.795048713684082,-9.649938583374023
162,best,-6.987475872039795,-6.23048734664917
163,best,-10.290322303771973,-8.76005744934082
164,best,-10.385458946228027,-8.789999961853027
165,best,-7.529600143432617,-6.932892799377441
166,best,-7.784177780151367,-6.340666770935059
167,best,-10.290322303771973,-8.76005744934082
168,best,-10.29053783416748,-9.759793281555176
169,best,-7.610908508300781,-6.541099548339844
170,best,-9.855963706970215,-7.857308864593506
171,best,-9.255995750427246,-7.418106555938721
172,best,-7.495182037353516,-6.509680271148682
173,best,-13.276965141296387,-11.7324800491333
174,best,-9.27700424194336,-8.096003532409668
175,best,-8.297099113464355,-6.985997676849365
176,best,-9.174501419067383,-7.631795406341553
177,best,-10.71958065032959,-9.950767517089844
178,best,-9.747757911682129,-8.693731307983398
179,best,-12.47506046295166,-10.905133247375488
180,best,-6.928624629974365,-6.4477458000183105
181,best,-6.044943809509277,-5.285101890563965
182,best,-6.062302589416504,-5.241466045379639
183,best,-9.599868774414062,-8.671883583068848
184,best,-9.017945289611816,-8.1072416305542
185,best,-6.498262405395508,-5.8615875244140625
186,best,-8.659128189086914,-7.830770492553711
187,best,-10.957033157348633,-9.95267105102539
188,best,-7.4515838623046875,-7.062197685241699
189,best,-7.709330081939697,-7.036694526672363
190,best,-7.172446250915527,-6.321683883666992
191,best,-6.928624629974365,-6.4477458000183105
192,best,-9.732178688049316,-8.582477569580078
193,best,-6.89784049987793,-6.483165264129639
194,best,-8.920483589172363,-7.413510322570801
195,best,-7.63533353805542,-7.148370265960693
196,best,-7.821103572845459,-7.029666900634766
197,best,-9.217673301696777,-8.348708152770996
198,best,-10.282670974731445,-9.250885009765625
199,best,-7.613100051879883,-7.120941162109375
200,best,-5.606432914733887,-5.355871200561523
201,best,-8.493559837341309,-7.977251052856445
202,best,-8.031794548034668,-7.440767765045166
203,best,-9.82929801940918,-9.288675308227539
204,best,-9.82929801940918,-9.288675308227539
205,best,-5.220310688018799,-5.101984977722168
206,best,-10.44191837310791,-9.588836669921875
207,best,-10.613229751586914,-9.539328575134277
208,best,-9.82929801940918,-9.288675308227539
209,best,-5.220310688018799,-5.101984977722168
210,best,-11.244000434875488,-9.802618026733398
211,best,-9.608939170837402,-9.118532180786133
212,best,-9.608939170837402,-9.118532180786133
213,best,-8.08803653717041,-7.489123344421387
214,best,-11.244000434875488,-9.802618026733398
215,best,-10.397156715393066,-9.418928146362305
216,best,-7.9270806312561035,-7.221923828125
217,best,-8.216777801513672,-7.340379238128662
218,best,-5.691462516784668,-5.411130905151367
219,best,-8.382514953613281,-7.024715423583984
220,best,-8.930887222290039,-8.329133033752441
221,best,-7.434813499450684,-7.00960636138916
222,best,-10.660215377807617,-9.48987865447998
223,best,-10.754755973815918,-9.422460556030273
224,best,-10.49692440032959,-9.540702819824219
225,best,-9.116341590881348,-8.620574951171875
226,best,-9.128510475158691,-8.413472175598145
227,best,-7.4543633460998535,-6.8587517738342285
228,best,-9.44907283782959,-8.7885103225708
229,best,-9.116341590881348,-8.620574951171875
230,best,-8.11227035522461,-7.574461936950684
231,best,-6.690677642822266,-6.102579116821289
232,best,-8.816758155822754,-8.2612886428833
233,best,-11.054556846618652,-10.038799285888672
234,best,-8.305849075317383,-7.93134880065918
235,best,-9.26839828491211,-8.760021209716797
236,best,-6.832237720489502,-6.269924640655518
237,best,-7.02082633972168,-6.4051513671875
238,best,-8.758213996887207,-8.255287170410156
239,best,-7.201511383056641,-6.645415306091309
240,best,-6.432829856872559,-6.293256759643555
241,best,-8.682759284973145,-8.586321830749512
242,best,-10.533737182617188,-10.266623497009277
243,best,-8.911507606506348,-8.893879890441895
244,best,-8.17407512664795,-8.367733001708984
245,best,-10.517522811889648,-10.251871109008789
246,best,-8.933424949645996,-9.132287979125977
247,best,-8.26538372039795,-8.388078689575195
248,best,-8.182402610778809,-8.265750885009766
249,best,-8.963289260864258,-8.832523345947266
250,best,-7.737851619720459,-7.929003715515137
251,best,-9.386825561523438,-9.176591873168945
252,best,-8.515130996704102,-8.429283142089844
253,best,-7.375454902648926,-7.689567565917969
254,best,-6.890904426574707,-7.164041996002197
255,best,-9.221324920654297,-9.493924140930176
256,best,-7.9527268409729,-7.783423900604248
257,best,-11.177827835083008,-10.759320259094238
258,best,-6.705941200256348,-6.9969916343688965
259,best,-6.173459053039551,-6.333165645599365
260,best,-7.921877384185791,-7.796749114990234
261,best,-9.047188758850098,-8.941951751708984
262,best,-7.404765605926514,-7.478437900543213
263,best,-7.530134201049805,-7.199458122253418
264,best,-8.587709426879883,-8.311853408813477
265,best,-8.14657974243164,-7.893205165863037
266,best,-6.773353576660156,-6.547375202178955
267,best,-7.012853622436523,-6.686676025390625
268,best,-8.419806480407715,-8.138439178466797
269,best,-9.274627685546875,-9.205789566040039
270,best,-8.589151382446289,-8.345999717712402
271,best,-7.0726237297058105,-7.303516387939453
272,best,-7.861686706542969,-7.602876663208008
273,best,-7.634769916534424,-7.321771144866943
274,best,-9.939481735229492,-9.386561393737793
275,best,-5.955008506774902,-6.018465995788574
276,best,-7.613933086395264,-7.6699652671813965
277,best,-6.825451374053955,-6.9752607345581055
278,best,-8.210527420043945,-7.847707748413086
279,best,-8.221431732177734,-7.735206604003906
280,best,-9.901191711425781,-8.98192024230957
281,best,-8.992819786071777,-8.16770076751709
282,best,-8.901280403137207,-8.549860000610352
283,best,-9.709122657775879,-8.962761878967285
284,best,-7.418865203857422,-6.751284122467041
285,best,-6.901994705200195,-6.067441463470459
286,best,-11.453901290893555,-10.390045166015625
287,best,-11.764187812805176,-10.953248977661133
288,best,-10.597832679748535,-9.67226505279541
289,best,-6.909658432006836,-5.980898380279541
290,best,-11.272268295288086,-10.217883110046387
291,best,-8.93528938293457,-8.087393760681152
292,best,-10.21617603302002,-9.041717529296875
293,best,-11.118998527526855,-10.061080932617188
294,best,-8.214564323425293,-7.16834831237793
295,best,-9.8783540725708,-8.779886245727539
296,best,-9.313796997070312,-8.765941619873047
297,best,-9.558548927307129,-8.591755867004395
298,best,-9.910747528076172,-8.689264297485352
299,best,-11.044242858886719,-9.86648941040039
300,best,-9.329389572143555,-8.585201263427734
301,best,-8.514544486999512,-8.297551155090332
302,best,-7.189231872558594,-6.869394302368164
303,best,-7.746558666229248,-7.329910755157471
304,best,-8.668371200561523,-7.954524993896484
305,best,-9.202186584472656,-8.503988265991211
306,best,-10.363527297973633,-9.499914169311523
307,best,-7.536285400390625,-7.084578037261963
308,best,-6.771941184997559,-6.671576023101807
309,best,-6.450209140777588,-5.710546970367432
310,best,-8.970900535583496,-8.411527633666992
311,best,-7.423997402191162,-6.97508430480957
312,best,-7.236279487609863,-6.98170280456543
313,best,-7.896351337432861,-7.3881611824035645
314,best,-7.568795680999756,-7.168001651763916
315,best,-6.34057092666626,-5.8204145431518555
316,best,-5.908145427703857,-5.3647541999816895
317,best,-9.510841369628906,-8.348377227783203
318,best,-6.110957622528076,-5.640537738800049
319,best,-9.31716251373291,-8.587971687316895
320,best,-6.412716865539551,-6.337262153625488
321,best,-9.281278610229492,-8.692513465881348
322,best,-8.32988452911377,-8.021774291992188
323,best,-8.027321815490723,-7.616580486297607
324,best,-8.619144439697266,-8.26323127746582
325,best,-8.017704963684082,-7.681687831878662
326,best,-8.14181137084961,-7.626064777374268
327,best,-10.219977378845215,-9.695178985595703
328,best,-5.543535232543945,-5.556344509124756
329,best,-7.8258209228515625,-7.109243392944336
330,best,-8.24136734008789,-7.935027122497559
331,best,-9.682857513427734,-9.343277931213379
332,best,-9.942048072814941,-9.247208595275879
333,best,-8.568354606628418,-8.270180702209473
334,best,-5.945085048675537,-5.971760272979736
335,best,-6.042081832885742,-5.925673007965088
336,best,-7.24943208694458,-7.059460639953613
337,best,-8.38154125213623,-8.01457691192627
338,best,-5.847678184509277,-5.675145149230957
339,best,-9.658182144165039,-8.937801361083984
340,best,-4.94976282119751,-5.389726161956787
341,best,-9.542783737182617,-9.73707389831543
342,best,-12.766424179077148,-11.73442554473877
343,best,-12.538050651550293,-11.74392318725586
344,best,-7.286016464233398,-7.528250694274902
345,best,-7.49921178817749,-6.976811408996582
346,best,-13.632001876831055,-11.542805671691895
347,best,-13.109201431274414,-10.530994415283203
348,best,-13.10064697265625,-11.773711204528809
349,best,-7.118455410003662,-7.411686420440674
350,best,-11.547082901000977,-11.294617652893066
351,best,-10.269891738891602,-10.026363372802734
352,best,-11.091388702392578,-10.170138359069824
353,best,-12.227639198303223,-11.341694831848145
354,best,-7.153109073638916,-7.0779571533203125
355,best,-10.055907249450684,-10.214838027954102
356,best,-12.789567947387695,-11.977787971496582
357,best,-8.590202331542969,-9.416465759277344
358,best,-10.477453231811523,-9.742424964904785
359,best,-11.286942481994629,-10.339247703552246
360,best,-6.889987945556641,-7.527159690856934
361,best,-9.242583274841309,-9.240288734436035
362,best,-8.559785842895508,-7.679989814758301
363,best,-5.3757100105285645,-7.132923603057861
364,best,-10.166850090026855,-9.601922988891602
365,best,-11.296895980834961,-10.425395965576172
366,best,-10.042434692382812,-11.204453468322754
367,best,-8.996933937072754,-9.356616020202637
368,best,-9.433659553527832,-9.781110763549805
369,best,-9.552441596984863,-9.807516098022461
370,best,-9.786434173583984,-9.877373695373535
371,best,-9.810338973999023,-10.168440818786621
372,best,-11.875772476196289,-11.28199291229248
373,best,-12.73119831085205,-12.445094108581543
374,best,-7.777535915374756,-8.968361854553223
375,best,-5.26565408706665,-7.00099515914917
376,best,-7.7357683181762695,-9.070439338684082
377,best,-9.242583274841309,-9.240288734436035
378,best,-5.3757100105285645,-7.132923603057861
379,best,-9.066739082336426,-10.458582878112793
380,best,-6.606436252593994,-7.55567741394043
381,best,-9.255813598632812,-9.441036224365234
382,best,-6.7443742752075195,-7.241002559661865
383,best,-8.87058162689209,-9.200052261352539
384,best,-5.533637046813965,-6.209395885467529
385,best,-8.187371253967285,-8.847674369812012
386,best,-8.71029281616211,-8.95266056060791
387,best,-11.107039451599121,-10.945452690124512
388,best,-8.814092636108398,-9.262548446655273
389,best,-10.30707836151123,-9.486528396606445
390,best,-7.796572208404541,-8.675190925598145
391,best,-9.448335647583008,-9.429767608642578
392,best,-8.65528678894043,-8.452245712280273
393,best,-10.809812545776367,-10.505118370056152
394,best,-6.984896659851074,-7.619534015655518
395,best,-10.875996589660645,-11.075851440429688
396,best,-8.277986526489258,-8.679826736450195
397,best,-10.37122917175293,-9.367955207824707
398,best,-7.104499816894531,-7.648244380950928
399,best,-6.572381019592285,-7.074216842651367
400,best,-8.24485969543457,-7.484988212585449
401,best,-13.708724975585938,-11.428418159484863
402,best,-13.320930480957031,-12.596203804016113
403,best,-6.979438781738281,-6.981614589691162
404,best,-13.35704517364502,-10.872994422912598
405,best,-10.101399421691895,-9.497603416442871
406,best,-10.759671211242676,-10.437994003295898
407,best,-10.412215232849121,-10.431803703308105
408,best,-8.851078987121582,-8.251053810119629
409,best,-10.556118965148926,-9.89533519744873
410,best,-7.906681060791016,-7.432411193847656
411,best,-11.968462944030762,-10.84716510772705
412,best,-10.516809463500977,-9.520248413085938
413,best,-7.598782062530518,-7.199808597564697
414,best,-8.53186321258545,-8.231335639953613
415,best,-14.870834350585938,-12.489962577819824
416,best,-13.559664726257324,-12.23165512084961
417,best,-14.408862113952637,-12.13683032989502
418,best,-11.360859870910645,-10.42011547088623
419,best,-6.979438304901123,-6.981614589691162
420,best,-7.790098190307617,-8.028928756713867
421,best,-8.180805206298828,-7.988272190093994
422,best,-9.522619247436523,-8.238466262817383
423,best,-9.186111450195312,-8.317339897155762
424,best,-6.598346710205078,-6.639957904815674
425,best,-10.480108261108398,-9.677372932434082
426,best,-9.72968578338623,-8.998211860656738
427,best,-11.861443519592285,-10.279078483581543
428,best,-9.13958740234375,-8.829760551452637
429,best,-6.7296462059021,-6.577378749847412
430,best,-11.588326454162598,-11.385239601135254
431,best,-9.539802551269531,-8.959864616394043
432,best,-6.927488803863525,-6.825150966644287
433,best,-9.38262939453125,-8.865448951721191
434,best,-9.043997764587402,-8.372285842895508
435,best,-5.792566299438477,-5.813746929168701
436,best,-9.31359577178955,-8.347539901733398
437,best,-6.844329357147217,-6.657118320465088
438,best,-10.58288288116455,-9.700128555297852
439,best,-6.571527004241943,-6.695483684539795
440,best,-10.965435028076172,-10.325819969177246
441,best,-4.495268821716309,-5.397408485412598
442,best,-8.306968688964844,-8.442419052124023
443,best,-7.325379848480225,-7.623118877410889
444,best,-9.668745994567871,-9.233452796936035
445,best,-8.819612503051758,-8.825652122497559
446,best,-11.673890113830566,-10.279036521911621
447,best,-8.409883499145508,-8.459386825561523
448,best,-6.758100986480713,-7.043771266937256
449,best,-7.834113121032715,-7.287079811096191
450,best,-9.652847290039062,-8.893343925476074
451,best,-9.817411422729492,-9.13636302947998
452,best,-9.101550102233887,-8.492481231689453
453,best,-6.702086925506592,-7.038239002227783
454,best,-7.321995735168457,-6.982513427734375
455,best,-8.748238563537598,-8.850000381469727
456,best,-6.809856414794922,-7.4197163581848145
457,best,-10.605109214782715,-9.427258491516113
458,best,-8.947598457336426,-8.403145790100098
459,best,-9.508645057678223,-9.609003067016602
460,best,-8.737449645996094,-8.050889015197754
461,best,-6.034163475036621,-5.937325954437256
462,best,-6.097192287445068,-6.106338024139404
463,best,-8.53764533996582,-8.17664909362793
464,best,-7.215081214904785,-7.038018703460693
465,best,-7.812590599060059,-7.2666497230529785
466,best,-6.729475975036621,-6.317914962768555
467,best,-6.444333076477051,-6.052082061767578
468,best,-6.703202247619629,-6.525929927825928
469,best,-9.456424713134766,-8.825907707214355
470,best,-9.302892684936523,-8.726343154907227
471,best,-10.939590454101562,-10.203458786010742
472,best,-9.271280288696289,-8.6737642288208
473,best,-7.443362712860107,-7.311269283294678
474,best,-8.784342765808105,-8.183426856994629
475,best,-5.925203323364258,-5.830211162567139
476,best,-8.92435073852539,-8.205256462097168
477,best,-7.694863319396973,-7.385601043701172
478,best,-7.559101581573486,-7.59863805770874
479,best,-6.195992469787598,-6.079937934875488
480,best,-7.776712417602539,-7.957251071929932
481,best,-8.642733573913574,-8.55765438079834
482,best,-8.373071670532227,-8.350765228271484
483,best,-5.725029945373535,-6.3680009841918945
484,best,-5.489530563354492,-6.359217643737793
485,best,-8.111745834350586,-8.358790397644043
486,best,-8.111745834350586,-8.358790397644043
487,best,-7.030877590179443,-6.9542107582092285
488,best,-5.19644832611084,-5.824178695678711
489,best,-10.066561698913574,-9.50503921508789
490,best,-7.715132236480713,-7.712124824523926
491,best,-9.973645210266113,-9.828824043273926
492,best,-8.111745834350586,-8.358790397644043
493,best,-5.47281551361084,-6.227346420288086
494,best,-5.687161445617676,-5.944055557250977
495,best,-7.0956573486328125,-7.212188720703125
496,best,-7.112275123596191,-7.255536079406738
497,best,-7.536562442779541,-8.314170837402344
498,best,-5.47281551361084,-6.227346420288086
499,best,-6.762121677398682,-7.083977222442627
500,best,-5.506968975067139,-6.283073902130127
501,best,-6.837409496307373,-7.0128912925720215
502,best,-5.887244701385498,-6.128437519073486
503,best,-8.262078285217285,-8.100754737854004
504,best,-6.802456378936768,-6.627861022949219
505,best,-6.410231113433838,-6.326910495758057
506,best,-6.48822021484375,-6.642062187194824
507,best,-7.624938011169434,-7.373543739318848
508,best,-7.355722427368164,-7.240617275238037
509,best,-6.780246257781982,-6.672353267669678
510,best,-9.53530216217041,-9.100641250610352
511,best,-7.361153602600098,-7.154000759124756
512,best,-8.050357818603516,-7.880198001861572
513,best,-7.964935302734375,-7.816917896270752
514,best,-7.435011386871338,-7.753854274749756
515,best,-8.80673885345459,-8.56554889678955
516,best,-8.276206016540527,-8.126556396484375
517,best,-5.339990139007568,-5.58773946762085
518,best,-7.5090250968933105,-7.188167572021484
519,best,-8.285101890563965,-8.027088165283203
520,best,-9.517694473266602,-8.410347938537598
521,best,-10.073840141296387,-9.039586067199707
522,best,-8.307319641113281,-7.575936317443848
523,best,-7.670235633850098,-7.482761383056641
524,best,-8.01059341430664,-7.274007797241211
525,best,-8.321413040161133,-7.464385032653809
526,best,-6.475966453552246,-6.8162455558776855
527,best,-7.366259574890137,-6.857321262359619
528,best,-8.851705551147461,-8.24298095703125
529,best,-9.843070030212402,-8.879189491271973
530,best,-8.059268951416016,-7.265440464019775
531,best,-10.026971817016602,-9.240464210510254
532,best,-9.71666431427002,-8.915801048278809
533,best,-9.555001258850098,-8.43818473815918
534,best,-8.541725158691406,-7.6846771240234375
535,best,-6.185110092163086,-5.920579433441162
536,best,-8.136210441589355,-7.803499221801758
537,best,-10.026971817016602,-9.240464210510254
538,best,-6.659140586853027,-7.029809474945068
539,best,-8.16578197479248,-7.795312881469727
540,best,-6.995922088623047,-6.7808146476745605
541,best,-5.549781799316406,-5.644650936126709
542,best,-7.527683734893799,-6.971968173980713
543,best,-5.815425395965576,-5.673128128051758
544,best,-7.012937068939209,-6.982133388519287
545,best,-6.033943176269531,-6.0427117347717285
546,best,-5.5400390625,-5.625476360321045
547,best,-8.59829330444336,-8.052050590515137
548,best,-6.732113361358643,-6.38648796081543
549,best,-7.445509433746338,-6.8766021728515625
550,best,-7.530015468597412,-7.015124320983887
551,best,-8.73646354675293,-8.20308780670166
552,best,-6.177492141723633,-5.809073448181152
553,best,-6.901444435119629,-6.843405246734619
554,best,-7.255159378051758,-6.836191177368164
555,best,-8.378617286682129,-8.182401657104492
556,best,-7.548144817352295,-7.171955108642578
557,best,-7.3328857421875,-6.802404403686523
558,best,-6.670148849487305,-6.395864486694336
559,best,-6.578022003173828,-6.536253929138184
560,best,-9.022045135498047,-8.553686141967773
561,best,-5.9954938888549805,-6.098529815673828
562,best,-7.434970378875732,-7.136490821838379
563,best,-7.565464496612549,-7.418508052825928
564,best,-7.308857440948486,-7.20430326461792
565,best,-5.219842910766602,-5.549534320831299
566,best,-8.99781608581543,-8.451407432556152
567,best,-6.27545166015625,-6.338931083679199
568,best,-7.548417091369629,-7.4345269203186035
569,best,-7.828763484954834,-7.569367408752441
570,best,-7.218138694763184,-7.171974182128906
571,best,-7.240093231201172,-7.11184549331665
572,best,-6.784855365753174,-6.544647216796875
573,best,-9.390344619750977,-8.950626373291016
574,best,-7.145812034606934,-6.791842460632324
575,best,-5.9287004470825195,-6.136035919189453
576,best,-5.867771148681641,-5.6924943923950195
577,best,-4.963693618774414,-5.128215312957764
578,best,-5.4175214767456055,-5.660769939422607
579,best,-5.919524669647217,-6.007286071777344
580,best,-5.668912410736084,-5.032001972198486
581,best,-10.465780258178711,-9.61668872833252
582,best,-8.159109115600586,-7.806150436401367
583,best,-8.54394817352295,-7.927253723144531
584,best,-7.727449893951416,-6.836018085479736
585,best,-6.409169673919678,-6.02243709564209
586,best,-6.126773357391357,-5.287230014801025
587,best,-10.505655288696289,-9.173304557800293
588,best,-7.492275238037109,-6.6829609870910645
589,best,-8.112589836120605,-7.684001445770264
590,best,-10.804913520812988,-9.561274528503418
591,best,-10.794964790344238,-9.59649658203125
592,best,-7.678286075592041,-7.006555080413818
593,best,-7.927733421325684,-7.5047383308410645
594,best,-6.044671535491943,-5.420711994171143
595,best,-10.899943351745605,-9.476722717285156
596,best,-6.546586036682129,-5.899900913238525
597,best,-7.939069747924805,-7.192049503326416
598,best,-8.2710599899292,-7.4911088943481445
599,best,-7.597835540771484,-6.89606237411499
600,best,-9.566247940063477,-8.830668449401855
601,best,-10.344005584716797,-9.65184211730957
602,best,-9.952077865600586,-9.356642723083496
603,best,-10.66208553314209,-9.80125904083252
604,best,-9.566247940063477,-8.830668449401855
605,best,-7.6689629554748535,-7.485779762268066
606,best,-10.098779678344727,-9.403674125671387
607,best,-6.185092449188232,-6.10007381439209
608,best,-10.285501480102539,-9.760237693786621
609,best,-7.763580322265625,-7.490359783172607
610,best,-5.868194580078125,-5.941286087036133
611,best,-9.952078819274902,-9.356642723083496
612,best,-6.493438720703125,-6.599878787994385
613,best,-7.6719651222229,-7.43345308303833
614,best,-7.45939826965332,-7.497618198394775
615,best,-7.401513576507568,-7.057525634765625
616,best,-8.67983627319336,-8.587525367736816
617,best,-7.681299209594727,-7.473815441131592
618,best,-6.267984867095947,-6.461987495422363
619,best,-7.765603542327881,-7.52492618560791
620,best,-6.9935503005981445,-6.853533744812012
621,best,-8.176325798034668,-7.710606098175049
622,best,-7.797894477844238,-7.707087993621826
623,best,-6.118473529815674,-6.2725725173950195
624,best,-7.320792198181152,-7.025926113128662
625,best,-8.561213493347168,-8.41963005065918
626,best,-9.553291320800781,-9.169746398925781
627,best,-5.941773414611816,-5.806291103363037
628,best,-7.715500831604004,-7.485363483428955
629,best,-7.597592830657959,-7.324665546417236
630,best,-7.543795585632324,-7.307106971740723
631,best,-9.464312553405762,-8.794726371765137
632,best,-5.750585556030273,-5.620417594909668
633,best,-5.850459575653076,-5.578921794891357
634,best,-7.552559852600098,-7.126983642578125
635,best,-5.473686218261719,-5.735486030578613
636,best,-7.935355186462402,-7.364861488342285
637,best,-6.470306396484375,-6.287869453430176
638,best,-7.645008087158203,-7.39097261428833
639,best,-6.2600531578063965,-6.178961277008057
640,best,-10.103285789489746,-9.215873718261719
641,best,-7.474303245544434,-6.626008033752441
642,best,-6.627662658691406,-6.051235675811768
643,best,-9.863417625427246,-8.119730949401855
644,best,-9.854220390319824,-8.450044631958008
645,best,-7.760324954986572,-6.770685195922852
646,best,-11.65771198272705,-10.675996780395508
647,best,-11.027046203613281,-10.069390296936035
648,best,-11.768797874450684,-10.319767951965332
649,best,-8.606388092041016,-7.55609655380249
650,best,-9.362645149230957,-8.183621406555176
651,best,-6.854822635650635,-5.906632900238037
652,best,-9.732075691223145,-9.047237396240234
653,best,-12.353013038635254,-11.256245613098145
654,best,-9.71669864654541,-8.183995246887207
655,best,-9.413427352905273,-8.6399564743042
656,best,-8.28433609008789,-7.499711036682129
657,best,-8.88342571258545,-8.174327850341797
658,best,-11.620928764343262,-10.863813400268555
659,best,-9.666659355163574,-8.739885330200195
660,best,-7.9546308517456055,-7.478832721710205
661,best,-8.249600410461426,-7.987496852874756
662,best,-8.036920547485352,-7.466678142547607
663,best,-8.104637145996094,-7.7193779945373535
664,best,-7.554727077484131,-6.88760232925415
665,best,-7.461845397949219,-6.930830478668213
666,best,-5.553709983825684,-5.062409400939941
667,best,-8.645513534545898,-8.216400146484375
668,best,-7.485185146331787,-6.72796630859375
669,best,-5.957389831542969,-5.34610652923584
670,best,-7.6648712158203125,-6.945849895477295
671,best,-6.08869743347168,-5.680036544799805
672,best,-7.316640853881836,-6.6173529624938965
673,best,-7.928065299987793,-7.332287311553955
674,best,-7.6648712158203125,-6.945850372314453
675,best,-7.586630344390869,-6.894586563110352
676,best,-9.976775169372559,-9.04810905456543
677,best,-8.971203804016113,-8.36617660522461
678,best,-8.974308013916016,-8.086627960205078
679,best,-9.13711166381836,-8.223751068115234
680,best,-7.957947254180908,-7.665084362030029
681,best,-7.3282551765441895,-7.075089454650879
682,best,-7.613462448120117,-7.38355827331543
683,best,-7.468516826629639,-6.75666618347168
684,best,-7.658206462860107,-7.02341890335083
685,best,-8.036867141723633,-7.647397518157959
686,best,-9.710166931152344,-9.018742561340332
687,best,-5.27166223526001,-5.000150680541992
688,best,-9.145208358764648,-8.57413101196289
689,best,-10.071929931640625,-9.241050720214844
690,best,-6.40513277053833,-5.806008815765381
691,best,-6.060964584350586,-5.424032688140869
692,best,-8.140392303466797,-7.425872325897217
693,best,-7.426700115203857,-6.812932968139648
694,best,-8.118277549743652,-7.62312126159668
695,best,-7.074508190155029,-6.808602809906006
696,best,-7.3959245681762695,-6.876792907714844
697,best,-7.418875217437744,-7.218029022216797
698,best,-6.31719970703125,-5.74232816696167
699,best,-5.917174339294434,-5.46388578414917
