item_id,model_state,dative,score
1,initial,pp,-7.7394490242004395
2,initial,pp,-7.908079624176025
3,initial,pp,-7.856479644775391
4,initial,pp,-8.034812927246094
5,initial,pp,-7.504248142242432
6,initial,pp,-7.720656871795654
7,initial,pp,-7.493459224700928
8,initial,pp,-7.6336541175842285
9,initial,pp,-6.61094331741333
10,initial,pp,-8.39056396484375
11,initial,pp,-6.084029197692871
12,initial,pp,-6.2319865226745605
13,initial,pp,-7.614429950714111
14,initial,pp,-6.324140548706055
15,initial,pp,-7.3493804931640625
16,initial,pp,-7.6336541175842285
17,initial,pp,-7.559787750244141
18,initial,pp,-6.534814357757568
19,initial,pp,-8.554333686828613
20,initial,pp,-7.234775066375732
21,initial,pp,-7.8034210205078125
22,initial,pp,-6.3132452964782715
23,initial,pp,-7.489355564117432
24,initial,pp,-7.77061128616333
25,initial,pp,-7.992084503173828
26,initial,pp,-7.741559982299805
27,initial,pp,-7.239208698272705
28,initial,pp,-7.243460178375244
29,initial,pp,-7.764638900756836
30,initial,pp,-7.806545257568359
31,initial,pp,-8.50671100616455
32,initial,pp,-7.77061128616333
33,initial,pp,-8.225379943847656
34,initial,pp,-7.894752502441406
35,initial,pp,-6.52079439163208
36,initial,pp,-6.700822830200195
37,initial,pp,-7.764638900756836
38,initial,pp,-7.169763088226318
39,initial,pp,-8.3095064163208
40,initial,pp,-8.233796119689941
41,initial,pp,-7.359545707702637
42,initial,pp,-6.984612464904785
43,initial,pp,-6.972381114959717
44,initial,pp,-7.3465447425842285
45,initial,pp,-8.175908088684082
46,initial,pp,-6.842738628387451
47,initial,pp,-7.740684509277344
48,initial,pp,-7.175967216491699
49,initial,pp,-7.470317363739014
50,initial,pp,-7.4788336753845215
51,initial,pp,-7.640688419342041
52,initial,pp,-6.923725128173828
53,initial,pp,-7.804994583129883
54,initial,pp,-8.082764625549316
55,initial,pp,-7.537208080291748
56,initial,pp,-6.382353782653809
57,initial,pp,-6.754478454589844
58,initial,pp,-7.181098937988281
59,initial,pp,-7.387404441833496
60,initial,pp,-7.697622299194336
61,initial,pp,-7.99798059463501
62,initial,pp,-7.367680549621582
63,initial,pp,-9.52304744720459
64,initial,pp,-7.870908737182617
65,initial,pp,-7.31505012512207
66,initial,pp,-9.105528831481934
67,initial,pp,-6.971916198730469
68,initial,pp,-8.364569664001465
69,initial,pp,-8.107100486755371
70,initial,pp,-8.909599304199219
71,initial,pp,-6.419403076171875
72,initial,pp,-8.571582794189453
73,initial,pp,-8.296445846557617
74,initial,pp,-9.3222017288208
75,initial,pp,-7.659411907196045
76,initial,pp,-7.8424553871154785
77,initial,pp,-6.57928466796875
78,initial,pp,-6.841273307800293
79,initial,pp,-7.220261096954346
80,initial,pp,-8.681099891662598
81,initial,pp,-7.210145950317383
82,initial,pp,-6.854579925537109
83,initial,pp,-7.054665565490723
84,initial,pp,-6.545586585998535
85,initial,pp,-6.854579925537109
86,initial,pp,-6.627816200256348
87,initial,pp,-6.9517316818237305
88,initial,pp,-6.417759895324707
89,initial,pp,-6.779225826263428
90,initial,pp,-6.462984561920166
91,initial,pp,-6.346182346343994
92,initial,pp,-8.485569953918457
93,initial,pp,-6.753363609313965
94,initial,pp,-6.328219413757324
95,initial,pp,-6.480838775634766
96,initial,pp,-6.784701347351074
97,initial,pp,-7.588663101196289
98,initial,pp,-7.927268981933594
99,initial,pp,-7.039445877075195
100,initial,pp,-7.573373317718506
101,initial,pp,-5.747125625610352
102,initial,pp,-6.834488391876221
103,initial,pp,-6.552166938781738
104,initial,pp,-6.4422783851623535
105,initial,pp,-7.3260498046875
106,initial,pp,-6.868019104003906
107,initial,pp,-6.851700782775879
108,initial,pp,-7.1200737953186035
109,initial,pp,-7.051112651824951
110,initial,pp,-7.729491233825684
111,initial,pp,-7.660274028778076
112,initial,pp,-7.2429351806640625
113,initial,pp,-6.748751163482666
114,initial,pp,-6.0794677734375
115,initial,pp,-7.020177364349365
116,initial,pp,-5.763347148895264
117,initial,pp,-7.099667549133301
118,initial,pp,-6.428639888763428
119,initial,pp,-7.333360195159912
120,initial,pp,-7.652591705322266
121,initial,pp,-8.12588882446289
122,initial,pp,-8.16096019744873
123,initial,pp,-6.257572174072266
124,initial,pp,-7.895626068115234
125,initial,pp,-7.141798973083496
126,initial,pp,-8.5661039352417
127,initial,pp,-7.108113765716553
128,initial,pp,-8.064373970031738
129,initial,pp,-6.96550989151001
130,initial,pp,-7.124752521514893
131,initial,pp,-6.96550989151001
132,initial,pp,-8.16096019744873
133,initial,pp,-8.54377555847168
134,initial,pp,-7.50013542175293
135,initial,pp,-8.16096019744873
136,initial,pp,-8.5661039352417
137,initial,pp,-7.850254535675049
138,initial,pp,-6.277322292327881
139,initial,pp,-8.66518497467041
140,initial,pp,-7.979154586791992
141,initial,pp,-7.354763507843018
142,initial,pp,-7.40869140625
143,initial,pp,-8.064391136169434
144,initial,pp,-8.109932899475098
145,initial,pp,-6.931828498840332
146,initial,pp,-6.919032573699951
147,initial,pp,-8.022897720336914
148,initial,pp,-7.58868408203125
149,initial,pp,-6.895218372344971
150,initial,pp,-6.216120719909668
151,initial,pp,-7.994891166687012
152,initial,pp,-7.717980861663818
153,initial,pp,-7.333955764770508
154,initial,pp,-7.0770721435546875
155,initial,pp,-6.785451889038086
156,initial,pp,-6.138002395629883
157,initial,pp,-6.418183326721191
158,initial,pp,-6.647450923919678
159,initial,pp,-8.054891586303711
160,initial,pp,-8.079022407531738
161,initial,pp,-9.102999687194824
162,initial,pp,-7.2352614402771
163,initial,pp,-8.444466590881348
164,initial,pp,-7.461774826049805
165,initial,pp,-7.318938732147217
166,initial,pp,-5.893670082092285
167,initial,pp,-7.056243896484375
168,initial,pp,-9.753816604614258
169,initial,pp,-7.5494704246521
170,initial,pp,-7.102594375610352
171,initial,pp,-8.444466590881348
172,initial,pp,-6.409419536590576
173,initial,pp,-7.131731986999512
174,initial,pp,-8.876921653747559
175,initial,pp,-6.955262660980225
176,initial,pp,-7.318938732147217
177,initial,pp,-8.949423789978027
178,initial,pp,-9.365818977355957
179,initial,pp,-6.208075523376465
180,initial,pp,-8.90534496307373
181,initial,pp,-7.207469940185547
182,initial,pp,-7.207302570343018
183,initial,pp,-6.418554306030273
184,initial,pp,-6.9930100440979
185,initial,pp,-6.648030757904053
186,initial,pp,-6.78155517578125
187,initial,pp,-6.074549198150635
188,initial,pp,-6.898451805114746
189,initial,pp,-6.91943883895874
190,initial,pp,-5.684909820556641
191,initial,pp,-6.782491207122803
192,initial,pp,-6.678350925445557
193,initial,pp,-6.5603437423706055
194,initial,pp,-6.702294826507568
195,initial,pp,-6.637648582458496
196,initial,pp,-6.39085578918457
197,initial,pp,-7.405168056488037
198,initial,pp,-7.067127227783203
199,initial,pp,-5.854804515838623
200,initial,pp,-7.679916858673096
201,initial,pp,-5.790104866027832
202,initial,pp,-6.142308712005615
203,initial,pp,-8.384354591369629
204,initial,pp,-7.221108913421631
205,initial,pp,-7.5715250968933105
206,initial,pp,-7.57218074798584
207,initial,pp,-7.177023410797119
208,initial,pp,-6.622854709625244
209,initial,pp,-7.741754055023193
210,initial,pp,-7.15909481048584
211,initial,pp,-7.222412109375
212,initial,pp,-6.1108856201171875
213,initial,pp,-6.800516605377197
214,initial,pp,-7.311539173126221
215,initial,pp,-7.11989688873291
216,initial,pp,-5.688170433044434
217,initial,pp,-7.858401775360107
218,initial,pp,-7.331590175628662
219,initial,pp,-7.036492347717285
220,initial,pp,-6.929266929626465
221,initial,do,-8.280081748962402
222,initial,do,-8.375067710876465
223,initial,do,-7.698782920837402
224,initial,do,-6.618902206420898
225,initial,do,-7.836792469024658
226,initial,do,-7.686450004577637
227,initial,do,-8.016817092895508
228,initial,do,-8.658453941345215
229,initial,do,-8.288578033447266
230,initial,do,-8.478235244750977
231,initial,do,-8.07387638092041
232,initial,do,-7.827908515930176
233,initial,do,-8.24595832824707
234,initial,do,-8.658453941345215
235,initial,do,-6.3696136474609375
236,initial,do,-7.612278938293457
237,initial,do,-7.924736022949219
238,initial,do,-7.8536553382873535
239,initial,do,-7.83504056930542
240,initial,do,-7.722209930419922
241,initial,do,-8.24595832824707
242,initial,do,-7.966338157653809
243,initial,do,-8.631166458129883
244,initial,do,-7.8536553382873535
245,initial,do,-8.175671577453613
246,initial,do,-6.881855487823486
247,initial,do,-8.393925666809082
248,initial,do,-8.290834426879883
249,initial,do,-7.468803405761719
250,initial,do,-6.79520845413208
251,initial,do,-7.233978271484375
252,initial,do,-6.929628849029541
253,initial,do,-8.235762596130371
254,initial,do,-8.539241790771484
255,initial,do,-8.636682510375977
256,initial,do,-8.030120849609375
257,initial,do,-7.26701021194458
258,initial,do,-8.539241790771484
259,initial,do,-6.685146808624268
260,initial,do,-7.233978271484375
261,initial,do,-6.79520845413208
262,initial,do,-6.379678726196289
263,initial,do,-7.663733005523682
264,initial,pp,-7.949375152587891
265,initial,pp,-8.527305603027344
266,initial,pp,-7.510034084320068
267,initial,pp,-6.843622207641602
268,initial,pp,-7.458459854125977
269,initial,pp,-7.464444637298584
270,initial,pp,-7.497061729431152
271,initial,pp,-8.63420581817627
272,initial,pp,-7.826573371887207
273,initial,pp,-7.952295780181885
274,initial,pp,-7.746520519256592
275,initial,pp,-7.700936317443848
276,initial,pp,-7.92124080657959
277,initial,pp,-8.63420581817627
278,initial,pp,-6.711621284484863
279,initial,pp,-7.5594658851623535
280,initial,pp,-7.42087459564209
281,initial,pp,-7.368890762329102
282,initial,pp,-7.672730445861816
283,initial,pp,-7.630406856536865
284,initial,do,-8.314833641052246
285,initial,do,-7.457176208496094
286,initial,do,-8.847627639770508
287,initial,do,-7.995200157165527
288,initial,do,-7.883360385894775
289,initial,do,-6.8687028884887695
290,initial,do,-7.062643527984619
291,initial,do,-8.43282413482666
292,initial,do,-7.883360385894775
293,initial,do,-7.862246036529541
294,initial,do,-6.8438286781311035
295,initial,do,-8.041635513305664
296,initial,do,-6.814708232879639
297,initial,do,-8.105328559875488
298,initial,do,-8.541752815246582
299,initial,do,-7.253177165985107
300,initial,do,-8.016042709350586
301,initial,do,-7.223735809326172
302,initial,do,-7.52969217300415
303,initial,do,-7.824239730834961
304,initial,do,-7.31103515625
305,initial,do,-7.062643527984619
306,initial,do,-8.076260566711426
307,initial,do,-7.184337139129639
308,initial,do,-7.995200157165527
309,initial,do,-7.515591144561768
310,initial,do,-6.42240047454834
311,initial,do,-8.207108497619629
312,initial,do,-7.995200157165527
313,initial,do,-8.577852249145508
314,initial,do,-6.959076404571533
315,initial,do,-8.800111770629883
316,initial,do,-8.296910285949707
317,initial,do,-8.374795913696289
318,initial,do,-6.42240047454834
319,initial,do,-7.223735809326172
320,initial,do,-7.316575527191162
321,initial,do,-7.4923996925354
322,initial,do,-8.847628593444824
323,initial,do,-8.279786109924316
324,initial,do,-7.740058898925781
325,initial,do,-8.059049606323242
326,initial,do,-7.100660800933838
327,initial,pp,-8.120885848999023
328,initial,pp,-7.3914875984191895
329,initial,pp,-8.472640037536621
330,initial,pp,-7.516034126281738
331,initial,pp,-7.288675308227539
332,initial,pp,-6.999561786651611
333,initial,pp,-6.894631385803223
334,initial,pp,-8.10531997680664
335,initial,pp,-7.288675308227539
336,initial,pp,-7.661358833312988
337,initial,pp,-6.708234786987305
338,initial,pp,-7.616079807281494
339,initial,pp,-6.7362775802612305
340,initial,pp,-7.5515828132629395
341,initial,pp,-7.902060031890869
342,initial,pp,-6.813806533813477
343,initial,pp,-7.523845672607422
344,initial,pp,-7.154030799865723
345,initial,pp,-7.179731369018555
346,initial,pp,-7.604494094848633
347,initial,do,-7.212427139282227
348,initial,do,-6.0720977783203125
349,initial,do,-7.501374244689941
350,initial,do,-6.36885404586792
351,initial,do,-7.27371883392334
352,initial,do,-7.118021011352539
353,initial,do,-7.4582061767578125
354,initial,do,-7.451142311096191
355,initial,do,-7.666720867156982
356,initial,do,-7.053834915161133
357,initial,do,-7.716501712799072
358,initial,do,-7.117395401000977
359,initial,do,-6.360105514526367
360,initial,do,-6.998531818389893
361,initial,do,-7.61618709564209
362,initial,do,-7.009785175323486
363,initial,do,-7.292600154876709
364,initial,do,-8.119518280029297
365,initial,do,-6.804574966430664
366,initial,do,-6.9348530769348145
367,initial,do,-6.609171390533447
368,initial,do,-7.028707981109619
369,initial,do,-7.108187675476074
370,initial,do,-6.418191432952881
371,initial,do,-6.6647138595581055
372,initial,do,-7.760916709899902
373,initial,do,-7.560300827026367
374,initial,do,-7.313454627990723
375,initial,do,-5.913948059082031
376,initial,do,-7.330283164978027
377,initial,do,-7.036643981933594
378,initial,do,-7.204422950744629
379,initial,do,-7.253942012786865
380,initial,do,-7.20189094543457
381,initial,do,-6.610125541687012
382,initial,do,-7.521759986877441
383,initial,do,-7.120984077453613
384,initial,do,-6.6647138595581055
385,initial,do,-6.6660075187683105
386,initial,do,-7.560300827026367
387,initial,do,-7.293467044830322
388,initial,do,-7.025348663330078
389,initial,do,-6.096750259399414
390,initial,pp,-7.529162406921387
391,initial,pp,-5.999828338623047
392,initial,pp,-7.5470075607299805
393,initial,pp,-6.385584354400635
394,initial,pp,-7.440195560455322
395,initial,pp,-7.7583136558532715
396,initial,pp,-7.717928409576416
397,initial,pp,-7.80059289932251
398,initial,pp,-8.058688163757324
399,initial,pp,-7.229377746582031
400,initial,pp,-8.012741088867188
401,initial,pp,-7.549375057220459
402,initial,pp,-6.5480427742004395
403,initial,pp,-7.2102813720703125
404,initial,pp,-7.9654130935668945
405,initial,pp,-6.870156288146973
406,initial,pp,-8.006844520568848
407,initial,pp,-8.114577293395996
408,initial,pp,-7.038649082183838
409,initial,pp,-6.83276891708374
410,initial,do,-8.25328254699707
411,initial,do,-8.228081703186035
412,initial,do,-7.640110969543457
413,initial,do,-8.265290260314941
414,initial,do,-9.239524841308594
415,initial,do,-7.510509967803955
416,initial,do,-7.931548118591309
417,initial,do,-8.522500038146973
418,initial,do,-6.941806316375732
419,initial,do,-8.15164852142334
420,initial,do,-7.168557167053223
421,initial,do,-8.204879760742188
422,initial,do,-8.838944435119629
423,initial,do,-8.761645317077637
424,initial,do,-7.5419769287109375
425,initial,do,-8.588610649108887
426,initial,do,-7.2976460456848145
427,initial,do,-7.9421772956848145
428,initial,do,-7.635560035705566
429,initial,do,-8.563719749450684
430,initial,do,-8.547597885131836
431,initial,do,-6.849833965301514
432,initial,do,-7.9421772956848145
433,initial,do,-7.781765460968018
434,initial,do,-8.468173027038574
435,initial,do,-7.871262073516846
436,initial,do,-8.402329444885254
437,initial,do,-8.50188159942627
438,initial,do,-7.325781345367432
439,initial,do,-8.766837120056152
440,initial,do,-8.932538032531738
441,initial,do,-8.903616905212402
442,initial,do,-7.953368663787842
443,initial,do,-8.221823692321777
444,initial,do,-7.679391384124756
445,initial,do,-7.737857341766357
446,initial,do,-8.588610649108887
447,initial,do,-8.85595703125
448,initial,do,-7.312589645385742
449,initial,do,-8.05495548248291
450,initial,do,-7.555751800537109
451,initial,do,-8.687807083129883
452,initial,do,-9.341249465942383
453,initial,pp,-8.173262596130371
454,initial,pp,-7.80043888092041
455,initial,pp,-7.327610969543457
456,initial,pp,-8.180252075195312
457,initial,pp,-8.932461738586426
458,initial,pp,-7.846323013305664
459,initial,pp,-7.809604167938232
460,initial,pp,-7.915436744689941
461,initial,pp,-6.799505710601807
462,initial,pp,-8.114776611328125
463,initial,pp,-7.246006011962891
464,initial,pp,-8.808298110961914
465,initial,pp,-8.524857521057129
466,initial,pp,-8.677835464477539
467,initial,pp,-6.9748687744140625
468,initial,pp,-8.809529304504395
469,initial,pp,-7.551987648010254
470,initial,pp,-8.533137321472168
471,initial,pp,-7.995182037353516
472,initial,pp,-8.817934036254883
473,initial,pp,-7.755215167999268
474,initial,pp,-8.29836654663086
475,initial,pp,-7.891275882720947
476,initial,pp,-7.2427520751953125
477,initial,pp,-6.577378749847412
478,initial,pp,-8.03453254699707
479,initial,pp,-7.374623775482178
480,initial,pp,-6.582624912261963
481,initial,pp,-7.64208459854126
482,initial,pp,-7.118648052215576
483,initial,pp,-6.7628326416015625
484,initial,pp,-8.49943733215332
485,initial,pp,-7.843130111694336
486,initial,pp,-6.754932403564453
487,initial,pp,-7.8995513916015625
488,initial,pp,-6.750533580780029
489,initial,pp,-6.752306938171387
490,initial,pp,-7.867875099182129
491,initial,pp,-7.140042781829834
492,initial,pp,-7.374614238739014
493,initial,do,-7.951544761657715
494,initial,do,-7.0997161865234375
495,initial,do,-9.093957901000977
496,initial,do,-8.990839958190918
497,initial,do,-10.508519172668457
498,initial,do,-6.5979413986206055
499,initial,do,-9.668485641479492
500,initial,do,-10.264422416687012
501,initial,do,-7.716145992279053
502,initial,do,-7.434422969818115
503,initial,do,-9.390657424926758
504,initial,do,-8.399121284484863
505,initial,do,-9.937795639038086
506,initial,do,-8.071113586425781
507,initial,do,-10.113870620727539
508,initial,do,-9.41657829284668
509,initial,do,-9.00110149383545
510,initial,do,-7.862202167510986
511,initial,do,-8.123059272766113
512,initial,do,-10.224666595458984
513,initial,do,-7.106429576873779
514,initial,do,-9.750349044799805
515,initial,do,-9.45286750793457
516,initial,do,-9.79287338256836
517,initial,do,-8.078417778015137
518,initial,do,-9.852694511413574
519,initial,do,-9.342456817626953
520,initial,do,-9.474653244018555
521,initial,do,-9.62277889251709
522,initial,do,-8.48607349395752
523,initial,do,-7.045044422149658
524,initial,do,-8.553707122802734
525,initial,do,-9.32412338256836
526,initial,do,-9.568845748901367
527,initial,do,-7.687197208404541
528,initial,do,-9.635602951049805
529,initial,do,-9.635602951049805
530,initial,do,-10.088757514953613
531,initial,do,-9.998863220214844
532,initial,do,-9.130805969238281
533,initial,do,-9.998476028442383
534,initial,do,-8.568291664123535
535,initial,do,-8.239411354064941
536,initial,pp,-7.331600189208984
537,initial,pp,-6.991750717163086
538,initial,pp,-8.43199634552002
539,initial,pp,-8.745684623718262
540,initial,pp,-9.125513076782227
541,initial,pp,-6.33928918838501
542,initial,pp,-9.459006309509277
543,initial,pp,-9.486220359802246
544,initial,pp,-7.5589776039123535
545,initial,pp,-7.023775100708008
546,initial,pp,-9.475274085998535
547,initial,pp,-8.319572448730469
548,initial,pp,-8.944748878479004
549,initial,pp,-7.782242298126221
550,initial,pp,-8.779820442199707
551,initial,pp,-8.469198226928711
552,initial,pp,-8.704133033752441
553,initial,pp,-7.370426654815674
554,initial,pp,-7.348966121673584
555,initial,pp,-9.756847381591797
556,initial,do,-8.79665756225586
557,initial,do,-9.530977249145508
558,initial,do,-7.690063953399658
559,initial,do,-8.880500793457031
560,initial,do,-10.302638053894043
561,initial,do,-8.07042121887207
562,initial,do,-7.140113353729248
563,initial,do,-9.249972343444824
564,initial,do,-9.530977249145508
565,initial,do,-9.918129920959473
566,initial,do,-7.551692962646484
567,initial,do,-7.128438949584961
568,initial,do,-6.985033988952637
569,initial,do,-7.1052350997924805
570,initial,do,-7.24446439743042
571,initial,do,-9.471473693847656
572,initial,do,-9.305315017700195
573,initial,do,-9.915353775024414
574,initial,do,-9.915353775024414
575,initial,do,-9.870450973510742
576,initial,do,-8.178271293640137
577,initial,do,-8.005270004272461
578,initial,do,-9.305315017700195
579,initial,do,-8.342552185058594
580,initial,do,-8.05841064453125
581,initial,do,-6.985033988952637
582,initial,do,-9.699645042419434
583,initial,do,-7.203307628631592
584,initial,do,-7.9750776290893555
585,initial,do,-9.592194557189941
586,initial,do,-8.682633399963379
587,initial,do,-8.915772438049316
588,initial,do,-7.203307628631592
589,initial,do,-8.207907676696777
590,initial,do,-8.221997261047363
591,initial,do,-9.649584770202637
592,initial,do,-10.040946960449219
593,initial,do,-9.649584770202637
594,initial,do,-9.849556922912598
595,initial,do,-7.690063953399658
596,initial,do,-9.804579734802246
597,initial,do,-6.985033988952637
598,initial,do,-9.918129920959473
599,initial,pp,-8.290667533874512
600,initial,pp,-9.156315803527832
601,initial,pp,-7.228300094604492
602,initial,pp,-8.523659706115723
603,initial,pp,-9.538250923156738
604,initial,pp,-7.770765781402588
605,initial,pp,-6.736287593841553
606,initial,pp,-8.37271785736084
607,initial,pp,-9.156315803527832
608,initial,pp,-9.612716674804688
609,initial,pp,-7.338024139404297
610,initial,pp,-6.761204719543457
611,initial,pp,-6.872035980224609
612,initial,pp,-6.867769241333008
613,initial,pp,-7.326450347900391
614,initial,pp,-8.665407180786133
615,initial,pp,-8.483561515808105
616,initial,pp,-9.546791076660156
617,initial,pp,-9.546791076660156
618,initial,pp,-8.686603546142578
619,initial,do,-8.257471084594727
620,initial,do,-7.234607696533203
621,initial,do,-7.792210102081299
622,initial,do,-8.295778274536133
623,initial,do,-8.533997535705566
624,initial,do,-7.964069366455078
625,initial,do,-8.281585693359375
626,initial,do,-8.844301223754883
627,initial,do,-7.484030723571777
628,initial,do,-9.07498836517334
629,initial,do,-7.953834056854248
630,initial,do,-6.439300537109375
631,initial,do,-7.041084289550781
632,initial,do,-7.2660298347473145
633,initial,do,-7.098662376403809
634,initial,do,-8.096489906311035
635,initial,do,-7.6274261474609375
636,initial,do,-8.907185554504395
637,initial,do,-7.041084289550781
638,initial,do,-8.695667266845703
639,initial,do,-7.932412624359131
640,initial,do,-8.671307563781738
641,initial,do,-7.953670501708984
642,initial,do,-9.010393142700195
643,initial,do,-8.719743728637695
644,initial,do,-7.0764479637146
645,initial,do,-8.13316822052002
646,initial,do,-7.835303783416748
647,initial,do,-8.412449836730957
648,initial,do,-8.296704292297363
649,initial,do,-7.99913215637207
650,initial,do,-8.928605079650879
651,initial,do,-8.831070899963379
652,initial,do,-8.91193675994873
653,initial,do,-8.921252250671387
654,initial,do,-7.616094589233398
655,initial,do,-7.80390739440918
656,initial,do,-8.478771209716797
657,initial,do,-7.008523941040039
658,initial,do,-7.041085243225098
659,initial,do,-8.411249160766602
660,initial,do,-8.687235832214355
661,initial,do,-7.726808547973633
662,initial,pp,-7.743948936462402
663,initial,pp,-6.622832775115967
664,initial,pp,-7.098827362060547
665,initial,pp,-7.750709533691406
666,initial,pp,-8.117876052856445
667,initial,pp,-7.741494178771973
668,initial,pp,-8.042777061462402
669,initial,pp,-8.401371955871582
670,initial,pp,-7.919865608215332
671,initial,pp,-8.70831298828125
672,initial,pp,-7.61325740814209
673,initial,pp,-6.0811381340026855
674,initial,pp,-7.173255920410156
675,initial,pp,-6.660828113555908
676,initial,pp,-6.834287166595459
677,initial,pp,-8.074254989624023
678,initial,pp,-6.9903364181518555
679,initial,pp,-8.60116195678711
680,initial,pp,-7.173255920410156
681,initial,pp,-8.126616477966309
682,initial,do,-9.579931259155273
683,initial,do,-10.431469917297363
684,initial,do,-8.48376178741455
685,initial,do,-7.17104434967041
686,initial,do,-9.458287239074707
687,initial,do,-8.83896541595459
688,initial,do,-9.634387016296387
689,initial,do,-10.579564094543457
690,initial,do,-7.0232415199279785
691,initial,do,-8.772537231445312
692,initial,do,-7.524133682250977
693,initial,do,-9.011985778808594
694,initial,do,-7.047244548797607
695,initial,do,-8.576839447021484
696,initial,do,-10.796019554138184
697,initial,do,-8.844149589538574
698,initial,do,-8.504520416259766
699,initial,do,-8.698613166809082
700,initial,do,-9.896998405456543
701,initial,do,-7.750946521759033
702,initial,do,-8.68253231048584
703,initial,do,-9.638360977172852
704,initial,do,-9.400103569030762
705,initial,do,-9.856075286865234
706,initial,do,-9.50623607635498
707,initial,do,-10.320779800415039
708,initial,do,-8.214831352233887
709,initial,do,-8.931550025939941
710,initial,do,-10.535676002502441
711,initial,do,-8.971806526184082
712,initial,do,-8.817267417907715
713,initial,do,-9.903284072875977
714,initial,do,-10.04266357421875
715,initial,do,-9.677873611450195
716,initial,do,-10.893816947937012
717,initial,do,-9.947142601013184
718,initial,do,-10.116666793823242
719,initial,do,-10.035394668579102
720,initial,do,-7.7806830406188965
721,initial,do,-9.425201416015625
722,initial,do,-8.045998573303223
723,initial,do,-8.752413749694824
724,initial,do,-8.475991249084473
725,initial,pp,-9.002341270446777
726,initial,pp,-9.719115257263184
727,initial,pp,-7.470252513885498
728,initial,pp,-6.8792805671691895
729,initial,pp,-8.867615699768066
730,initial,pp,-7.839345455169678
731,initial,pp,-9.239548683166504
732,initial,pp,-9.631333351135254
733,initial,pp,-7.137542247772217
734,initial,pp,-8.676870346069336
735,initial,pp,-7.149497032165527
736,initial,pp,-9.403794288635254
737,initial,pp,-7.245312213897705
738,initial,pp,-8.458145141601562
739,initial,pp,-9.990317344665527
740,initial,pp,-8.867097854614258
741,initial,pp,-7.821203708648682
742,initial,pp,-8.127832412719727
743,initial,pp,-9.269222259521484
744,initial,pp,-7.293476581573486
745,initial,pp,-6.8632493019104
746,initial,pp,-7.337850093841553
747,initial,pp,-7.571195602416992
748,initial,pp,-7.395265579223633
749,initial,pp,-7.838884353637695
750,initial,pp,-8.174633979797363
751,initial,pp,-8.31700325012207
752,initial,pp,-7.608874320983887
753,initial,pp,-7.181926250457764
754,initial,pp,-7.389883041381836
755,initial,pp,-7.036211967468262
756,initial,pp,-6.46118688583374
757,initial,pp,-7.548861026763916
758,initial,pp,-6.673427104949951
759,initial,pp,-7.482310771942139
760,initial,pp,-7.412853240966797
761,initial,pp,-9.005423545837402
762,initial,pp,-8.585944175720215
763,initial,pp,-6.581927299499512
764,initial,pp,-7.434564113616943
765,initial,pp,-7.519484519958496
766,initial,pp,-7.67440128326416
767,initial,pp,-8.054089546203613
768,initial,pp,-7.108884334564209
769,initial,pp,-8.598005294799805
770,initial,pp,-8.92910099029541
771,initial,pp,-8.02080249786377
772,initial,pp,-8.591692924499512
773,initial,pp,-7.6232075691223145
774,initial,pp,-6.618334770202637
775,initial,pp,-7.792811393737793
776,initial,pp,-7.182036399841309
777,initial,pp,-6.544334888458252
778,initial,pp,-7.814589977264404
779,initial,pp,-8.301852226257324
780,initial,pp,-8.092778205871582
781,initial,pp,-8.552835464477539
782,initial,pp,-7.063828945159912
783,initial,pp,-8.163175582885742
784,initial,pp,-8.193345069885254
785,initial,do,-6.827304840087891
786,initial,do,-6.2517476081848145
787,initial,do,-6.483256816864014
788,initial,do,-6.193874359130859
789,initial,do,-6.9372334480285645
790,initial,do,-5.858981609344482
791,initial,do,-6.06160306930542
792,initial,do,-6.584066390991211
793,initial,do,-8.019230842590332
794,initial,do,-7.485969066619873
795,initial,do,-6.111924648284912
796,initial,do,-5.898709774017334
797,initial,do,-6.425419330596924
798,initial,do,-8.0671968460083
799,initial,do,-6.071798801422119
800,initial,do,-5.581672191619873
801,initial,do,-7.376206398010254
802,initial,do,-6.528411865234375
803,initial,do,-8.30788516998291
804,initial,do,-8.131952285766602
805,initial,do,-7.990775108337402
806,initial,do,-5.879758834838867
807,initial,do,-7.367048740386963
808,initial,do,-8.389701843261719
809,initial,do,-6.498134136199951
810,initial,do,-5.768601894378662
811,initial,do,-6.72629451751709
812,initial,do,-6.792157173156738
813,initial,do,-6.7646989822387695
814,initial,do,-6.499156475067139
815,initial,do,-6.656041622161865
816,initial,do,-6.764343738555908
817,initial,do,-6.173994541168213
818,initial,do,-5.4883623123168945
819,initial,do,-7.301556587219238
820,initial,do,-5.581672191619873
821,initial,do,-8.579935073852539
822,initial,do,-6.721429824829102
823,initial,do,-6.646493434906006
824,initial,do,-7.714892864227295
825,initial,do,-7.428802490234375
826,initial,do,-6.874321937561035
827,initial,do,-8.085000991821289
828,initial,pp,-6.921180725097656
829,initial,pp,-6.446629047393799
830,initial,pp,-6.643251895904541
831,initial,pp,-6.343667984008789
832,initial,pp,-7.3121867179870605
833,initial,pp,-6.226253032684326
834,initial,pp,-6.181619644165039
835,initial,pp,-6.465415954589844
836,initial,pp,-8.315611839294434
837,initial,pp,-7.417782783508301
838,initial,pp,-6.14054012298584
839,initial,pp,-5.942687034606934
840,initial,pp,-6.632319927215576
841,initial,pp,-7.638380527496338
842,initial,pp,-5.991425514221191
843,initial,pp,-5.587009906768799
844,initial,pp,-7.239999294281006
845,initial,pp,-6.261476039886475
846,initial,pp,-8.054764747619629
847,initial,pp,-7.533761024475098
848,initial,do,-6.387998580932617
849,initial,do,-6.805334568023682
850,initial,do,-6.380336284637451
851,initial,do,-8.594948768615723
852,initial,do,-6.344222545623779
853,initial,do,-7.703942775726318
854,initial,do,-6.733705520629883
855,initial,do,-5.852127552032471
856,initial,do,-6.478569984436035
857,initial,do,-7.144865989685059
858,initial,do,-7.877169132232666
859,initial,do,-5.810808181762695
860,initial,do,-7.2421183586120605
861,initial,do,-5.450808048248291
862,initial,do,-5.622199535369873
863,initial,do,-5.674808979034424
864,initial,do,-6.5142822265625
865,initial,do,-8.046934127807617
866,initial,do,-5.63868522644043
867,initial,do,-6.3817267417907715
868,initial,do,-6.932114601135254
869,initial,do,-6.194404125213623
870,initial,do,-8.584982872009277
871,initial,do,-6.22098445892334
872,initial,do,-6.356078624725342
873,initial,do,-6.736279010772705
874,initial,do,-6.478570938110352
875,initial,do,-6.647678375244141
876,initial,do,-6.528850555419922
877,initial,do,-7.44104528427124
878,initial,do,-6.605249881744385
879,initial,do,-5.315486907958984
880,initial,do,-8.563140869140625
881,initial,do,-7.2973313331604
882,initial,do,-6.900506496429443
883,initial,do,-7.474249362945557
884,initial,do,-6.387998580932617
885,initial,do,-6.641561508178711
886,initial,do,-6.226681709289551
887,initial,do,-7.162478446960449
888,initial,do,-8.378579139709473
889,initial,do,-7.4916229248046875
890,initial,do,-6.400705337524414
891,initial,pp,-6.504365921020508
892,initial,pp,-6.593448638916016
893,initial,pp,-6.510124206542969
894,initial,pp,-7.9831647872924805
895,initial,pp,-6.1673784255981445
896,initial,pp,-7.199759483337402
897,initial,pp,-6.470716953277588
898,initial,pp,-5.769644260406494
899,initial,pp,-6.459861755371094
900,initial,pp,-6.885730743408203
901,initial,pp,-7.528345108032227
902,initial,pp,-5.899530410766602
903,initial,pp,-7.036711692810059
904,initial,pp,-5.624155521392822
905,initial,pp,-6.0149359703063965
906,initial,pp,-5.959792137145996
907,initial,pp,-6.507489204406738
908,initial,pp,-7.95014762878418
909,initial,pp,-5.612696170806885
910,initial,pp,-6.270814418792725
911,initial,do,-6.9034104347229
912,initial,do,-6.62337064743042
913,initial,do,-6.811637878417969
914,initial,do,-6.956900596618652
915,initial,do,-6.329196453094482
916,initial,do,-6.435571193695068
917,initial,do,-6.9806623458862305
918,initial,do,-7.829622268676758
919,initial,do,-7.056013107299805
920,initial,do,-6.939291000366211
921,initial,do,-6.678405284881592
922,initial,do,-6.547708034515381
923,initial,do,-7.441214561462402
924,initial,do,-6.959036350250244
925,initial,do,-6.645532608032227
926,initial,do,-7.490928649902344
927,initial,do,-7.5763983726501465
928,initial,do,-7.23067045211792
929,initial,do,-6.034865856170654
930,initial,do,-5.975247383117676
931,initial,do,-7.240375995635986
932,initial,do,-6.266587257385254
933,initial,do,-6.887723445892334
934,initial,do,-5.945745944976807
935,initial,do,-6.991022109985352
936,initial,do,-7.248176574707031
937,initial,do,-6.220867156982422
938,initial,do,-6.388365268707275
939,initial,do,-8.16751480102539
940,initial,do,-6.404013156890869
941,initial,do,-6.892416954040527
942,initial,do,-7.748110294342041
943,initial,do,-6.574999809265137
944,initial,do,-6.7614850997924805
945,initial,do,-6.625779628753662
946,initial,do,-8.287931442260742
947,initial,do,-7.23606538772583
948,initial,do,-6.857854843139648
949,initial,do,-6.939291000366211
950,initial,do,-7.0092692375183105
951,initial,do,-8.184009552001953
952,initial,do,-6.577477931976318
953,initial,do,-7.88621187210083
954,initial,pp,-7.070306301116943
955,initial,pp,-6.598700046539307
956,initial,pp,-6.695367813110352
957,initial,pp,-7.097395896911621
958,initial,pp,-6.468673229217529
959,initial,pp,-6.621586322784424
960,initial,pp,-7.246145248413086
961,initial,pp,-7.719328880310059
962,initial,pp,-6.938144683837891
963,initial,pp,-7.134152889251709
964,initial,pp,-6.910791397094727
965,initial,pp,-6.607223987579346
966,initial,pp,-7.627662658691406
967,initial,pp,-6.758813858032227
968,initial,pp,-6.794107437133789
969,initial,pp,-7.488014221191406
970,initial,pp,-7.505733489990234
971,initial,pp,-7.349124431610107
972,initial,pp,-6.182413578033447
973,initial,pp,-6.112547397613525
974,initial,do,-7.543312072753906
975,initial,do,-7.392942905426025
976,initial,do,-9.087736129760742
977,initial,do,-7.937571048736572
978,initial,do,-7.092298984527588
979,initial,do,-6.750672340393066
980,initial,do,-8.148868560791016
981,initial,do,-6.019811153411865
982,initial,do,-7.52096700668335
983,initial,do,-6.7594780921936035
984,initial,do,-7.19706392288208
985,initial,do,-8.326773643493652
986,initial,do,-8.022236824035645
987,initial,do,-7.310879230499268
988,initial,do,-8.986863136291504
989,initial,do,-8.291521072387695
990,initial,do,-8.687535285949707
991,initial,do,-7.084499359130859
992,initial,do,-6.838388442993164
993,initial,do,-6.834720134735107
994,initial,do,-6.60011625289917
995,initial,do,-8.477651596069336
996,initial,do,-7.362834930419922
997,initial,do,-7.34277868270874
998,initial,do,-7.287084102630615
999,initial,do,-6.282599925994873
1000,initial,do,-7.038332462310791
1001,initial,do,-6.0535125732421875
1002,initial,do,-7.2848029136657715
1003,initial,do,-6.834720134735107
1004,initial,do,-7.353580474853516
1005,initial,do,-6.424224853515625
1006,initial,do,-8.639145851135254
1007,initial,do,-6.747117042541504
1008,initial,do,-7.335471153259277
1009,initial,do,-6.794347763061523
1010,initial,do,-6.932240962982178
1011,initial,do,-7.806057453155518
1012,initial,do,-7.573631286621094
1013,initial,do,-7.472038269042969
1014,initial,do,-7.573631286621094
1015,initial,do,-6.5274128913879395
1016,initial,do,-6.22601318359375
1017,initial,pp,-7.518678188323975
1018,initial,pp,-7.298535346984863
1019,initial,pp,-9.197393417358398
1020,initial,pp,-7.67415189743042
1021,initial,pp,-7.088522911071777
1022,initial,pp,-6.461888790130615
1023,initial,pp,-7.713606834411621
1024,initial,pp,-6.133238792419434
1025,initial,pp,-7.027336597442627
1026,initial,pp,-6.691821098327637
1027,initial,pp,-7.502962589263916
1028,initial,pp,-8.117637634277344
1029,initial,pp,-8.514575958251953
1030,initial,pp,-7.099039077758789
1031,initial,pp,-8.666979789733887
1032,initial,pp,-8.458495140075684
1033,initial,pp,-8.415023803710938
1034,initial,pp,-6.552709579467773
1035,initial,pp,-6.574649810791016
1036,initial,pp,-7.057816505432129
1037,initial,pp,-6.745833873748779
1038,initial,pp,-6.165246963500977
1039,initial,pp,-7.194946765899658
1040,initial,pp,-7.150622367858887
1041,initial,pp,-6.004569053649902
1042,initial,pp,-7.024928569793701
1043,initial,pp,-7.888149261474609
1044,initial,pp,-5.367854595184326
1045,initial,pp,-6.579870700836182
1046,initial,pp,-6.065254211425781
1047,initial,pp,-7.998870849609375
1048,initial,pp,-5.745123863220215
1049,initial,pp,-6.279506206512451
1050,initial,pp,-5.672982215881348
1051,initial,pp,-5.54262113571167
1052,initial,pp,-6.798115253448486
1053,initial,pp,-6.7748122215271
1054,initial,pp,-6.523732662200928
1055,initial,pp,-5.422536373138428
1056,initial,pp,-6.0696330070495605
1057,initial,pp,-6.415525913238525
1058,initial,pp,-6.216664791107178
1059,initial,pp,-7.326567649841309
1060,initial,pp,-5.803134918212891
1061,initial,pp,-6.548779487609863
1062,initial,pp,-6.611912250518799
1063,initial,pp,-5.775108337402344
1064,initial,pp,-6.884306907653809
1065,initial,pp,-6.148708820343018
1066,initial,pp,-6.653420925140381
1067,initial,pp,-6.980453968048096
1068,initial,pp,-5.722878932952881
1069,initial,pp,-6.288267135620117
1070,initial,pp,-6.501150131225586
1071,initial,pp,-6.448715686798096
1072,initial,pp,-6.221377372741699
1073,initial,pp,-6.04762601852417
1074,initial,pp,-6.127073287963867
1075,initial,pp,-5.8746113777160645
1076,initial,pp,-8.019652366638184
1077,initial,do,-8.15246295928955
1078,initial,do,-8.246912956237793
1079,initial,do,-8.847392082214355
1080,initial,do,-7.701303005218506
1081,initial,do,-7.115849018096924
1082,initial,do,-8.180495262145996
1083,initial,do,-8.04025650024414
1084,initial,do,-8.223203659057617
1085,initial,do,-7.423227787017822
1086,initial,do,-7.527435779571533
1087,initial,do,-8.023467063903809
1088,initial,do,-7.486021041870117
1089,initial,do,-8.399288177490234
1090,initial,do,-8.611032485961914
1091,initial,do,-8.502615928649902
1092,initial,do,-7.8574700355529785
1093,initial,do,-8.200691223144531
1094,initial,do,-7.818125247955322
1095,initial,do,-6.875433921813965
1096,initial,do,-8.135214805603027
1097,initial,do,-8.482665061950684
1098,initial,do,-8.48056411743164
1099,initial,do,-8.690056800842285
1100,initial,do,-8.680527687072754
1101,initial,do,-8.444280624389648
1102,initial,do,-8.374402046203613
1103,initial,do,-7.891542434692383
1104,initial,do,-7.521043300628662
1105,initial,do,-8.049363136291504
1106,initial,do,-7.515972137451172
1107,initial,do,-8.48056411743164
1108,initial,do,-8.942526817321777
1109,initial,do,-6.526363849639893
1110,initial,do,-8.368280410766602
1111,initial,do,-7.17767333984375
1112,initial,do,-7.365701198577881
1113,initial,do,-8.091378211975098
1114,initial,do,-7.104150295257568
1115,initial,do,-7.950723171234131
1116,initial,do,-8.369233131408691
1117,initial,do,-8.421046257019043
1118,initial,do,-8.681646347045898
1119,initial,do,-6.8443427085876465
1120,initial,pp,-7.6779632568359375
1121,initial,pp,-7.881121635437012
1122,initial,pp,-8.696401596069336
1123,initial,pp,-7.098090648651123
1124,initial,pp,-6.749459266662598
1125,initial,pp,-7.699260234832764
1126,initial,pp,-7.352973937988281
1127,initial,pp,-7.789820194244385
1128,initial,pp,-7.06508731842041
1129,initial,pp,-6.722151756286621
1130,initial,pp,-7.094178199768066
1131,initial,pp,-7.0525288581848145
1132,initial,pp,-7.91963529586792
1133,initial,pp,-8.21871280670166
1134,initial,pp,-7.743342399597168
1135,initial,pp,-7.223511695861816
1136,initial,pp,-7.581717491149902
1137,initial,pp,-7.189675331115723
1138,initial,pp,-6.9451212882995605
1139,initial,pp,-7.444937229156494
1140,initial,do,-8.614214897155762
1141,initial,do,-8.242025375366211
1142,initial,do,-6.350225925445557
1143,initial,do,-8.288508415222168
1144,initial,do,-7.1534953117370605
1145,initial,do,-7.638469696044922
1146,initial,do,-8.614214897155762
1147,initial,do,-8.755675315856934
1148,initial,do,-8.542290687561035
1149,initial,do,-7.5721001625061035
1150,initial,do,-7.772496700286865
1151,initial,do,-9.073987007141113
1152,initial,do,-8.321554183959961
1153,initial,do,-8.6559476852417
1154,initial,do,-7.890401363372803
1155,initial,do,-7.279038906097412
1156,initial,do,-7.839905261993408
1157,initial,do,-7.066227912902832
1158,initial,do,-8.089975357055664
1159,initial,do,-8.175820350646973
1160,initial,do,-8.89357852935791
1161,initial,do,-6.926845550537109
1162,initial,do,-7.016538619995117
1163,initial,do,-6.497034549713135
1164,initial,do,-8.242025375366211
1165,initial,do,-7.3258137702941895
1166,initial,do,-8.445008277893066
1167,initial,do,-7.725405693054199
1168,initial,do,-8.524824142456055
1169,initial,do,-7.9565534591674805
1170,initial,do,-6.841246128082275
1171,initial,do,-7.955183506011963
1172,initial,do,-7.839905261993408
1173,initial,do,-8.901114463806152
1174,initial,do,-7.646114826202393
1175,initial,do,-7.646114826202393
1176,initial,do,-8.781929016113281
1177,initial,do,-9.04183578491211
1178,initial,do,-7.4280924797058105
1179,initial,do,-7.279038906097412
1180,initial,do,-7.016538619995117
1181,initial,do,-8.217082023620605
1182,initial,do,-7.725405693054199
1183,initial,pp,-8.193259239196777
1184,initial,pp,-7.731390953063965
1185,initial,pp,-6.168148040771484
1186,initial,pp,-7.362821102142334
1187,initial,pp,-6.890366554260254
1188,initial,pp,-7.050942420959473
1189,initial,pp,-8.193259239196777
1190,initial,pp,-8.120569229125977
1191,initial,pp,-7.728999137878418
1192,initial,pp,-6.675652503967285
1193,initial,pp,-7.598058223724365
1194,initial,pp,-8.646465301513672
1195,initial,pp,-7.226954936981201
1196,initial,pp,-7.94789457321167
1197,initial,pp,-7.0894317626953125
1198,initial,pp,-6.634757041931152
1199,initial,pp,-7.243659973144531
1200,initial,pp,-6.916378498077393
1201,initial,pp,-7.663494110107422
1202,initial,pp,-7.509926795959473
1203,initial,do,-9.052492141723633
1204,initial,do,-7.696526527404785
1205,initial,do,-8.161866188049316
1206,initial,do,-8.207534790039062
1207,initial,do,-7.515919208526611
1208,initial,do,-6.438587188720703
1209,initial,do,-8.007686614990234
1210,initial,do,-7.427948951721191
1211,initial,do,-6.863798141479492
1212,initial,do,-6.835475921630859
1213,initial,do,-8.365448951721191
1214,initial,do,-7.611234188079834
1215,initial,do,-7.072225570678711
1216,initial,do,-8.021016120910645
1217,initial,do,-8.068215370178223
1218,initial,do,-6.9779815673828125
1219,initial,do,-7.951601505279541
1220,initial,do,-7.841533660888672
1221,initial,do,-7.533869743347168
1222,initial,do,-6.687843322753906
1223,initial,do,-8.434179306030273
1224,initial,do,-8.246137619018555
1225,initial,do,-8.998644828796387
1226,initial,do,-7.405993461608887
1227,initial,do,-8.865493774414062
1228,initial,do,-7.976834297180176
1229,initial,do,-8.336057662963867
1230,initial,do,-7.823238372802734
1231,initial,do,-7.125541687011719
1232,initial,do,-7.9508562088012695
1233,initial,do,-7.4563093185424805
1234,initial,do,-6.811923027038574
1235,initial,do,-6.5554351806640625
1236,initial,do,-7.320481300354004
1237,initial,do,-7.637526512145996
1238,initial,do,-8.130546569824219
1239,initial,do,-6.8712158203125
1240,initial,do,-8.508252143859863
1241,initial,do,-8.292603492736816
1242,initial,do,-6.107438087463379
1243,initial,do,-7.388493537902832
1244,initial,do,-8.846328735351562
1245,initial,do,-8.397846221923828
1246,initial,pp,-8.43609619140625
1247,initial,pp,-6.968699932098389
1248,initial,pp,-7.975096702575684
1249,initial,pp,-7.731545448303223
1250,initial,pp,-7.117828369140625
1251,initial,pp,-5.959678649902344
1252,initial,pp,-7.585783958435059
1253,initial,pp,-6.912162780761719
1254,initial,pp,-6.678304195404053
1255,initial,pp,-6.543377876281738
1256,initial,pp,-7.86676025390625
1257,initial,pp,-7.342986106872559
1258,initial,pp,-6.920215606689453
1259,initial,pp,-7.3033294677734375
1260,initial,pp,-7.918069839477539
1261,initial,pp,-6.701470851898193
1262,initial,pp,-7.384422302246094
1263,initial,pp,-7.334941387176514
1264,initial,pp,-7.2625651359558105
1265,initial,pp,-6.445343494415283
1266,initial,do,-7.769428730010986
1267,initial,do,-7.826653957366943
1268,initial,do,-7.754444599151611
1269,initial,do,-8.129652976989746
1270,initial,do,-6.945858478546143
1271,initial,do,-9.082197189331055
1272,initial,do,-9.898073196411133
1273,initial,do,-8.94022274017334
1274,initial,do,-6.895174503326416
1275,initial,do,-8.449472427368164
1276,initial,do,-9.00997257232666
1277,initial,do,-7.683255672454834
1278,initial,do,-9.093853950500488
1279,initial,do,-9.346802711486816
1280,initial,do,-8.09362506866455
1281,initial,do,-9.63902759552002
1282,initial,do,-8.882163047790527
1283,initial,do,-8.584250450134277
1284,initial,do,-7.640446662902832
1285,initial,do,-8.579147338867188
1286,initial,do,-6.271633148193359
1287,initial,do,-9.129215240478516
1288,initial,do,-8.89118480682373
1289,initial,do,-8.74830436706543
1290,initial,do,-8.912803649902344
1291,initial,do,-8.192822456359863
1292,initial,do,-8.581372261047363
1293,initial,do,-9.544495582580566
1294,initial,do,-9.030146598815918
1295,initial,do,-9.220303535461426
1296,initial,do,-7.735838413238525
1297,initial,do,-9.086644172668457
1298,initial,do,-8.495837211608887
1299,initial,do,-6.7485551834106445
1300,initial,do,-8.22839641571045
1301,initial,do,-9.013533592224121
1302,initial,do,-8.567761421203613
1303,initial,do,-7.590437889099121
1304,initial,do,-7.512253284454346
1305,initial,do,-9.561579704284668
1306,initial,do,-9.410103797912598
1307,initial,do,-6.807530403137207
1308,initial,do,-8.985156059265137
1309,initial,pp,-7.211012840270996
1310,initial,pp,-6.709622383117676
1311,initial,pp,-7.249187469482422
1312,initial,pp,-7.146168231964111
1313,initial,pp,-5.872258186340332
1314,initial,pp,-8.275062561035156
1315,initial,pp,-9.771384239196777
1316,initial,pp,-9.249107360839844
1317,initial,pp,-6.045892715454102
1318,initial,pp,-8.263043403625488
1319,initial,pp,-8.714994430541992
1320,initial,pp,-7.149306774139404
1321,initial,pp,-9.17056941986084
1322,initial,pp,-8.164210319519043
1323,initial,pp,-8.067763328552246
1324,initial,pp,-8.523398399353027
1325,initial,pp,-7.608590126037598
1326,initial,pp,-8.847533226013184
1327,initial,pp,-6.910744667053223
1328,initial,pp,-8.535344123840332
1329,initial,pp,-6.367295265197754
1330,initial,pp,-6.075249195098877
1331,initial,pp,-7.71013879776001
1332,initial,pp,-7.3715667724609375
1333,initial,pp,-7.856149673461914
1334,initial,pp,-6.357229232788086
1335,initial,pp,-5.829831123352051
1336,initial,pp,-5.607433319091797
1337,initial,pp,-6.5774641036987305
1338,initial,pp,-6.820240020751953
1339,initial,pp,-6.238948822021484
1340,initial,pp,-7.350152015686035
1341,initial,pp,-7.268435955047607
1342,initial,pp,-7.887948989868164
1343,initial,pp,-8.220620155334473
1344,initial,pp,-7.007297515869141
1345,initial,pp,-7.890537738800049
1346,initial,pp,-5.912318229675293
1347,initial,pp,-7.652064800262451
1348,initial,pp,-6.761077404022217
1349,initial,pp,-6.493743419647217
1350,initial,pp,-7.044111251831055
1351,initial,pp,-7.0528364181518555
1352,initial,pp,-7.074734687805176
1353,initial,pp,-7.0271148681640625
1354,initial,pp,-5.803786277770996
1355,initial,pp,-6.2485456466674805
1356,initial,pp,-6.358067512512207
1357,initial,pp,-6.982778549194336
1358,initial,pp,-6.924896240234375
1359,initial,pp,-6.827168941497803
1360,initial,pp,-7.489997386932373
1361,initial,pp,-5.723781585693359
1362,initial,pp,-6.874064922332764
1363,initial,pp,-6.849855899810791
1364,initial,pp,-6.48259162902832
1365,initial,pp,-7.664288520812988
1366,initial,pp,-7.130831718444824
1367,initial,pp,-6.033087253570557
1368,initial,pp,-6.4569220542907715
1,final,pp,-4.755668640136719
2,final,pp,-4.692811489105225
3,final,pp,-4.19190788269043
4,final,pp,-4.667155742645264
5,final,pp,-4.541186332702637
6,final,pp,-4.196047306060791
7,final,pp,-4.244502544403076
8,final,pp,-3.4630203247070312
9,final,pp,-2.709136962890625
10,final,pp,-3.9664669036865234
11,final,pp,-5.094485282897949
12,final,pp,-4.080140113830566
13,final,pp,-4.126763343811035
14,final,pp,-3.8658993244171143
15,final,pp,-4.192788600921631
16,final,pp,-3.4630203247070312
17,final,pp,-4.345773220062256
18,final,pp,-4.176311492919922
19,final,pp,-5.227217197418213
20,final,pp,-3.7048161029815674
21,final,pp,-4.150909900665283
22,final,pp,-5.3406572341918945
23,final,pp,-4.359480857849121
24,final,pp,-4.947718143463135
25,final,pp,-4.739376068115234
26,final,pp,-4.679958343505859
27,final,pp,-4.209811210632324
28,final,pp,-4.394166469573975
29,final,pp,-4.55509614944458
30,final,pp,-4.5279154777526855
31,final,pp,-4.6642165184021
32,final,pp,-4.947718143463135
33,final,pp,-4.814455032348633
34,final,pp,-5.033674716949463
35,final,pp,-4.434319019317627
36,final,pp,-4.824571132659912
37,final,pp,-4.55509614944458
38,final,pp,-3.649888277053833
39,final,pp,-5.385822772979736
40,final,pp,-5.025286674499512
41,final,pp,-4.700723648071289
42,final,pp,-4.432763576507568
43,final,pp,-4.169799327850342
44,final,pp,-5.026246547698975
45,final,pp,-5.878374099731445
46,final,pp,-4.679718971252441
47,final,pp,-5.873751163482666
48,final,pp,-4.560427665710449
49,final,pp,-4.61390495300293
50,final,pp,-4.969433307647705
51,final,pp,-5.112063884735107
52,final,pp,-5.253165245056152
53,final,pp,-5.093935012817383
54,final,pp,-5.141446113586426
55,final,pp,-4.743474006652832
56,final,pp,-4.364833354949951
57,final,pp,-4.990314960479736
58,final,pp,-4.893149375915527
59,final,pp,-4.658172130584717
60,final,pp,-4.920790672302246
61,final,pp,-4.422006130218506
62,final,pp,-4.668259620666504
63,final,pp,-6.003221035003662
64,final,pp,-4.979112148284912
65,final,pp,-6.005448341369629
66,final,pp,-5.974729537963867
67,final,pp,-5.050600051879883
68,final,pp,-5.438259124755859
69,final,pp,-5.514151096343994
70,final,pp,-5.513341426849365
71,final,pp,-4.349496364593506
72,final,pp,-4.748042583465576
73,final,pp,-5.044588088989258
74,final,pp,-5.987833499908447
75,final,pp,-4.012903213500977
76,final,pp,-4.12573766708374
77,final,pp,-5.3589019775390625
78,final,pp,-3.8953678607940674
79,final,pp,-4.094973087310791
80,final,pp,-5.649117946624756
81,final,pp,-5.454584121704102
82,final,pp,-4.648964881896973
83,final,pp,-5.22562313079834
84,final,pp,-4.49879264831543
85,final,pp,-4.648964881896973
86,final,pp,-4.571026802062988
87,final,pp,-5.229605674743652
88,final,pp,-4.132165431976318
89,final,pp,-4.876009941101074
90,final,pp,-4.262667655944824
91,final,pp,-4.112580299377441
92,final,pp,-5.753530502319336
93,final,pp,-4.7598724365234375
94,final,pp,-4.175329208374023
95,final,pp,-4.140464782714844
96,final,pp,-4.650416374206543
97,final,pp,-5.39300012588501
98,final,pp,-5.4287543296813965
99,final,pp,-5.0776801109313965
100,final,pp,-5.392916679382324
101,final,pp,-5.002797603607178
102,final,pp,-4.446807861328125
103,final,pp,-4.040544033050537
104,final,pp,-3.9345614910125732
105,final,pp,-4.908618450164795
106,final,pp,-4.553295612335205
107,final,pp,-3.8526415824890137
108,final,pp,-4.861523151397705
109,final,pp,-4.874576568603516
110,final,pp,-5.068943500518799
111,final,pp,-4.724875450134277
112,final,pp,-4.276851654052734
113,final,pp,-4.2800445556640625
114,final,pp,-5.411069869995117
115,final,pp,-4.320781230926514
116,final,pp,-3.8940415382385254
117,final,pp,-4.4816813468933105
118,final,pp,-5.391885757446289
119,final,pp,-4.696604251861572
120,final,pp,-4.6284027099609375
121,final,pp,-3.578427314758301
122,final,pp,-4.200937271118164
123,final,pp,-5.110114097595215
124,final,pp,-4.426139831542969
125,final,pp,-4.187921047210693
126,final,pp,-4.475044250488281
127,final,pp,-2.843918561935425
128,final,pp,-5.196503639221191
129,final,pp,-3.640568494796753
130,final,pp,-3.2147293090820312
131,final,pp,-3.640568494796753
132,final,pp,-4.200936794281006
133,final,pp,-4.424072742462158
134,final,pp,-3.234191656112671
135,final,pp,-4.200936794281006
136,final,pp,-4.475045680999756
137,final,pp,-4.003108501434326
138,final,pp,-3.812613010406494
139,final,pp,-4.7801899909973145
140,final,pp,-3.788141965866089
141,final,pp,-4.6294121742248535
142,final,pp,-4.565497398376465
143,final,pp,-4.900980472564697
144,final,pp,-5.025275230407715
145,final,pp,-4.547793388366699
146,final,pp,-4.704593181610107
147,final,pp,-4.884218215942383
148,final,pp,-5.383840084075928
149,final,pp,-4.734498023986816
150,final,pp,-4.507315635681152
151,final,pp,-5.535027980804443
152,final,pp,-4.71121883392334
153,final,pp,-4.512491703033447
154,final,pp,-4.708327293395996
155,final,pp,-4.2931952476501465
156,final,pp,-5.242375373840332
157,final,pp,-4.995822906494141
158,final,pp,-4.916165351867676
159,final,pp,-5.302286148071289
160,final,pp,-5.496301651000977
161,final,pp,-5.473365783691406
162,final,pp,-4.189628601074219
163,final,pp,-4.558312892913818
164,final,pp,-4.08898401260376
165,final,pp,-3.782773971557617
166,final,pp,-4.048731803894043
167,final,pp,-5.803027629852295
168,final,pp,-5.4543986320495605
169,final,pp,-4.270058631896973
170,final,pp,-5.25182580947876
171,final,pp,-4.558312892913818
172,final,pp,-3.8345115184783936
173,final,pp,-4.86998987197876
174,final,pp,-5.398054599761963
175,final,pp,-3.868643045425415
176,final,pp,-3.782773971557617
177,final,pp,-5.5444722175598145
178,final,pp,-5.750607013702393
179,final,pp,-4.142178058624268
180,final,pp,-5.5314106941223145
181,final,pp,-4.220610618591309
182,final,pp,-4.582773208618164
183,final,pp,-4.557366847991943
184,final,pp,-5.439478397369385
185,final,pp,-4.980992317199707
186,final,pp,-4.723450660705566
187,final,pp,-4.6032586097717285
188,final,pp,-4.440341472625732
189,final,pp,-4.358158588409424
190,final,pp,-4.526462078094482
191,final,pp,-5.2297587394714355
192,final,pp,-4.708651065826416
193,final,pp,-4.325857639312744
194,final,pp,-4.38508415222168
195,final,pp,-4.46723747253418
196,final,pp,-4.008063316345215
197,final,pp,-4.6559529304504395
198,final,pp,-5.041348934173584
199,final,pp,-5.203508377075195
200,final,pp,-4.705417633056641
201,final,pp,-4.238160133361816
202,final,pp,-3.5010368824005127
203,final,pp,-4.82273530960083
204,final,pp,-4.40469217300415
205,final,pp,-5.26163387298584
206,final,pp,-4.026832580566406
207,final,pp,-4.756052494049072
208,final,pp,-4.809549331665039
209,final,pp,-4.436359882354736
210,final,pp,-3.883451223373413
211,final,pp,-4.039660930633545
212,final,pp,-5.24424934387207
213,final,pp,-4.259346008300781
214,final,pp,-4.656154155731201
215,final,pp,-4.739423751831055
216,final,pp,-3.97971510887146
217,final,pp,-4.672473430633545
218,final,pp,-4.07197380065918
219,final,pp,-4.036965847015381
220,final,pp,-4.11806058883667
221,final,do,-5.97238826751709
222,final,do,-5.4714813232421875
223,final,do,-4.912276268005371
224,final,do,-4.989187717437744
225,final,do,-4.858962535858154
226,final,do,-5.022690773010254
227,final,do,-5.119322776794434
228,final,do,-6.482551574707031
229,final,do,-6.576324939727783
230,final,do,-5.906219482421875
231,final,do,-5.690554618835449
232,final,do,-5.2946953773498535
233,final,do,-5.782955646514893
234,final,do,-6.482551574707031
235,final,do,-4.652951717376709
236,final,do,-5.006673336029053
237,final,do,-5.191966533660889
238,final,do,-4.6015520095825195
239,final,do,-5.6620306968688965
240,final,do,-5.635526657104492
241,final,do,-5.782955646514893
242,final,do,-4.492154598236084
243,final,do,-6.2581329345703125
244,final,do,-4.6015520095825195
245,final,do,-5.717336177825928
246,final,do,-5.829445838928223
247,final,do,-5.782357215881348
248,final,do,-4.785393714904785
249,final,do,-4.190024375915527
250,final,do,-4.555967330932617
251,final,do,-5.259635925292969
252,final,do,-6.123113632202148
253,final,do,-6.276961803436279
254,final,do,-5.484055519104004
255,final,do,-5.802864074707031
256,final,do,-4.929348945617676
257,final,do,-6.364542484283447
258,final,do,-5.484055519104004
259,final,do,-5.547244548797607
260,final,do,-5.259635925292969
261,final,do,-4.555967330932617
262,final,do,-5.275751113891602
263,final,do,-5.1351728439331055
264,final,pp,-5.506707668304443
265,final,pp,-5.424747467041016
266,final,pp,-4.716482639312744
267,final,pp,-4.789933204650879
268,final,pp,-4.452491760253906
269,final,pp,-4.711121559143066
270,final,pp,-4.773756980895996
271,final,pp,-6.039853096008301
272,final,pp,-6.0707011222839355
273,final,pp,-5.592610836029053
274,final,pp,-5.163461685180664
275,final,pp,-4.73517370223999
276,final,pp,-5.411479949951172
277,final,pp,-6.039853096008301
278,final,pp,-4.521661758422852
279,final,pp,-4.79521369934082
280,final,pp,-5.008627891540527
281,final,pp,-4.437643051147461
282,final,pp,-5.208696365356445
283,final,pp,-5.394476890563965
284,final,do,-5.635668754577637
285,final,do,-5.268677711486816
286,final,do,-7.125613212585449
287,final,do,-5.601295471191406
288,final,do,-5.171257972717285
289,final,do,-5.43958044052124
290,final,do,-5.882111072540283
291,final,do,-5.9130096435546875
292,final,do,-5.171257972717285
293,final,do,-5.265251636505127
294,final,do,-5.4082932472229
295,final,do,-5.54329776763916
296,final,do,-5.600689888000488
297,final,do,-5.900062561035156
298,final,do,-6.007779598236084
299,final,do,-5.18936824798584
300,final,do,-5.457584857940674
301,final,do,-5.517751693725586
302,final,do,-5.517403602600098
303,final,do,-6.006089210510254
304,final,do,-5.797354698181152
305,final,do,-5.882111072540283
306,final,do,-5.3437418937683105
307,final,do,-5.4215850830078125
308,final,do,-5.601295471191406
309,final,do,-6.1490325927734375
310,final,do,-5.297137260437012
311,final,do,-6.0795440673828125
312,final,do,-5.601295471191406
313,final,do,-6.733330249786377
314,final,do,-5.877040386199951
315,final,do,-6.252202033996582
316,final,do,-5.797572612762451
317,final,do,-6.625016689300537
318,final,do,-5.297137260437012
319,final,do,-5.517751693725586
320,final,do,-5.421310901641846
321,final,do,-6.150705814361572
322,final,do,-7.125612735748291
323,final,do,-6.111486911773682
324,final,do,-5.366199016571045
325,final,do,-5.89617919921875
326,final,do,-6.346193790435791
327,final,pp,-5.101253509521484
328,final,pp,-5.063823223114014
329,final,pp,-6.3590216636657715
330,final,pp,-4.771236896514893
331,final,pp,-4.830188751220703
332,final,pp,-4.980160236358643
333,final,pp,-5.523845672607422
334,final,pp,-5.5570969581604
335,final,pp,-4.830188751220703
336,final,pp,-4.8858208656311035
337,final,pp,-4.96359395980835
338,final,pp,-4.68907356262207
339,final,pp,-4.815792083740234
340,final,pp,-5.256256580352783
341,final,pp,-5.070221900939941
342,final,pp,-4.638789176940918
343,final,pp,-5.017327308654785
344,final,pp,-5.154539108276367
345,final,pp,-4.667830944061279
346,final,pp,-5.52164888381958
347,final,do,-6.470313549041748
348,final,do,-5.261272430419922
349,final,do,-5.522244930267334
350,final,do,-5.51469087600708
351,final,do,-6.238798141479492
352,final,do,-5.190353870391846
353,final,do,-5.831445693969727
354,final,do,-5.57546854019165
355,final,do,-6.120973110198975
356,final,do,-5.555882453918457
357,final,do,-5.999144554138184
358,final,do,-5.690585613250732
359,final,do,-6.0984392166137695
360,final,do,-5.354619979858398
361,final,do,-6.254196643829346
362,final,do,-6.355381965637207
363,final,do,-5.817086696624756
364,final,do,-6.874078750610352
365,final,do,-5.268252849578857
366,final,do,-6.066711902618408
367,final,do,-5.620110034942627
368,final,do,-5.932020664215088
369,final,do,-5.47315788269043
370,final,do,-4.811827659606934
371,final,do,-5.423597812652588
372,final,do,-6.524610996246338
373,final,do,-5.984082221984863
374,final,do,-5.915045261383057
375,final,do,-5.258925437927246
376,final,do,-5.8533172607421875
377,final,do,-5.924813747406006
378,final,do,-5.2759294509887695
379,final,do,-5.922904968261719
380,final,do,-5.336698532104492
381,final,do,-6.3319411277771
382,final,do,-5.507349967956543
383,final,do,-6.158566951751709
384,final,do,-5.423597812652588
385,final,do,-5.016050815582275
386,final,do,-5.98408317565918
387,final,do,-5.585268020629883
388,final,do,-5.66152811050415
389,final,do,-5.815145969390869
390,final,pp,-5.810794830322266
391,final,pp,-4.708214282989502
392,final,pp,-5.412242412567139
393,final,pp,-4.993295192718506
394,final,pp,-5.339142799377441
395,final,pp,-5.144952774047852
396,final,pp,-5.828946113586426
397,final,pp,-5.233279228210449
398,final,pp,-5.907350063323975
399,final,pp,-5.0993332862854
400,final,pp,-5.880178451538086
401,final,pp,-5.401991844177246
402,final,pp,-5.795674800872803
403,final,pp,-5.410916328430176
404,final,pp,-5.618588447570801
405,final,pp,-5.448538303375244
406,final,pp,-5.744117736816406
407,final,pp,-6.061854839324951
408,final,pp,-5.105599403381348
409,final,pp,-5.351135730743408
410,final,do,-6.288169860839844
411,final,do,-5.195923805236816
412,final,do,-5.296263694763184
413,final,do,-7.010310173034668
414,final,do,-7.577323913574219
415,final,do,-6.001003265380859
416,final,do,-6.246648788452148
417,final,do,-6.003113746643066
418,final,do,-5.934298038482666
419,final,do,-6.839364051818848
420,final,do,-6.496302604675293
421,final,do,-6.568245887756348
422,final,do,-6.621699810028076
423,final,do,-7.326100826263428
424,final,do,-5.627316474914551
425,final,do,-7.035416603088379
426,final,do,-5.321739673614502
427,final,do,-6.280073642730713
428,final,do,-6.221482753753662
429,final,do,-7.388009548187256
430,final,do,-6.7611284255981445
431,final,do,-5.866164207458496
432,final,do,-6.280073642730713
433,final,do,-5.6866326332092285
434,final,do,-6.349696636199951
435,final,do,-6.039643287658691
436,final,do,-6.766957759857178
437,final,do,-6.492607116699219
438,final,do,-6.399962902069092
439,final,do,-7.346017360687256
440,final,do,-7.197272777557373
441,final,do,-6.191299915313721
442,final,do,-6.356933116912842
443,final,do,-6.108156681060791
444,final,do,-6.2143659591674805
445,final,do,-6.254523754119873
446,final,do,-7.035416603088379
447,final,do,-7.018867492675781
448,final,do,-6.420629501342773
449,final,do,-5.303867816925049
450,final,do,-5.625706672668457
451,final,do,-6.477217674255371
452,final,do,-6.403293609619141
453,final,pp,-5.876672744750977
454,final,pp,-4.894465446472168
455,final,pp,-4.871767520904541
456,final,pp,-6.470874786376953
457,final,pp,-6.867916584014893
458,final,pp,-6.397669792175293
459,final,pp,-5.677732944488525
460,final,pp,-5.471926689147949
461,final,pp,-5.268551826477051
462,final,pp,-5.974187850952148
463,final,pp,-6.432501792907715
464,final,pp,-6.760156631469727
465,final,pp,-5.9765191078186035
466,final,pp,-6.5233378410339355
467,final,pp,-5.089258193969727
468,final,pp,-6.564024925231934
469,final,pp,-5.378599166870117
470,final,pp,-6.405773162841797
471,final,pp,-6.46513557434082
472,final,pp,-6.259457588195801
473,final,pp,-5.84946346282959
474,final,pp,-6.036500930786133
475,final,pp,-5.761953353881836
476,final,pp,-5.368754863739014
477,final,pp,-5.132164001464844
478,final,pp,-5.89994478225708
479,final,pp,-4.984103679656982
480,final,pp,-5.966504096984863
481,final,pp,-5.578707218170166
482,final,pp,-5.316229343414307
483,final,pp,-5.202495574951172
484,final,pp,-6.17300271987915
485,final,pp,-5.779749393463135
486,final,pp,-5.0673723220825195
487,final,pp,-5.742509841918945
488,final,pp,-5.455484390258789
489,final,pp,-4.525961875915527
490,final,pp,-6.380686283111572
491,final,pp,-5.366702556610107
492,final,pp,-5.484886169433594
493,final,do,-7.27439546585083
494,final,do,-6.199000835418701
495,final,do,-5.445220947265625
496,final,do,-5.456131935119629
497,final,do,-7.281883239746094
498,final,do,-5.044355869293213
499,final,do,-6.821170806884766
500,final,do,-6.626595497131348
501,final,do,-4.958736419677734
502,final,do,-6.040820598602295
503,final,do,-6.785957336425781
504,final,do,-5.395773410797119
505,final,do,-6.066525459289551
506,final,do,-5.3551411628723145
507,final,do,-6.299801826477051
508,final,do,-5.61650276184082
509,final,do,-6.226454257965088
510,final,do,-6.9561920166015625
511,final,do,-4.873305797576904
512,final,do,-7.745855808258057
513,final,do,-6.280132293701172
514,final,do,-5.451770782470703
515,final,do,-5.606290340423584
516,final,do,-6.031023979187012
517,final,do,-4.546514511108398
518,final,do,-6.02947473526001
519,final,do,-7.282763481140137
520,final,do,-5.731076717376709
521,final,do,-6.234706878662109
522,final,do,-5.7416205406188965
523,final,do,-5.5557451248168945
524,final,do,-4.920928955078125
525,final,do,-6.5692620277404785
526,final,do,-7.4331841468811035
527,final,do,-4.615324974060059
528,final,do,-6.497332572937012
529,final,do,-6.497332572937012
530,final,do,-6.627350807189941
531,final,do,-6.037920951843262
532,final,do,-5.373264789581299
533,final,do,-7.180797576904297
534,final,do,-6.2887864112854
535,final,do,-4.4373393058776855
536,final,pp,-6.360581398010254
537,final,pp,-5.702424049377441
538,final,pp,-4.086528778076172
539,final,pp,-4.445231914520264
540,final,pp,-5.841838836669922
541,final,pp,-4.303380489349365
542,final,pp,-5.356486797332764
543,final,pp,-4.985703945159912
544,final,pp,-4.62143611907959
545,final,pp,-4.90119743347168
546,final,pp,-5.602177143096924
547,final,pp,-4.943077087402344
548,final,pp,-4.70628023147583
549,final,pp,-5.003112316131592
550,final,pp,-4.921985626220703
551,final,pp,-4.188239097595215
552,final,pp,-4.772517681121826
553,final,pp,-5.8662495613098145
554,final,pp,-4.227382183074951
555,final,pp,-6.200537204742432
556,final,do,-5.474964141845703
557,final,do,-6.182352066040039
558,final,do,-6.968379974365234
559,final,do,-6.131569862365723
560,final,do,-7.055246829986572
561,final,do,-5.4607415199279785
562,final,do,-6.426516532897949
563,final,do,-6.53269100189209
564,final,do,-6.182352066040039
565,final,do,-7.039305210113525
566,final,do,-4.454558849334717
567,final,do,-5.383331298828125
568,final,do,-5.9899725914001465
569,final,do,-6.058694362640381
570,final,do,-6.081012725830078
571,final,do,-6.05289888381958
572,final,do,-5.39829158782959
573,final,do,-6.734049320220947
574,final,do,-6.734049320220947
575,final,do,-6.528111457824707
576,final,do,-6.097981929779053
577,final,do,-6.1580705642700195
578,final,do,-5.39829158782959
579,final,do,-5.584609508514404
580,final,do,-4.8491740226745605
581,final,do,-5.9899725914001465
582,final,do,-6.853065490722656
583,final,do,-5.828005790710449
584,final,do,-4.698606014251709
585,final,do,-6.227509498596191
586,final,do,-5.717355728149414
587,final,do,-5.923934459686279
588,final,do,-5.828005790710449
589,final,do,-5.217080116271973
590,final,do,-6.804360389709473
591,final,do,-5.6271443367004395
592,final,do,-6.874581813812256
593,final,do,-5.6271443367004395
594,final,do,-7.445655822753906
595,final,do,-6.968379974365234
596,final,do,-6.5084686279296875
597,final,do,-5.9899725914001465
598,final,do,-7.039305210113525
599,final,pp,-4.897493839263916
600,final,pp,-4.9348344802856445
601,final,pp,-6.2768473625183105
602,final,pp,-4.914393901824951
603,final,pp,-5.871875286102295
604,final,pp,-4.921042442321777
605,final,pp,-6.025310516357422
606,final,pp,-5.262022018432617
607,final,pp,-4.9348344802856445
608,final,pp,-5.970338821411133
609,final,pp,-4.088561534881592
610,final,pp,-4.69943904876709
611,final,pp,-5.573827743530273
612,final,pp,-5.586984634399414
613,final,pp,-5.209075927734375
614,final,pp,-4.782850742340088
615,final,pp,-4.293869972229004
616,final,pp,-5.560057163238525
617,final,pp,-5.560057163238525
618,final,pp,-5.288205623626709
619,final,do,-6.297816276550293
620,final,do,-5.154804229736328
621,final,do,-6.761355876922607
622,final,do,-6.036166667938232
623,final,do,-6.3148064613342285
624,final,do,-5.5878071784973145
625,final,do,-7.065866470336914
626,final,do,-7.089008808135986
627,final,do,-6.040409564971924
628,final,do,-7.285525321960449
629,final,do,-6.692613124847412
630,final,do,-5.288015365600586
631,final,do,-6.002847194671631
632,final,do,-5.393437385559082
633,final,do,-6.079044818878174
634,final,do,-6.310667514801025
635,final,do,-5.594923496246338
636,final,do,-6.929926872253418
637,final,do,-6.002847194671631
638,final,do,-6.795688629150391
639,final,do,-5.850663185119629
640,final,do,-6.498302459716797
641,final,do,-6.232184410095215
642,final,do,-7.934319496154785
643,final,do,-7.04360818862915
644,final,do,-5.086790084838867
645,final,do,-6.695261478424072
646,final,do,-6.204325199127197
647,final,do,-6.672207355499268
648,final,do,-6.2816386222839355
649,final,do,-6.178714752197266
650,final,do,-8.080617904663086
651,final,do,-6.9788103103637695
652,final,do,-7.1492838859558105
653,final,do,-7.236912250518799
654,final,do,-5.390714645385742
655,final,do,-7.34785270690918
656,final,do,-6.690013885498047
657,final,do,-6.790216445922852
658,final,do,-6.002847194671631
659,final,do,-6.815968990325928
660,final,do,-6.85767126083374
661,final,do,-6.032263278961182
662,final,pp,-5.636439323425293
663,final,pp,-4.2706217765808105
664,final,pp,-5.2319536209106445
665,final,pp,-5.491904258728027
666,final,pp,-5.115882873535156
667,final,pp,-4.603174209594727
668,final,pp,-6.343437194824219
669,final,pp,-6.212690353393555
670,final,pp,-4.909242630004883
671,final,pp,-5.985716819763184
672,final,pp,-5.304582118988037
673,final,pp,-4.452427864074707
674,final,pp,-5.243869304656982
675,final,pp,-4.523905277252197
676,final,pp,-5.106492042541504
677,final,pp,-5.3666090965271
678,final,pp,-4.764312267303467
679,final,pp,-5.794919490814209
680,final,pp,-5.243869304656982
681,final,pp,-6.076003074645996
682,final,do,-6.227953910827637
683,final,do,-7.480943202972412
684,final,do,-5.421272277832031
685,final,do,-6.094858169555664
686,final,do,-7.0090718269348145
687,final,do,-6.090328216552734
688,final,do,-6.980119228363037
689,final,do,-8.081085205078125
690,final,do,-7.000450134277344
691,final,do,-6.308635711669922
692,final,do,-6.735298156738281
693,final,do,-7.83303165435791
694,final,do,-6.8394670486450195
695,final,do,-7.378418445587158
696,final,do,-8.131925582885742
697,final,do,-6.782035827636719
698,final,do,-5.838741302490234
699,final,do,-6.775013446807861
700,final,do,-6.839010715484619
701,final,do,-6.480985164642334
702,final,do,-6.368531703948975
703,final,do,-6.764091491699219
704,final,do,-7.488417148590088
705,final,do,-6.12332010269165
706,final,do,-6.220541477203369
707,final,do,-7.296838283538818
708,final,do,-5.9012627601623535
709,final,do,-6.375488758087158
710,final,do,-8.552248001098633
711,final,do,-6.6480536460876465
712,final,do,-6.61130952835083
713,final,do,-6.855509281158447
714,final,do,-7.498455047607422
715,final,do,-7.67864465713501
716,final,do,-7.7389116287231445
717,final,do,-7.390700340270996
718,final,do,-7.098219871520996
719,final,do,-6.681174278259277
720,final,do,-5.808199405670166
721,final,do,-6.194005489349365
722,final,do,-6.117355823516846
723,final,do,-6.016391277313232
724,final,do,-6.160717010498047
725,final,pp,-5.33555793762207
726,final,pp,-5.885290622711182
727,final,pp,-4.554030418395996
728,final,pp,-5.285168170928955
729,final,pp,-5.415228843688965
730,final,pp,-5.064486026763916
731,final,pp,-6.482574462890625
732,final,pp,-5.9984049797058105
733,final,pp,-6.443363189697266
734,final,pp,-5.884819507598877
735,final,pp,-5.913208484649658
736,final,pp,-6.1300368309021
737,final,pp,-5.807092666625977
738,final,pp,-5.639267921447754
739,final,pp,-6.312662124633789
740,final,pp,-5.310256004333496
741,final,pp,-5.198754787445068
742,final,pp,-5.757227420806885
743,final,pp,-4.928016185760498
744,final,pp,-5.232220649719238
745,final,pp,-5.563052654266357
746,final,pp,-5.2369771003723145
747,final,pp,-5.680812358856201
748,final,pp,-5.06419563293457
749,final,pp,-4.921701431274414
750,final,pp,-5.218939781188965
751,final,pp,-5.269211769104004
752,final,pp,-4.990472793579102
753,final,pp,-6.211459159851074
754,final,pp,-5.336960792541504
755,final,pp,-4.687127113342285
756,final,pp,-4.602355003356934
757,final,pp,-5.884721755981445
758,final,pp,-4.000863075256348
759,final,pp,-5.069675445556641
760,final,pp,-5.717983245849609
761,final,pp,-6.019501686096191
762,final,pp,-6.144833087921143
763,final,pp,-5.991357326507568
764,final,pp,-5.188202857971191
765,final,pp,-4.247736930847168
766,final,pp,-4.641303062438965
767,final,pp,-4.459279537200928
768,final,pp,-5.580050945281982
769,final,pp,-5.960808277130127
770,final,pp,-6.153430461883545
771,final,pp,-4.931144714355469
772,final,pp,-5.1689677238464355
773,final,pp,-5.752089500427246
774,final,pp,-4.503519058227539
775,final,pp,-4.216161251068115
776,final,pp,-5.101566314697266
777,final,pp,-4.169022560119629
778,final,pp,-4.654205322265625
779,final,pp,-5.117519378662109
780,final,pp,-5.329089641571045
781,final,pp,-5.370670795440674
782,final,pp,-4.841639518737793
783,final,pp,-4.848136901855469
784,final,pp,-5.606396198272705
785,final,do,-4.622251033782959
786,final,do,-4.000227928161621
787,final,do,-4.609701156616211
788,final,do,-3.8402557373046875
789,final,do,-3.9756438732147217
790,final,do,-3.592693328857422
791,final,do,-5.14253044128418
792,final,do,-4.272659778594971
793,final,do,-5.670241355895996
794,final,do,-4.812806129455566
795,final,do,-3.649301767349243
796,final,do,-3.423734426498413
797,final,do,-4.814780235290527
798,final,do,-5.184004783630371
799,final,do,-2.9991064071655273
800,final,do,-4.073549270629883
801,final,do,-4.7857208251953125
802,final,do,-3.83908748626709
803,final,do,-5.6574482917785645
804,final,do,-4.925095081329346
805,final,do,-5.592716217041016
806,final,do,-3.550117015838623
807,final,do,-4.636292934417725
808,final,do,-6.572162628173828
809,final,do,-4.59140157699585
810,final,do,-4.670568943023682
811,final,do,-5.760462284088135
812,final,do,-4.330912113189697
813,final,do,-3.925615072250366
814,final,do,-4.454422950744629
815,final,do,-4.108158111572266
816,final,do,-4.420326232910156
817,final,do,-4.255942344665527
818,final,do,-4.440863609313965
819,final,do,-4.564579963684082
820,final,do,-4.073549270629883
821,final,do,-5.560868263244629
822,final,do,-5.045138835906982
823,final,do,-3.841496706008911
824,final,do,-4.288508892059326
825,final,do,-5.197396755218506
826,final,do,-3.504119873046875
827,final,do,-4.974284648895264
828,final,pp,-4.4605302810668945
829,final,pp,-4.338501453399658
830,final,pp,-4.751923561096191
831,final,pp,-4.0373663902282715
832,final,pp,-4.4412689208984375
833,final,pp,-3.93794584274292
834,final,pp,-5.401940822601318
835,final,pp,-4.39108943939209
836,final,pp,-5.747210502624512
837,final,pp,-4.879167556762695
838,final,pp,-3.812443494796753
839,final,pp,-3.582519054412842
840,final,pp,-4.526583671569824
841,final,pp,-5.1115264892578125
842,final,pp,-3.25884747505188
843,final,pp,-4.113667011260986
844,final,pp,-4.907604217529297
845,final,pp,-3.9773471355438232
846,final,pp,-5.59161376953125
847,final,pp,-4.8344197273254395
848,final,do,-4.637383460998535
849,final,do,-4.874240398406982
850,final,do,-4.851347923278809
851,final,do,-5.786956787109375
852,final,do,-3.9393222332000732
853,final,do,-4.836691856384277
854,final,do,-5.792896747589111
855,final,do,-4.995745658874512
856,final,do,-4.696321487426758
857,final,do,-4.979128360748291
858,final,do,-5.675875663757324
859,final,do,-5.057279586791992
860,final,do,-4.469809055328369
861,final,do,-4.505181312561035
862,final,do,-4.504664897918701
863,final,do,-4.528685092926025
864,final,do,-4.663144111633301
865,final,do,-5.945285320281982
866,final,do,-4.370325088500977
867,final,do,-4.32299280166626
868,final,do,-5.574305534362793
869,final,do,-4.066910743713379
870,final,do,-6.256296634674072
871,final,do,-4.078914165496826
872,final,do,-4.089517593383789
873,final,do,-4.956302642822266
874,final,do,-4.696320533752441
875,final,do,-4.4012603759765625
876,final,do,-4.453465938568115
877,final,do,-4.812805652618408
878,final,do,-4.9507341384887695
879,final,do,-4.179373741149902
880,final,do,-6.394778251647949
881,final,do,-4.983544826507568
882,final,do,-4.583924293518066
883,final,do,-5.368785858154297
884,final,do,-4.637383937835693
885,final,do,-4.434424877166748
886,final,do,-4.2536468505859375
887,final,do,-5.114493370056152
888,final,do,-5.6379852294921875
889,final,do,-5.533633232116699
890,final,do,-4.11137056350708
891,final,pp,-4.337426662445068
892,final,pp,-4.609302520751953
893,final,pp,-4.93856143951416
894,final,pp,-5.561489105224609
895,final,pp,-3.8789494037628174
896,final,pp,-4.77844762802124
897,final,pp,-5.775474548339844
898,final,pp,-5.068363666534424
899,final,pp,-4.575316429138184
900,final,pp,-4.786169528961182
901,final,pp,-5.4027533531188965
902,final,pp,-5.25439453125
903,final,pp,-4.581908226013184
904,final,pp,-4.266912937164307
905,final,pp,-4.62969970703125
906,final,pp,-4.601140022277832
907,final,pp,-4.684399127960205
908,final,pp,-5.5861358642578125
909,final,pp,-4.209411144256592
910,final,pp,-4.163512706756592
911,final,do,-5.722940444946289
912,final,do,-5.509072303771973
913,final,do,-5.094220161437988
914,final,do,-5.1088104248046875
915,final,do,-4.940131187438965
916,final,do,-5.316617965698242
917,final,do,-5.7906036376953125
918,final,do,-5.998409271240234
919,final,do,-4.848345756530762
920,final,do,-5.555842399597168
921,final,do,-5.164985179901123
922,final,do,-5.5160908699035645
923,final,do,-6.491877555847168
924,final,do,-5.063549518585205
925,final,do,-5.0597429275512695
926,final,do,-6.051877021789551
927,final,do,-5.402373313903809
928,final,do,-6.0136260986328125
929,final,do,-5.455811500549316
930,final,do,-4.741488456726074
931,final,do,-5.534578323364258
932,final,do,-4.596079349517822
933,final,do,-5.316269397735596
934,final,do,-4.884945392608643
935,final,do,-4.665510177612305
936,final,do,-4.8120598793029785
937,final,do,-4.098822593688965
938,final,do,-5.119174957275391
939,final,do,-6.265043258666992
940,final,do,-4.546687126159668
941,final,do,-5.054042339324951
942,final,do,-6.1873297691345215
943,final,do,-4.786336898803711
944,final,do,-5.065145492553711
945,final,do,-4.814368724822998
946,final,do,-6.436121940612793
947,final,do,-5.337006092071533
948,final,do,-4.823947429656982
949,final,do,-5.555841445922852
950,final,do,-5.354225158691406
951,final,do,-5.886049747467041
952,final,do,-4.847020149230957
953,final,do,-5.5226216316223145
954,final,pp,-5.772093296051025
955,final,pp,-5.297470569610596
956,final,pp,-4.922890663146973
957,final,pp,-4.947512149810791
958,final,pp,-4.8919291496276855
959,final,pp,-5.513246059417725
960,final,pp,-5.951045989990234
961,final,pp,-5.82901668548584
962,final,pp,-4.567649841308594
963,final,pp,-5.2824530601501465
964,final,pp,-5.43996000289917
965,final,pp,-5.377235412597656
966,final,pp,-6.036559581756592
967,final,pp,-5.202439785003662
968,final,pp,-5.379505634307861
969,final,pp,-5.596796989440918
970,final,pp,-5.590785980224609
971,final,pp,-5.964303970336914
972,final,pp,-5.657444000244141
973,final,pp,-4.8877129554748535
974,final,do,-5.220921516418457
975,final,do,-5.0306010246276855
976,final,do,-6.667534351348877
977,final,do,-5.776538372039795
978,final,do,-4.528436660766602
979,final,do,-4.735903739929199
980,final,do,-5.521578311920166
981,final,do,-4.700590133666992
982,final,do,-6.024871349334717
983,final,do,-4.663629531860352
984,final,do,-5.316660404205322
985,final,do,-5.770051956176758
986,final,do,-5.715275287628174
987,final,do,-5.481486797332764
988,final,do,-6.909866809844971
989,final,do,-6.327075004577637
990,final,do,-6.066662311553955
991,final,do,-5.351005554199219
992,final,do,-5.011873722076416
993,final,do,-5.122432231903076
994,final,do,-5.008550643920898
995,final,do,-6.387668609619141
996,final,do,-5.3923163414001465
997,final,do,-5.401941776275635
998,final,do,-5.684328079223633
999,final,do,-5.45605993270874
1000,final,do,-4.766822814941406
1001,final,do,-5.167641639709473
1002,final,do,-4.8582916259765625
1003,final,do,-5.122432231903076
1004,final,do,-5.4817214012146
1005,final,do,-5.095717430114746
1006,final,do,-5.532262325286865
1007,final,do,-5.398471832275391
1008,final,do,-4.705463409423828
1009,final,do,-4.395097732543945
1010,final,do,-4.840464115142822
1011,final,do,-5.189170837402344
1012,final,do,-6.119068145751953
1013,final,do,-5.9314117431640625
1014,final,do,-6.119068145751953
1015,final,do,-4.856696128845215
1016,final,do,-4.113780975341797
1017,final,pp,-4.9551496505737305
1018,final,pp,-4.736617088317871
1019,final,pp,-7.074922561645508
1020,final,pp,-5.322012424468994
1021,final,pp,-4.768033504486084
1022,final,pp,-4.4154052734375
1023,final,pp,-5.430330276489258
1024,final,pp,-4.603820323944092
1025,final,pp,-5.505644798278809
1026,final,pp,-4.739009857177734
1027,final,pp,-5.332979679107666
1028,final,pp,-5.888418197631836
1029,final,pp,-6.094470024108887
1030,final,pp,-5.176182746887207
1031,final,pp,-6.525400161743164
1032,final,pp,-6.033372402191162
1033,final,pp,-6.141229629516602
1034,final,pp,-4.9654011726379395
1035,final,pp,-4.751914024353027
1036,final,pp,-5.063972473144531
1037,final,pp,-5.164676666259766
1038,final,pp,-4.610031604766846
1039,final,pp,-5.520142078399658
1040,final,pp,-5.353610515594482
1041,final,pp,-4.196487903594971
1042,final,pp,-5.267246723175049
1043,final,pp,-6.462658882141113
1044,final,pp,-3.9021973609924316
1045,final,pp,-6.022729873657227
1046,final,pp,-5.080257415771484
1047,final,pp,-6.092165946960449
1048,final,pp,-4.206739902496338
1049,final,pp,-4.758286952972412
1050,final,pp,-4.2966532707214355
1051,final,pp,-4.279111862182617
1052,final,pp,-5.144232273101807
1053,final,pp,-5.314448356628418
1054,final,pp,-4.76804780960083
1055,final,pp,-4.30576229095459
1056,final,pp,-4.570639610290527
1057,final,pp,-5.158795356750488
1058,final,pp,-4.670290946960449
1059,final,pp,-5.351698875427246
1060,final,pp,-4.800927639007568
1061,final,pp,-4.5404253005981445
1062,final,pp,-4.273794174194336
1063,final,pp,-3.824779748916626
1064,final,pp,-4.992036819458008
1065,final,pp,-5.648653507232666
1066,final,pp,-4.290761947631836
1067,final,pp,-5.033635139465332
1068,final,pp,-4.6201395988464355
1069,final,pp,-4.830031871795654
1070,final,pp,-4.880746364593506
1071,final,pp,-4.904913902282715
1072,final,pp,-4.280296802520752
1073,final,pp,-3.851133108139038
1074,final,pp,-4.305942058563232
1075,final,pp,-4.165957450866699
1076,final,pp,-6.121578693389893
1077,final,do,-5.032585144042969
1078,final,do,-5.146909236907959
1079,final,do,-5.3599066734313965
1080,final,do,-4.702018737792969
1081,final,do,-3.7610013484954834
1082,final,do,-4.8710808753967285
1083,final,do,-5.338367938995361
1084,final,do,-4.648667335510254
1085,final,do,-3.662663698196411
1086,final,do,-4.983858585357666
1087,final,do,-4.760579586029053
1088,final,do,-3.3262603282928467
1089,final,do,-5.960350036621094
1090,final,do,-4.776902675628662
1091,final,do,-4.711828231811523
1092,final,do,-4.437544822692871
1093,final,do,-5.2309746742248535
1094,final,do,-4.088279724121094
1095,final,do,-5.459422588348389
1096,final,do,-4.573160648345947
1097,final,do,-4.470689296722412
1098,final,do,-5.005324840545654
1099,final,do,-5.264389514923096
1100,final,do,-4.8791375160217285
1101,final,do,-5.088382244110107
1102,final,do,-5.178795337677002
1103,final,do,-4.334645748138428
1104,final,do,-3.407835006713867
1105,final,do,-4.453144073486328
1106,final,do,-3.9110686779022217
1107,final,do,-5.005324840545654
1108,final,do,-6.643133640289307
1109,final,do,-4.410392761230469
1110,final,do,-5.515584945678711
1111,final,do,-5.99332332611084
1112,final,do,-4.275129795074463
1113,final,do,-5.160037517547607
1114,final,do,-3.96626353263855
1115,final,do,-4.476558208465576
1116,final,do,-5.596742630004883
1117,final,do,-5.039394855499268
1118,final,do,-4.6739020347595215
1119,final,do,-4.128777980804443
1120,final,pp,-4.525164604187012
1121,final,pp,-4.831806182861328
1122,final,pp,-5.604295253753662
1123,final,pp,-4.350268840789795
1124,final,pp,-3.557058095932007
1125,final,pp,-4.498322486877441
1126,final,pp,-4.774072170257568
1127,final,pp,-4.3615875244140625
1128,final,pp,-3.511483907699585
1129,final,pp,-4.395561695098877
1130,final,pp,-4.183899879455566
1131,final,pp,-3.3744091987609863
1132,final,pp,-5.096640110015869
1133,final,pp,-4.494827747344971
1134,final,pp,-4.4560699462890625
1135,final,pp,-4.120023250579834
1136,final,pp,-4.905054569244385
1137,final,pp,-3.8358700275421143
1138,final,pp,-5.0268144607543945
1139,final,pp,-4.1796956062316895
1140,final,do,-5.560584545135498
1141,final,do,-4.9938483238220215
1142,final,do,-4.805590629577637
1143,final,do,-4.892000198364258
1144,final,do,-5.545236110687256
1145,final,do,-4.356791973114014
1146,final,do,-5.560584545135498
1147,final,do,-5.850330352783203
1148,final,do,-5.1007561683654785
1149,final,do,-5.297866344451904
1150,final,do,-5.222714900970459
1151,final,do,-6.846364498138428
1152,final,do,-5.137729167938232
1153,final,do,-5.505865097045898
1154,final,do,-4.984705448150635
1155,final,do,-4.67753791809082
1156,final,do,-5.638503551483154
1157,final,do,-5.660616874694824
1158,final,do,-5.470647811889648
1159,final,do,-4.9895806312561035
1160,final,do,-5.760705471038818
1161,final,do,-4.030561447143555
1162,final,do,-6.020462989807129
1163,final,do,-5.574102401733398
1164,final,do,-4.9938483238220215
1165,final,do,-5.530166149139404
1166,final,do,-5.30421781539917
1167,final,do,-5.315280914306641
1168,final,do,-5.329031467437744
1169,final,do,-5.651156902313232
1170,final,do,-5.3044514656066895
1171,final,do,-4.541234493255615
1172,final,do,-5.638503551483154
1173,final,do,-5.776859283447266
1174,final,do,-5.149633407592773
1175,final,do,-5.149633407592773
1176,final,do,-5.563475131988525
1177,final,do,-5.76474142074585
1178,final,do,-4.210814952850342
1179,final,do,-4.67753791809082
1180,final,do,-6.020462989807129
1181,final,do,-5.883415699005127
1182,final,do,-5.315280914306641
1183,final,pp,-5.3569254875183105
1184,final,pp,-4.824398517608643
1185,final,pp,-4.167508125305176
1186,final,pp,-4.269477367401123
1187,final,pp,-5.211616516113281
1188,final,pp,-3.9233100414276123
1189,final,pp,-5.3569254875183105
1190,final,pp,-5.1881632804870605
1191,final,pp,-4.623745441436768
1192,final,pp,-4.561614990234375
1193,final,pp,-4.680225372314453
1194,final,pp,-6.04132080078125
1195,final,pp,-4.342865467071533
1196,final,pp,-5.279958248138428
1197,final,pp,-4.501579761505127
1198,final,pp,-3.8966407775878906
1199,final,pp,-5.024330139160156
1200,final,pp,-5.0403523445129395
1201,final,pp,-5.101646900177002
1202,final,pp,-4.377073764801025
1203,final,do,-6.524775505065918
1204,final,do,-4.94290828704834
1205,final,do,-6.081592559814453
1206,final,do,-6.253756523132324
1207,final,do,-5.672894477844238
1208,final,do,-5.8788743019104
1209,final,do,-6.200817108154297
1210,final,do,-5.990789890289307
1211,final,do,-5.277545928955078
1212,final,do,-6.375645637512207
1213,final,do,-5.720498085021973
1214,final,do,-5.748633861541748
1215,final,do,-5.23808479309082
1216,final,do,-5.318348407745361
1217,final,do,-6.3917460441589355
1218,final,do,-5.198248863220215
1219,final,do,-5.489800453186035
1220,final,do,-5.633771896362305
1221,final,do,-6.316155433654785
1222,final,do,-5.281432151794434
1223,final,do,-6.713656902313232
1224,final,do,-6.50496244430542
1225,final,do,-7.4309539794921875
1226,final,do,-5.291034698486328
1227,final,do,-6.407197952270508
1228,final,do,-5.8334503173828125
1229,final,do,-5.863724231719971
1230,final,do,-6.082795143127441
1231,final,do,-5.740646839141846
1232,final,do,-6.0968427658081055
1233,final,do,-5.590974807739258
1234,final,do,-5.173368453979492
1235,final,do,-5.901343822479248
1236,final,do,-5.511594295501709
1237,final,do,-5.697896480560303
1238,final,do,-5.425763130187988
1239,final,do,-4.91484260559082
1240,final,do,-5.641097068786621
1241,final,do,-5.631137847900391
1242,final,do,-4.944645404815674
1243,final,do,-5.192157745361328
1244,final,do,-7.066844940185547
1245,final,do,-6.316629409790039
1246,final,pp,-6.305213928222656
1247,final,pp,-4.341909408569336
1248,final,pp,-5.4830780029296875
1249,final,pp,-4.911227703094482
1250,final,pp,-5.217838287353516
1251,final,pp,-5.334482192993164
1252,final,pp,-5.738285064697266
1253,final,pp,-5.510211944580078
1254,final,pp,-4.826502323150635
1255,final,pp,-5.8342061042785645
1256,final,pp,-5.121194839477539
1257,final,pp,-5.2119951248168945
1258,final,pp,-4.838303565979004
1259,final,pp,-4.735677719116211
1260,final,pp,-5.178411960601807
1261,final,pp,-4.534409046173096
1262,final,pp,-5.304868698120117
1263,final,pp,-5.161645889282227
1264,final,pp,-5.490099906921387
1265,final,pp,-4.882678508758545
1266,final,do,-4.976718902587891
1267,final,do,-5.109825611114502
1268,final,do,-5.85996675491333
1269,final,do,-4.6940531730651855
1270,final,do,-5.602207660675049
1271,final,do,-6.379680633544922
1272,final,do,-7.6479339599609375
1273,final,do,-6.784555435180664
1274,final,do,-5.379452228546143
1275,final,do,-5.921703815460205
1276,final,do,-5.796062469482422
1277,final,do,-5.122299671173096
1278,final,do,-6.195485591888428
1279,final,do,-6.183813095092773
1280,final,do,-5.354484558105469
1281,final,do,-7.066694736480713
1282,final,do,-5.383962631225586
1283,final,do,-5.938438415527344
1284,final,do,-5.864826202392578
1285,final,do,-6.097333908081055
1286,final,do,-5.627809524536133
1287,final,do,-6.178699016571045
1288,final,do,-6.281228542327881
1289,final,do,-6.464418411254883
1290,final,do,-5.6163506507873535
1291,final,do,-5.307964324951172
1292,final,do,-4.951503276824951
1293,final,do,-6.710334300994873
1294,final,do,-5.943029880523682
1295,final,do,-5.556655406951904
1296,final,do,-5.707555294036865
1297,final,do,-6.305256366729736
1298,final,do,-6.163906097412109
1299,final,do,-5.075377464294434
1300,final,do,-5.157209873199463
1301,final,do,-6.756911754608154
1302,final,do,-6.01617956161499
1303,final,do,-6.511262893676758
1304,final,do,-4.924129486083984
1305,final,do,-7.097235202789307
1306,final,do,-7.037843227386475
1307,final,do,-6.156946182250977
1308,final,do,-6.134153842926025
1309,final,pp,-4.365817070007324
1310,final,pp,-4.190358638763428
1311,final,pp,-5.196488380432129
1312,final,pp,-4.24064302444458
1313,final,pp,-4.422102451324463
1314,final,pp,-5.281676769256592
1315,final,pp,-6.841536045074463
1316,final,pp,-6.708708763122559
1317,final,pp,-4.524962902069092
1318,final,pp,-5.906294822692871
1319,final,pp,-5.300299167633057
1320,final,pp,-4.506695747375488
1321,final,pp,-6.022037982940674
1322,final,pp,-5.047544956207275
1323,final,pp,-5.528451442718506
1324,final,pp,-5.970126152038574
1325,final,pp,-4.548500061035156
1326,final,pp,-6.475000858306885
1327,final,pp,-4.85505485534668
1328,final,pp,-5.401938438415527
1329,final,pp,-4.577855110168457
1330,final,pp,-4.114355087280273
1331,final,pp,-5.485895156860352
1332,final,pp,-5.1933417320251465
1333,final,pp,-5.692646026611328
1334,final,pp,-4.4212751388549805
1335,final,pp,-4.755826950073242
1336,final,pp,-5.464640140533447
1337,final,pp,-5.144085884094238
1338,final,pp,-5.36219596862793
1339,final,pp,-4.793674945831299
1340,final,pp,-4.970035552978516
1341,final,pp,-5.1739678382873535
1342,final,pp,-5.992570877075195
1343,final,pp,-5.930922985076904
1344,final,pp,-4.726476669311523
1345,final,pp,-5.834152698516846
1346,final,pp,-4.4348225593566895
1347,final,pp,-5.586761474609375
1348,final,pp,-5.236757278442383
1349,final,pp,-3.877274751663208
1350,final,pp,-4.3729567527771
1351,final,pp,-5.088299751281738
1352,final,pp,-4.869821548461914
1353,final,pp,-4.428681373596191
1354,final,pp,-3.7903318405151367
1355,final,pp,-4.4329915046691895
1356,final,pp,-4.603179454803467
1357,final,pp,-5.207731246948242
1358,final,pp,-4.72606897354126
1359,final,pp,-4.013411521911621
1360,final,pp,-4.928122043609619
1361,final,pp,-5.158539772033691
1362,final,pp,-5.644311428070068
1363,final,pp,-4.540775299072266
1364,final,pp,-5.134327411651611
1365,final,pp,-5.297104835510254
1366,final,pp,-4.974658966064453
1367,final,pp,-4.648096084594727
1368,final,pp,-4.2289557456970215
1,best,pp,-4.694873809814453
2,best,pp,-4.549856662750244
3,best,pp,-4.185742378234863
4,best,pp,-4.54706335067749
5,best,pp,-4.488407135009766
6,best,pp,-4.147969722747803
7,best,pp,-4.152628421783447
8,best,pp,-3.44726824760437
9,best,pp,-2.717609405517578
10,best,pp,-3.936494827270508
11,best,pp,-5.167352199554443
12,best,pp,-4.025479793548584
13,best,pp,-4.040449619293213
14,best,pp,-3.801868438720703
15,best,pp,-4.117921352386475
16,best,pp,-3.44726824760437
17,best,pp,-4.192768573760986
18,best,pp,-4.1330246925354
19,best,pp,-5.1570048332214355
20,best,pp,-3.7069594860076904
21,best,pp,-4.115210056304932
22,best,pp,-5.405538082122803
23,best,pp,-4.221985340118408
24,best,pp,-4.870158672332764
25,best,pp,-4.588324069976807
26,best,pp,-4.592893600463867
27,best,pp,-4.155979156494141
28,best,pp,-4.327488422393799
29,best,pp,-4.497616291046143
30,best,pp,-4.409885883331299
31,best,pp,-4.586534023284912
32,best,pp,-4.870158672332764
33,best,pp,-4.778217792510986
34,best,pp,-4.924159526824951
35,best,pp,-4.364589214324951
36,best,pp,-4.737405300140381
37,best,pp,-4.497616291046143
38,best,pp,-3.651465654373169
39,best,pp,-5.226853847503662
40,best,pp,-4.983981609344482
41,best,pp,-4.644527435302734
42,best,pp,-4.378141403198242
43,best,pp,-4.185403823852539
44,best,pp,-4.904212474822998
45,best,pp,-5.740323066711426
46,best,pp,-4.575288772583008
47,best,pp,-5.774398326873779
48,best,pp,-4.520379066467285
49,best,pp,-4.614826679229736
50,best,pp,-4.917163372039795
51,best,pp,-4.999480724334717
52,best,pp,-5.175506591796875
53,best,pp,-5.029363632202148
54,best,pp,-5.092416763305664
55,best,pp,-4.721720218658447
56,best,pp,-4.337255477905273
57,best,pp,-4.920866966247559
58,best,pp,-4.810269355773926
59,best,pp,-4.621614456176758
60,best,pp,-4.821523666381836
61,best,pp,-4.279716491699219
62,best,pp,-4.5535149574279785
63,best,pp,-5.932769775390625
64,best,pp,-4.885765552520752
65,best,pp,-6.114716529846191
66,best,pp,-5.946218967437744
67,best,pp,-4.969949722290039
68,best,pp,-5.358309268951416
69,best,pp,-5.412435054779053
70,best,pp,-5.464866638183594
71,best,pp,-4.317722797393799
72,best,pp,-4.702153205871582
73,best,pp,-5.023052215576172
74,best,pp,-5.863643646240234
75,best,pp,-3.952806234359741
76,best,pp,-4.132846832275391
77,best,pp,-5.44200325012207
78,best,pp,-3.9059383869171143
79,best,pp,-4.006596565246582
80,best,pp,-5.600916385650635
81,best,pp,-5.41413688659668
82,best,pp,-4.639053821563721
83,best,pp,-5.190668106079102
84,best,pp,-4.450082302093506
85,best,pp,-4.639053821563721
86,best,pp,-4.519349098205566
87,best,pp,-5.171563148498535
88,best,pp,-4.1344122886657715
89,best,pp,-4.753457546234131
90,best,pp,-4.2343525886535645
91,best,pp,-4.093466281890869
92,best,pp,-5.696612358093262
93,best,pp,-4.634303092956543
94,best,pp,-4.112673759460449
95,best,pp,-4.038778781890869
96,best,pp,-4.614849090576172
97,best,pp,-5.289830207824707
98,best,pp,-5.414112567901611
99,best,pp,-5.042933464050293
100,best,pp,-5.251600742340088
101,best,pp,-5.058090686798096
102,best,pp,-4.3295369148254395
103,best,pp,-3.8942551612854004
104,best,pp,-3.862471342086792
105,best,pp,-4.742496013641357
106,best,pp,-4.406507968902588
107,best,pp,-3.842205047607422
108,best,pp,-4.7388739585876465
109,best,pp,-4.767696857452393
110,best,pp,-4.913861274719238
111,best,pp,-4.553487300872803
112,best,pp,-4.155682563781738
113,best,pp,-4.179930686950684
114,best,pp,-5.474527835845947
115,best,pp,-4.2096967697143555
116,best,pp,-3.819035768508911
117,best,pp,-4.349635124206543
118,best,pp,-5.465915203094482
119,best,pp,-4.588469982147217
120,best,pp,-4.516565799713135
121,best,pp,-3.4774162769317627
122,best,pp,-4.098020553588867
123,best,pp,-5.175969123840332
124,best,pp,-4.320215702056885
125,best,pp,-4.084713935852051
126,best,pp,-4.360990047454834
127,best,pp,-2.8417606353759766
128,best,pp,-5.144490718841553
129,best,pp,-3.5879733562469482
130,best,pp,-3.1951961517333984
131,best,pp,-3.5879733562469482
132,best,pp,-4.098020076751709
133,best,pp,-4.29803466796875
134,best,pp,-3.162264108657837
135,best,pp,-4.098020076751709
136,best,pp,-4.360990524291992
137,best,pp,-3.9116766452789307
138,best,pp,-3.7829184532165527
139,best,pp,-4.669530868530273
140,best,pp,-3.7005722522735596
141,best,pp,-4.5748772621154785
142,best,pp,-4.54124116897583
143,best,pp,-4.822691917419434
144,best,pp,-4.918929576873779
145,best,pp,-4.455671787261963
146,best,pp,-4.61603307723999
147,best,pp,-4.811305522918701
148,best,pp,-5.35145902633667
149,best,pp,-4.732338905334473
150,best,pp,-4.473304748535156
151,best,pp,-5.475015640258789
152,best,pp,-4.688368797302246
153,best,pp,-4.433804512023926
154,best,pp,-4.679347038269043
155,best,pp,-4.205139636993408
156,best,pp,-5.3132781982421875
157,best,pp,-4.929871559143066
158,best,pp,-4.850197792053223
159,best,pp,-5.198492527008057
160,best,pp,-5.451632976531982
161,best,pp,-5.393083095550537
162,best,pp,-4.111245632171631
163,best,pp,-4.482541084289551
164,best,pp,-4.0105061531066895
165,best,pp,-3.7456939220428467
166,best,pp,-4.003208160400391
167,best,pp,-5.870633125305176
168,best,pp,-5.318078517913818
169,best,pp,-4.203860759735107
170,best,pp,-5.184230804443359
171,best,pp,-4.482541084289551
172,best,pp,-3.8054072856903076
173,best,pp,-4.801596641540527
174,best,pp,-5.339448928833008
175,best,pp,-3.8562796115875244
176,best,pp,-3.7456939220428467
177,best,pp,-5.4124755859375
178,best,pp,-5.658729553222656
179,best,pp,-4.068313121795654
180,best,pp,-5.475183010101318
181,best,pp,-4.189123153686523
182,best,pp,-4.503894329071045
183,best,pp,-4.5697855949401855
184,best,pp,-5.404392719268799
185,best,pp,-4.954821586608887
186,best,pp,-4.696248531341553
187,best,pp,-4.594139099121094
188,best,pp,-4.355227947235107
189,best,pp,-4.253634452819824
190,best,pp,-4.483404636383057
191,best,pp,-5.198910236358643
192,best,pp,-4.674988746643066
193,best,pp,-4.291680812835693
194,best,pp,-4.302277565002441
195,best,pp,-4.402029991149902
196,best,pp,-4.007706642150879
197,best,pp,-4.6072282791137695
198,best,pp,-4.952341556549072
199,best,pp,-5.281189441680908
200,best,pp,-4.634922981262207
201,best,pp,-4.1479949951171875
202,best,pp,-3.4033074378967285
203,best,pp,-4.70526647567749
204,best,pp,-4.355044841766357
205,best,pp,-5.193922996520996
206,best,pp,-3.9339675903320312
207,best,pp,-4.6704583168029785
208,best,pp,-4.750584602355957
209,best,pp,-4.302224159240723
210,best,pp,-3.8085999488830566
211,best,pp,-3.9100863933563232
212,best,pp,-5.2964911460876465
213,best,pp,-4.1770100593566895
214,best,pp,-4.546938419342041
215,best,pp,-4.690753936767578
216,best,pp,-3.8901307582855225
217,best,pp,-4.54957914352417
218,best,pp,-3.9745490550994873
219,best,pp,-3.8983891010284424
220,best,pp,-4.055031776428223
221,best,do,-5.8953328132629395
222,best,do,-5.446084022521973
223,best,do,-4.919956207275391
224,best,do,-4.937259674072266
225,best,do,-4.754073143005371
226,best,do,-4.9975457191467285
227,best,do,-5.066636085510254
228,best,do,-6.406291484832764
229,best,do,-6.530036926269531
230,best,do,-5.812705993652344
231,best,do,-5.589491367340088
232,best,do,-5.222109317779541
233,best,do,-5.687875270843506
234,best,do,-6.406291484832764
235,best,do,-4.616335868835449
236,best,do,-4.982249736785889
237,best,do,-5.099356651306152
238,best,do,-4.5660529136657715
239,best,do,-5.615270137786865
240,best,do,-5.627545356750488
241,best,do,-5.687875270843506
242,best,do,-4.3917412757873535
243,best,do,-6.20342493057251
244,best,do,-4.5660529136657715
245,best,do,-5.635974407196045
246,best,do,-5.766715049743652
247,best,do,-5.684874534606934
248,best,do,-4.760603904724121
249,best,do,-4.151925563812256
250,best,do,-4.479035377502441
251,best,do,-5.121971130371094
252,best,do,-6.210294246673584
253,best,do,-6.207060813903809
254,best,do,-5.351406574249268
255,best,do,-5.740790843963623
256,best,do,-4.830871105194092
257,best,do,-6.478597164154053
258,best,do,-5.351406574249268
259,best,do,-5.494839191436768
260,best,do,-5.121971130371094
261,best,do,-4.479035377502441
262,best,do,-5.232049465179443
263,best,do,-5.10398006439209
264,best,pp,-5.416782379150391
265,best,pp,-5.402588367462158
266,best,pp,-4.690378665924072
267,best,pp,-4.733277320861816
268,best,pp,-4.385350704193115
269,best,pp,-4.677192211151123
270,best,pp,-4.724114418029785
271,best,pp,-6.005161762237549
272,best,pp,-5.985991954803467
273,best,pp,-5.4809160232543945
274,best,pp,-5.049580097198486
275,best,pp,-4.684371471405029
276,best,pp,-5.3072357177734375
277,best,pp,-6.005161762237549
278,best,pp,-4.476840972900391
279,best,pp,-4.771503448486328
280,best,pp,-4.908319473266602
281,best,pp,-4.433938980102539
282,best,pp,-5.125066757202148
283,best,pp,-5.394845485687256
284,best,do,-5.614063262939453
285,best,do,-5.1756720542907715
286,best,do,-7.1273112297058105
287,best,do,-5.580249309539795
288,best,do,-5.073461055755615
289,best,do,-5.373028755187988
290,best,do,-5.825985908508301
291,best,do,-5.8844733238220215
292,best,do,-5.073461055755615
293,best,do,-5.241931438446045
294,best,do,-5.372281551361084
295,best,do,-5.508986949920654
296,best,do,-5.593719005584717
297,best,do,-5.869812965393066
298,best,do,-5.924674034118652
299,best,do,-5.082192897796631
300,best,do,-5.426395893096924
301,best,do,-5.45784330368042
302,best,do,-5.438685894012451
303,best,do,-6.011298179626465
304,best,do,-5.766340732574463
305,best,do,-5.825985908508301
306,best,do,-5.335022926330566
307,best,do,-5.338127136230469
308,best,do,-5.580249309539795
309,best,do,-6.095671653747559
310,best,do,-5.252216339111328
311,best,do,-6.0634002685546875
312,best,do,-5.580249309539795
313,best,do,-6.720561981201172
314,best,do,-5.830329418182373
315,best,do,-6.15796422958374
316,best,do,-5.713675498962402
317,best,do,-6.564627170562744
318,best,do,-5.252216339111328
319,best,do,-5.45784330368042
320,best,do,-5.422623634338379
321,best,do,-6.14137601852417
322,best,do,-7.127311706542969
323,best,do,-6.0611958503723145
324,best,do,-5.304821968078613
325,best,do,-5.833032131195068
326,best,do,-6.446085453033447
327,best,pp,-5.074213027954102
328,best,pp,-4.955604553222656
329,best,pp,-6.287825107574463
330,best,pp,-4.705078125
331,best,pp,-4.701666355133057
332,best,pp,-4.902710437774658
333,best,pp,-5.436244010925293
334,best,pp,-5.479575157165527
335,best,pp,-4.701666355133057
336,best,pp,-4.832441806793213
337,best,pp,-4.901407241821289
338,best,pp,-4.618908405303955
339,best,pp,-4.7801947593688965
340,best,pp,-5.175135135650635
341,best,pp,-4.9746479988098145
342,best,pp,-4.513695240020752
343,best,pp,-4.929811477661133
344,best,pp,-5.110828399658203
345,best,pp,-4.568984031677246
346,best,pp,-5.492685317993164
347,best,do,-6.43719482421875
348,best,do,-5.224623203277588
349,best,do,-5.476850509643555
350,best,do,-5.517066955566406
351,best,do,-6.183935165405273
352,best,do,-5.213832378387451
353,best,do,-5.781270980834961
354,best,do,-5.55238151550293
355,best,do,-6.09042501449585
356,best,do,-5.547435283660889
357,best,do,-5.918015480041504
358,best,do,-5.617647171020508
359,best,do,-6.201136589050293
360,best,do,-5.323450088500977
361,best,do,-6.176701068878174
362,best,do,-6.303128242492676
363,best,do,-5.786222457885742
364,best,do,-6.789327144622803
365,best,do,-5.210960865020752
366,best,do,-6.012834548950195
367,best,do,-5.62647819519043
368,best,do,-5.950063228607178
369,best,do,-5.453486442565918
370,best,do,-4.779656887054443
371,best,do,-5.388767719268799
372,best,do,-6.514882564544678
373,best,do,-5.897349834442139
374,best,do,-5.839425563812256
375,best,do,-5.226191520690918
376,best,do,-5.8502888679504395
377,best,do,-5.901008129119873
378,best,do,-5.194732189178467
379,best,do,-5.87321662902832
380,best,do,-5.357417106628418
381,best,do,-6.425825119018555
382,best,do,-5.489138603210449
383,best,do,-6.146800994873047
384,best,do,-5.388767719268799
385,best,do,-4.940604209899902
386,best,do,-5.897349834442139
387,best,do,-5.546091079711914
388,best,do,-5.688453674316406
389,best,do,-5.896113872528076
390,best,pp,-5.759185791015625
391,best,pp,-4.6648077964782715
392,best,pp,-5.340314865112305
393,best,pp,-4.960952281951904
394,best,pp,-5.24575138092041
395,best,pp,-5.123350620269775
396,best,pp,-5.739281177520752
397,best,pp,-5.184953212738037
398,best,pp,-5.8436174392700195
399,best,pp,-5.054944038391113
400,best,pp,-5.775628566741943
401,best,pp,-5.304017066955566
402,best,pp,-5.8776702880859375
403,best,pp,-5.3568620681762695
404,best,pp,-5.551579475402832
405,best,pp,-5.376065731048584
406,best,pp,-5.672341346740723
407,best,pp,-5.968756675720215
408,best,pp,-5.026978492736816
409,best,pp,-5.3178205490112305
410,best,do,-6.122720241546631
411,best,do,-5.192868709564209
412,best,do,-5.229899883270264
413,best,do,-6.972391605377197
414,best,do,-7.425196647644043
415,best,do,-5.926609992980957
416,best,do,-6.187705993652344
417,best,do,-5.92356014251709
418,best,do,-5.854704856872559
419,best,do,-6.738856792449951
420,best,do,-6.524969100952148
421,best,do,-6.4921417236328125
422,best,do,-6.488022804260254
423,best,do,-7.193301200866699
424,best,do,-5.542403697967529
425,best,do,-7.0296807289123535
426,best,do,-5.2374491691589355
427,best,do,-6.194601535797119
428,best,do,-6.15535831451416
429,best,do,-7.262032985687256
430,best,do,-6.65045166015625
431,best,do,-5.948966026306152
432,best,do,-6.194601535797119
433,best,do,-5.681530475616455
434,best,do,-6.227805137634277
435,best,do,-5.981723308563232
436,best,do,-6.704964637756348
437,best,do,-6.365712642669678
438,best,do,-6.283255100250244
439,best,do,-7.199764251708984
440,best,do,-7.092527866363525
441,best,do,-6.131978511810303
442,best,do,-6.3252177238464355
443,best,do,-6.133470058441162
444,best,do,-6.085517883300781
445,best,do,-6.136727809906006
446,best,do,-7.0296807289123535
447,best,do,-6.8653564453125
448,best,do,-6.380778789520264
449,best,do,-5.227997779846191
450,best,do,-5.560107707977295
451,best,do,-6.3517537117004395
452,best,do,-6.333808898925781
453,best,pp,-5.770717620849609
454,best,pp,-4.857966899871826
455,best,pp,-4.8253631591796875
456,best,pp,-6.370001792907715
457,best,pp,-6.723625659942627
458,best,pp,-6.311278343200684
459,best,pp,-5.621667861938477
460,best,pp,-5.390928268432617
461,best,pp,-5.194716930389404
462,best,pp,-5.860002040863037
463,best,pp,-6.4926652908325195
464,best,pp,-6.699429988861084
465,best,pp,-5.880706787109375
466,best,pp,-6.447525501251221
467,best,pp,-4.984795093536377
468,best,pp,-6.5201873779296875
469,best,pp,-5.269965171813965
470,best,pp,-6.300271511077881
471,best,pp,-6.3975419998168945
472,best,pp,-6.148077011108398
473,best,pp,-5.70955753326416
474,best,pp,-5.981779098510742
475,best,pp,-5.696080207824707
476,best,pp,-5.284060001373291
477,best,pp,-5.0508246421813965
478,best,pp,-5.803266525268555
479,best,pp,-4.917817115783691
480,best,pp,-6.028692722320557
481,best,pp,-5.519261837005615
482,best,pp,-5.234968185424805
483,best,pp,-5.17983341217041
484,best,pp,-6.083039283752441
485,best,pp,-5.675661087036133
486,best,pp,-4.974632740020752
487,best,pp,-5.660367965698242
488,best,pp,-5.4164628982543945
489,best,pp,-4.483869552612305
490,best,pp,-6.300714015960693
491,best,pp,-5.300859451293945
492,best,pp,-5.370946884155273
493,best,do,-7.357909202575684
494,best,do,-6.290623188018799
495,best,do,-5.2999982833862305
496,best,do,-5.305865287780762
497,best,do,-7.192229270935059
498,best,do,-4.987874984741211
499,best,do,-6.72247314453125
500,best,do,-6.494370460510254
501,best,do,-4.869472980499268
502,best,do,-5.954209327697754
503,best,do,-6.631402492523193
504,best,do,-5.240653991699219
505,best,do,-5.982773780822754
506,best,do,-5.229782581329346
507,best,do,-6.1449666023254395
508,best,do,-5.502452850341797
509,best,do,-6.169853687286377
510,best,do,-7.072837829589844
511,best,do,-4.865039348602295
512,best,do,-7.626782417297363
513,best,do,-6.3970947265625
514,best,do,-5.344361305236816
515,best,do,-5.549758434295654
516,best,do,-5.96239709854126
517,best,do,-4.412603378295898
518,best,do,-5.876378059387207
519,best,do,-7.19695520401001
520,best,do,-5.744874000549316
521,best,do,-6.172601222991943
522,best,do,-5.667243957519531
523,best,do,-5.611886024475098
524,best,do,-4.790221691131592
525,best,do,-6.4915313720703125
526,best,do,-7.374072074890137
527,best,do,-4.5693206787109375
528,best,do,-6.387082576751709
529,best,do,-6.387082576751709
530,best,do,-6.497771263122559
531,best,do,-5.9365057945251465
532,best,do,-5.241959571838379
533,best,do,-7.132317543029785
534,best,do,-6.104104995727539
535,best,do,-4.365133285522461
536,best,pp,-6.348371982574463
537,best,pp,-5.78608512878418
538,best,pp,-4.05881404876709
539,best,pp,-4.34666109085083
540,best,pp,-5.656555652618408
541,best,pp,-4.256433486938477
542,best,pp,-5.273523807525635
543,best,pp,-4.874819278717041
544,best,pp,-4.537400722503662
545,best,pp,-4.8282670974731445
546,best,pp,-5.495401382446289
547,best,pp,-4.803865909576416
548,best,pp,-4.599926471710205
549,best,pp,-4.894675254821777
550,best,pp,-4.8192458152771
551,best,pp,-4.218113422393799
552,best,pp,-4.736430644989014
553,best,pp,-5.968684196472168
554,best,pp,-4.175063610076904
555,best,pp,-6.10186767578125
556,best,do,-5.369473934173584
557,best,do,-6.004361152648926
558,best,do,-7.046694278717041
559,best,do,-6.002862453460693
560,best,do,-6.975272178649902
561,best,do,-5.371532440185547
562,best,do,-6.494215965270996
563,best,do,-6.506426811218262
564,best,do,-6.004361152648926
565,best,do,-6.993093967437744
566,best,do,-4.330140590667725
567,best,do,-5.312425136566162
568,best,do,-6.100674152374268
569,best,do,-6.140179634094238
570,best,do,-6.02782678604126
571,best,do,-5.944319248199463
572,best,do,-5.377692222595215
573,best,do,-6.618082523345947
574,best,do,-6.618082523345947
575,best,do,-6.4042558670043945
576,best,do,-6.0382161140441895
577,best,do,-6.1150102615356445
578,best,do,-5.377692222595215
579,best,do,-5.5483832359313965
580,best,do,-4.851935863494873
581,best,do,-6.100674152374268
582,best,do,-6.79705810546875
583,best,do,-5.75773286819458
584,best,do,-4.567625522613525
585,best,do,-6.197152614593506
586,best,do,-5.610424041748047
587,best,do,-5.841056823730469
588,best,do,-5.75773286819458
589,best,do,-5.139398097991943
590,best,do,-6.737387180328369
591,best,do,-5.604702472686768
592,best,do,-6.762345790863037
593,best,do,-5.604702472686768
594,best,do,-7.383988857269287
595,best,do,-7.046694278717041
596,best,do,-6.377266883850098
597,best,do,-6.100674152374268
598,best,do,-6.993093967437744
599,best,pp,-4.762961387634277
600,best,pp,-4.778777599334717
601,best,pp,-6.275731563568115
602,best,pp,-4.759701251983643
603,best,pp,-5.743869304656982
604,best,pp,-4.848316669464111
605,best,pp,-6.050254821777344
606,best,pp,-5.193548202514648
607,best,pp,-4.778777599334717
608,best,pp,-5.874419689178467
609,best,pp,-3.978379964828491
610,best,pp,-4.592487335205078
611,best,pp,-5.673486709594727
612,best,pp,-5.674471855163574
613,best,pp,-5.140986919403076
614,best,pp,-4.694990634918213
615,best,pp,-4.336277961730957
616,best,pp,-5.461238861083984
617,best,pp,-5.461238861083984
618,best,pp,-5.112751483917236
619,best,do,-6.258914470672607
620,best,do,-5.148281574249268
621,best,do,-6.768681049346924
622,best,do,-6.012063026428223
623,best,do,-6.310249328613281
624,best,do,-5.57673978805542
625,best,do,-7.0065813064575195
626,best,do,-6.987006664276123
627,best,do,-5.965267181396484
628,best,do,-7.225115776062012
629,best,do,-6.631020545959473
630,best,do,-5.2351179122924805
631,best,do,-5.936492443084717
632,best,do,-5.371766090393066
633,best,do,-6.033527851104736
634,best,do,-6.2534356117248535
635,best,do,-5.550350666046143
636,best,do,-6.875969409942627
637,best,do,-5.936492443084717
638,best,do,-6.718900680541992
639,best,do,-5.8233747482299805
640,best,do,-6.52713680267334
641,best,do,-6.211435317993164
642,best,do,-7.857246398925781
643,best,do,-6.990227222442627
644,best,do,-5.0313310623168945
645,best,do,-6.600352764129639
646,best,do,-6.1067657470703125
647,best,do,-6.6044816970825195
648,best,do,-6.225246429443359
649,best,do,-6.135341167449951
650,best,do,-7.9995574951171875
651,best,do,-6.946481227874756
652,best,do,-7.123072624206543
653,best,do,-7.1493964195251465
654,best,do,-5.383923053741455
655,best,do,-7.444766521453857
656,best,do,-6.633098125457764
657,best,do,-6.868800640106201
658,best,do,-5.936491966247559
659,best,do,-6.767105579376221
660,best,do,-6.777183532714844
661,best,do,-5.982584476470947
662,best,pp,-5.567679405212402
663,best,pp,-4.209441184997559
664,best,pp,-5.18389892578125
665,best,pp,-5.427742004394531
666,best,pp,-5.146486282348633
667,best,pp,-4.6410813331604
668,best,pp,-6.269597053527832
669,best,pp,-6.071946144104004
670,best,pp,-4.845576763153076
671,best,pp,-5.911875247955322
672,best,pp,-5.194286346435547
673,best,pp,-4.3926191329956055
674,best,pp,-5.1476240158081055
675,best,pp,-4.461102485656738
676,best,pp,-5.052783966064453
677,best,pp,-5.296634197235107
678,best,pp,-4.666594505310059
679,best,pp,-5.695371150970459
680,best,pp,-5.1476240158081055
681,best,pp,-5.994822025299072
682,best,do,-6.168511867523193
683,best,do,-7.3113837242126465
684,best,do,-5.312840938568115
685,best,do,-6.003036975860596
686,best,do,-6.88419771194458
687,best,do,-5.93559455871582
688,best,do,-6.957922458648682
689,best,do,-7.982713222503662
690,best,do,-7.000317096710205
691,best,do,-6.161272048950195
692,best,do,-6.778581619262695
693,best,do,-7.690834045410156
694,best,do,-6.906242370605469
695,best,do,-7.217329025268555
696,best,do,-7.985241889953613
697,best,do,-6.649023056030273
698,best,do,-5.825857639312744
699,best,do,-6.707515716552734
700,best,do,-6.699450492858887
701,best,do,-6.343599796295166
702,best,do,-6.267552852630615
703,best,do,-6.637603759765625
704,best,do,-7.48236083984375
705,best,do,-6.046321868896484
706,best,do,-6.079469203948975
707,best,do,-7.212136745452881
708,best,do,-5.769207000732422
709,best,do,-6.230136871337891
710,best,do,-8.398374557495117
711,best,do,-6.5258612632751465
712,best,do,-6.494486331939697
713,best,do,-6.7070441246032715
714,best,do,-7.312985420227051
715,best,do,-7.583399772644043
716,best,do,-7.546067714691162
717,best,do,-7.239881992340088
718,best,do,-7.083169460296631
719,best,do,-6.5267181396484375
720,best,do,-5.68540620803833
721,best,do,-6.0645318031311035
722,best,do,-5.985111236572266
723,best,do,-5.862912654876709
724,best,do,-6.078484058380127
725,best,pp,-5.247021675109863
726,best,pp,-5.7702555656433105
727,best,pp,-4.470927715301514
728,best,pp,-5.232882976531982
729,best,pp,-5.2699503898620605
730,best,pp,-4.934455871582031
731,best,pp,-6.324251174926758
732,best,pp,-6.002201557159424
733,best,pp,-6.462491035461426
734,best,pp,-5.786208152770996
735,best,pp,-5.994051456451416
736,best,pp,-6.053569793701172
737,best,pp,-5.845889568328857
738,best,pp,-5.518975257873535
739,best,pp,-6.201474666595459
740,best,pp,-5.163121700286865
741,best,pp,-5.100983619689941
742,best,pp,-5.626101493835449
743,best,pp,-4.840633392333984
744,best,pp,-5.08095121383667
745,best,pp,-5.4899396896362305
746,best,pp,-5.172851085662842
747,best,pp,-5.62053918838501
748,best,pp,-4.960907459259033
749,best,pp,-4.882336616516113
750,best,pp,-5.144526481628418
751,best,pp,-5.151707649230957
752,best,pp,-4.932494640350342
753,best,pp,-6.265501022338867
754,best,pp,-5.272928714752197
755,best,pp,-4.647480487823486
756,best,pp,-4.477806091308594
757,best,pp,-5.785436630249023
758,best,pp,-3.989253520965576
759,best,pp,-4.983639717102051
760,best,pp,-5.628763198852539
761,best,pp,-5.942943572998047
762,best,pp,-6.065319061279297
763,best,pp,-6.032241344451904
764,best,pp,-5.10414981842041
765,best,pp,-4.183076858520508
766,best,pp,-4.649557590484619
767,best,pp,-4.371790885925293
768,best,pp,-5.463427543640137
769,best,pp,-5.79833459854126
770,best,pp,-5.969076633453369
771,best,pp,-4.907121181488037
772,best,pp,-5.043086528778076
773,best,pp,-5.617761611938477
774,best,pp,-4.404308319091797
775,best,pp,-4.089189052581787
776,best,pp,-4.946630477905273
777,best,pp,-4.063401222229004
778,best,pp,-4.55255126953125
779,best,pp,-4.975064277648926
780,best,pp,-5.230972766876221
781,best,pp,-5.279953479766846
782,best,pp,-4.681891441345215
783,best,pp,-4.742701053619385
784,best,pp,-5.43489933013916
785,best,do,-4.563232421875
786,best,do,-3.9693832397460938
787,best,do,-4.498988628387451
788,best,do,-3.7353198528289795
789,best,do,-3.929333448410034
790,best,do,-3.494518756866455
791,best,do,-5.232210159301758
792,best,do,-4.258605003356934
793,best,do,-5.5770673751831055
794,best,do,-4.734318733215332
795,best,do,-3.554213523864746
796,best,do,-3.364701509475708
797,best,do,-4.665287494659424
798,best,do,-5.113966464996338
799,best,do,-2.9015564918518066
800,best,do,-4.017624378204346
801,best,do,-4.730606555938721
802,best,do,-3.7510740756988525
803,best,do,-5.5600714683532715
804,best,do,-4.828934669494629
805,best,do,-5.548964500427246
806,best,do,-3.5115127563476562
807,best,do,-4.5601348876953125
808,best,do,-6.487107753753662
809,best,do,-4.457597255706787
810,best,do,-4.585865020751953
811,best,do,-5.831356048583984
812,best,do,-4.282020568847656
813,best,do,-3.8408491611480713
814,best,do,-4.346859931945801
815,best,do,-3.996462345123291
816,best,do,-4.301555156707764
817,best,do,-4.241798400878906
818,best,do,-4.336446285247803
819,best,do,-4.5243353843688965
820,best,do,-4.017624378204346
821,best,do,-5.519514560699463
822,best,do,-4.928125858306885
823,best,do,-3.7313618659973145
824,best,do,-4.263977527618408
825,best,do,-5.134446144104004
826,best,do,-3.4367196559906006
827,best,do,-4.9089484214782715
828,best,pp,-4.398340225219727
829,best,pp,-4.367284774780273
830,best,pp,-4.725918769836426
831,best,pp,-4.005770683288574
832,best,pp,-4.416271686553955
833,best,pp,-3.8985400199890137
834,best,pp,-5.489673614501953
835,best,pp,-4.397995948791504
836,best,pp,-5.7122721672058105
837,best,pp,-4.867201805114746
838,best,pp,-3.79219126701355
839,best,pp,-3.5706305503845215
840,best,pp,-4.460620880126953
841,best,pp,-5.058047294616699
842,best,pp,-3.2627835273742676
843,best,pp,-4.092031002044678
844,best,pp,-4.874333381652832
845,best,pp,-3.979719877243042
846,best,pp,-5.499127388000488
847,best,pp,-4.791589736938477
848,best,do,-4.539614200592041
849,best,do,-4.839402198791504
850,best,do,-4.7652268409729
851,best,do,-5.668739318847656
852,best,do,-3.892148733139038
853,best,do,-4.804222583770752
854,best,do,-5.871140480041504
855,best,do,-5.066959857940674
856,best,do,-4.610335826873779
857,best,do,-4.944906234741211
858,best,do,-5.547055721282959
859,best,do,-5.108691215515137
860,best,do,-4.437304973602295
861,best,do,-4.420212268829346
862,best,do,-4.4059834480285645
863,best,do,-4.473581314086914
864,best,do,-4.622687339782715
865,best,do,-5.859638690948486
866,best,do,-4.316829204559326
867,best,do,-4.245841026306152
868,best,do,-5.557312965393066
869,best,do,-3.9236083030700684
870,best,do,-6.244278907775879
871,best,do,-3.999079704284668
872,best,do,-4.03748893737793
873,best,do,-4.91700553894043
874,best,do,-4.610335350036621
875,best,do,-4.277131080627441
876,best,do,-4.333885669708252
877,best,do,-4.6960601806640625
878,best,do,-4.886006832122803
879,best,do,-4.111907482147217
880,best,do,-6.371639251708984
881,best,do,-4.908052921295166
882,best,do,-4.487878799438477
883,best,do,-5.38320779800415
884,best,do,-4.539614677429199
885,best,do,-4.298933029174805
886,best,do,-4.263577461242676
887,best,do,-5.089264869689941
888,best,do,-5.541857719421387
889,best,do,-5.46793270111084
890,best,do,-4.061910629272461
891,best,pp,-4.309300899505615
892,best,pp,-4.620594024658203
893,best,pp,-4.851313591003418
894,best,pp,-5.452136039733887
895,best,pp,-3.8746204376220703
896,best,pp,-4.753722667694092
897,best,pp,-5.823642253875732
898,best,pp,-5.150561809539795
899,best,pp,-4.536177635192871
900,best,pp,-4.767821311950684
901,best,pp,-5.309111595153809
902,best,pp,-5.309947967529297
903,best,pp,-4.546143531799316
904,best,pp,-4.229388236999512
905,best,pp,-4.554898262023926
906,best,pp,-4.565634727478027
907,best,pp,-4.678327560424805
908,best,pp,-5.512307167053223
909,best,pp,-4.189720630645752
910,best,pp,-4.136752128601074
911,best,do,-5.653067588806152
912,best,do,-5.446971416473389
913,best,do,-5.003322601318359
914,best,do,-5.02888298034668
915,best,do,-4.857267379760742
916,best,do,-5.359665393829346
917,best,do,-5.7483673095703125
918,best,do,-5.915155410766602
919,best,do,-4.77760124206543
920,best,do,-5.504552841186523
921,best,do,-5.130136489868164
922,best,do,-5.511600017547607
923,best,do,-6.473333358764648
924,best,do,-4.982237815856934
925,best,do,-5.072544574737549
926,best,do,-5.9579997062683105
927,best,do,-5.382966041564941
928,best,do,-6.0176777839660645
929,best,do,-5.530174732208252
930,best,do,-4.735482215881348
931,best,do,-5.53569221496582
932,best,do,-4.5303239822387695
933,best,do,-5.322510242462158
934,best,do,-4.859648704528809
935,best,do,-4.674337387084961
936,best,do,-4.795621871948242
937,best,do,-4.0138397216796875
938,best,do,-5.075067520141602
939,best,do,-6.163965225219727
940,best,do,-4.51076078414917
941,best,do,-4.966421127319336
942,best,do,-6.111413955688477
943,best,do,-4.701236724853516
944,best,do,-4.981972694396973
945,best,do,-4.7372517585754395
946,best,do,-6.363444805145264
947,best,do,-5.296180725097656
948,best,do,-4.7659077644348145
949,best,do,-5.504552841186523
950,best,do,-5.307491779327393
951,best,do,-5.837774276733398
952,best,do,-4.8554534912109375
953,best,do,-5.521250247955322
954,best,pp,-5.744716167449951
955,best,pp,-5.260619163513184
956,best,pp,-4.897523403167725
957,best,pp,-4.922238826751709
958,best,pp,-4.881835460662842
959,best,pp,-5.540037631988525
960,best,pp,-5.905990123748779
961,best,pp,-5.791016578674316
962,best,pp,-4.541041374206543
963,best,pp,-5.281449794769287
964,best,pp,-5.431487560272217
965,best,pp,-5.34766149520874
966,best,pp,-6.002494812011719
967,best,pp,-5.157398223876953
968,best,pp,-5.364943981170654
969,best,pp,-5.496182441711426
970,best,pp,-5.565506935119629
971,best,pp,-5.95436429977417
972,best,pp,-5.736998558044434
973,best,pp,-4.884723663330078
974,best,do,-5.109611511230469
975,best,do,-4.872347354888916
976,best,do,-6.60308837890625
977,best,do,-5.670816898345947
978,best,do,-4.435299873352051
979,best,do,-4.676933765411377
980,best,do,-5.444245338439941
981,best,do,-4.717455863952637
982,best,do,-5.896082878112793
983,best,do,-4.66982889175415
984,best,do,-5.234485149383545
985,best,do,-5.749689102172852
986,best,do,-5.638417720794678
987,best,do,-5.35641622543335
988,best,do,-6.818896293640137
989,best,do,-6.164070129394531
990,best,do,-6.0563201904296875
991,best,do,-5.329678058624268
992,best,do,-5.003955364227295
993,best,do,-5.028748989105225
994,best,do,-4.886539936065674
995,best,do,-6.312915802001953
996,best,do,-5.310677528381348
997,best,do,-5.335848331451416
998,best,do,-5.607456684112549
999,best,do,-5.49314022064209
1000,best,do,-4.712351322174072
1001,best,do,-5.19816255569458
1002,best,do,-4.799100875854492
1003,best,do,-5.028748989105225
1004,best,do,-5.463321685791016
1005,best,do,-5.071287631988525
1006,best,do,-5.475180149078369
1007,best,do,-5.374632835388184
1008,best,do,-4.632720947265625
1009,best,do,-4.310949802398682
1010,best,do,-4.778327941894531
1011,best,do,-5.0867204666137695
1012,best,do,-6.042403221130371
1013,best,do,-5.8589701652526855
1014,best,do,-6.042403221130371
1015,best,do,-4.769007682800293
1016,best,do,-4.078268527984619
1017,best,pp,-4.877497673034668
1018,best,pp,-4.6523637771606445
1019,best,pp,-7.05560302734375
1020,best,pp,-5.273813247680664
1021,best,pp,-4.699761867523193
1022,best,pp,-4.417140960693359
1023,best,pp,-5.394781589508057
1024,best,pp,-4.609498977661133
1025,best,pp,-5.418004989624023
1026,best,pp,-4.700802803039551
1027,best,pp,-5.330657005310059
1028,best,pp,-5.8556060791015625
1029,best,pp,-6.050944805145264
1030,best,pp,-5.123239040374756
1031,best,pp,-6.462268829345703
1032,best,pp,-5.965336322784424
1033,best,pp,-6.080384254455566
1034,best,pp,-4.9603190422058105
1035,best,pp,-4.743268013000488
1036,best,pp,-5.030954837799072
1037,best,pp,-5.115695476531982
1038,best,pp,-4.609646797180176
1039,best,pp,-5.480665683746338
1040,best,pp,-5.306031703948975
1041,best,pp,-4.186758995056152
1042,best,pp,-5.267913341522217
1043,best,pp,-6.41500997543335
1044,best,pp,-3.85015869140625
1045,best,pp,-6.101474761962891
1046,best,pp,-5.037703990936279
1047,best,pp,-6.068772315979004
1048,best,pp,-4.199389457702637
1049,best,pp,-4.754046440124512
1050,best,pp,-4.3256611824035645
1051,best,pp,-4.295938491821289
1052,best,pp,-5.15888786315918
1053,best,pp,-5.255741596221924
1054,best,pp,-4.771849632263184
1055,best,pp,-4.318591117858887
1056,best,pp,-4.564778804779053
1057,best,pp,-5.103031635284424
1058,best,pp,-4.634099006652832
1059,best,pp,-5.287083625793457
1060,best,pp,-4.732529163360596
1061,best,pp,-4.506241321563721
1062,best,pp,-4.16619873046875
1063,best,pp,-3.803912878036499
1064,best,pp,-4.940257549285889
1065,best,pp,-5.694878101348877
1066,best,pp,-4.2243876457214355
1067,best,pp,-4.988894939422607
1068,best,pp,-4.591095447540283
1069,best,pp,-4.808830738067627
1070,best,pp,-4.814442157745361
1071,best,pp,-4.839395999908447
1072,best,pp,-4.276188373565674
1073,best,pp,-3.7645039558410645
1074,best,pp,-4.254369258880615
1075,best,pp,-4.135316848754883
1076,best,pp,-6.08233642578125
1077,best,do,-4.923492908477783
1078,best,do,-5.006237506866455
1079,best,do,-5.21462869644165
1080,best,do,-4.604310512542725
1081,best,do,-3.7398011684417725
1082,best,do,-4.727400302886963
1083,best,do,-5.27777624130249
1084,best,do,-4.575372695922852
1085,best,do,-3.597513198852539
1086,best,do,-4.965252876281738
1087,best,do,-4.703924179077148
1088,best,do,-3.3027572631835938
1089,best,do,-5.769566059112549
1090,best,do,-4.637705326080322
1091,best,do,-4.633969783782959
1092,best,do,-4.3843183517456055
1093,best,do,-5.1627116203308105
1094,best,do,-4.000852108001709
1095,best,do,-5.352071762084961
1096,best,do,-4.453379154205322
1097,best,do,-4.31254768371582
1098,best,do,-4.883083343505859
1099,best,do,-5.098032474517822
1100,best,do,-4.737522602081299
1101,best,do,-4.952913761138916
1102,best,do,-5.001766681671143
1103,best,do,-4.235816478729248
1104,best,do,-3.3172073364257812
1105,best,do,-4.396297931671143
1106,best,do,-3.9332573413848877
1107,best,do,-4.883083343505859
1108,best,do,-6.499878406524658
1109,best,do,-4.346566200256348
1110,best,do,-5.397027492523193
1111,best,do,-6.051449775695801
1112,best,do,-4.254986763000488
1113,best,do,-5.104522228240967
1114,best,do,-3.8880672454833984
1115,best,do,-4.389464855194092
1116,best,do,-5.509425640106201
1117,best,do,-4.954443454742432
1118,best,do,-4.5515217781066895
1119,best,do,-4.103075981140137
1120,best,pp,-4.495877265930176
1121,best,pp,-4.707451820373535
1122,best,pp,-5.511736869812012
1123,best,pp,-4.336019992828369
1124,best,pp,-3.5792174339294434
1125,best,pp,-4.42184591293335
1126,best,pp,-4.760420799255371
1127,best,pp,-4.335583686828613
1128,best,pp,-3.4925637245178223
1129,best,pp,-4.383864402770996
1130,best,pp,-4.131083965301514
1131,best,pp,-3.399736166000366
1132,best,pp,-4.96392822265625
1133,best,pp,-4.423371315002441
1134,best,pp,-4.415215492248535
1135,best,pp,-4.09765625
1136,best,pp,-4.864089488983154
1137,best,pp,-3.812617540359497
1138,best,pp,-4.98697566986084
1139,best,pp,-4.10043478012085
1140,best,do,-5.4056396484375
1141,best,do,-4.918550491333008
1142,best,do,-4.735103130340576
1143,best,do,-4.742757797241211
1144,best,do,-5.445384502410889
1145,best,do,-4.314601421356201
1146,best,do,-5.4056396484375
1147,best,do,-5.744063854217529
1148,best,do,-4.979217052459717
1149,best,do,-5.273078441619873
1150,best,do,-5.0857014656066895
1151,best,do,-6.793554782867432
1152,best,do,-4.9630842208862305
1153,best,do,-5.315844535827637
1154,best,do,-4.918488025665283
1155,best,do,-4.516781330108643
1156,best,do,-5.635727405548096
1157,best,do,-5.57896614074707
1158,best,do,-5.279706954956055
1159,best,do,-4.852216720581055
1160,best,do,-5.639210224151611
1161,best,do,-3.89117169380188
1162,best,do,-6.056661128997803
1163,best,do,-5.657230377197266
1164,best,do,-4.918550491333008
1165,best,do,-5.395709991455078
1166,best,do,-5.20589542388916
1167,best,do,-5.312357425689697
1168,best,do,-5.213700294494629
1169,best,do,-5.616053104400635
1170,best,do,-5.206422328948975
1171,best,do,-4.414995193481445
1172,best,do,-5.635727405548096
1173,best,do,-5.630674839019775
1174,best,do,-4.98974084854126
1175,best,do,-4.98974084854126
1176,best,do,-5.423696041107178
1177,best,do,-5.618322372436523
1178,best,do,-4.1249823570251465
1179,best,do,-4.516781330108643
1180,best,do,-6.056661128997803
1181,best,do,-5.854333400726318
1182,best,do,-5.312357425689697
1183,best,pp,-5.257352352142334
1184,best,pp,-4.771691799163818
1185,best,pp,-4.131885528564453
1186,best,pp,-4.16554594039917
1187,best,pp,-5.155449867248535
1188,best,pp,-3.934284210205078
1189,best,pp,-5.257352352142334
1190,best,pp,-5.134896755218506
1191,best,pp,-4.537356376647949
1192,best,pp,-4.549106597900391
1193,best,pp,-4.601590633392334
1194,best,pp,-5.971400737762451
1195,best,pp,-4.217442035675049
1196,best,pp,-5.144252300262451
1197,best,pp,-4.459892749786377
1198,best,pp,-3.7705283164978027
1199,best,pp,-5.017569065093994
1200,best,pp,-4.986602306365967
1201,best,pp,-4.962839603424072
1202,best,pp,-4.325348377227783
1203,best,do,-6.459690093994141
1204,best,do,-4.977027893066406
1205,best,do,-6.064836502075195
1206,best,do,-6.170268535614014
1207,best,do,-5.624865531921387
1208,best,do,-6.007582664489746
1209,best,do,-6.151773452758789
1210,best,do,-5.981485843658447
1211,best,do,-5.271097660064697
1212,best,do,-6.430793762207031
1213,best,do,-5.692455768585205
1214,best,do,-5.711387634277344
1215,best,do,-5.237081527709961
1216,best,do,-5.315686225891113
1217,best,do,-6.34213924407959
1218,best,do,-5.112220287322998
1219,best,do,-5.443931579589844
1220,best,do,-5.55341911315918
1221,best,do,-6.265841484069824
1222,best,do,-5.2311553955078125
1223,best,do,-6.62006139755249
1224,best,do,-6.428429126739502
1225,best,do,-7.33390998840332
1226,best,do,-5.244548797607422
1227,best,do,-6.337581634521484
1228,best,do,-5.790707111358643
1229,best,do,-5.820051670074463
1230,best,do,-5.990800380706787
1231,best,do,-5.690359592437744
1232,best,do,-6.03729248046875
1233,best,do,-5.477683067321777
1234,best,do,-5.102397441864014
1235,best,do,-5.974457740783691
1236,best,do,-5.3765106201171875
1237,best,do,-5.682937145233154
1238,best,do,-5.391270160675049
1239,best,do,-4.9574995040893555
1240,best,do,-5.62176513671875
1241,best,do,-5.639277935028076
1242,best,do,-4.958222389221191
1243,best,do,-5.09100341796875
1244,best,do,-6.982840538024902
1245,best,do,-6.241211891174316
1246,best,pp,-6.285261631011963
1247,best,pp,-4.309822082519531
1248,best,pp,-5.440877914428711
1249,best,pp,-4.885063171386719
1250,best,pp,-5.156633377075195
1251,best,pp,-5.433655261993408
1252,best,pp,-5.695180892944336
1253,best,pp,-5.492750644683838
1254,best,pp,-4.836298942565918
1255,best,pp,-5.88926362991333
1256,best,pp,-5.051957130432129
1257,best,pp,-5.202254295349121
1258,best,pp,-4.82387638092041
1259,best,pp,-4.691760063171387
1260,best,pp,-5.1516218185424805
1261,best,pp,-4.497192859649658
1262,best,pp,-5.27704381942749
1263,best,pp,-5.104511737823486
1264,best,pp,-5.506832599639893
1265,best,pp,-4.876025676727295
1266,best,do,-4.904045104980469
1267,best,do,-5.054022789001465
1268,best,do,-5.773504734039307
1269,best,do,-4.590939998626709
1270,best,do,-5.499641418457031
1271,best,do,-6.2450408935546875
1272,best,do,-7.422627925872803
1273,best,do,-6.675870895385742
1274,best,do,-5.315937519073486
1275,best,do,-5.822725772857666
1276,best,do,-5.677034854888916
1277,best,do,-5.084167003631592
1278,best,do,-6.056055545806885
1279,best,do,-6.020382404327393
1280,best,do,-5.31680154800415
1281,best,do,-6.946868896484375
1282,best,do,-5.302958011627197
1283,best,do,-5.828707218170166
1284,best,do,-5.766631126403809
1285,best,do,-5.903598308563232
1286,best,do,-5.63802433013916
1287,best,do,-5.991186141967773
1288,best,do,-6.145836353302002
1289,best,do,-6.315223693847656
1290,best,do,-5.474833011627197
1291,best,do,-5.247519493103027
1292,best,do,-4.844231128692627
1293,best,do,-6.520491123199463
1294,best,do,-5.742726802825928
1295,best,do,-5.448976039886475
1296,best,do,-5.529609680175781
1297,best,do,-6.070398330688477
1298,best,do,-6.046792984008789
1299,best,do,-5.037048816680908
1300,best,do,-5.0950026512146
1301,best,do,-6.5640435218811035
1302,best,do,-5.969666004180908
1303,best,do,-6.513177394866943
1304,best,do,-4.814816951751709
1305,best,do,-6.920079708099365
1306,best,do,-6.9078049659729
1307,best,do,-6.199911594390869
1308,best,do,-5.980200290679932
1309,best,pp,-4.292045593261719
1310,best,pp,-4.119570255279541
1311,best,pp,-5.173778057098389
1312,best,pp,-4.1659770011901855
1313,best,pp,-4.381961822509766
1314,best,pp,-5.239500522613525
1315,best,pp,-6.744822978973389
1316,best,pp,-6.6498823165893555
1317,best,pp,-4.499711036682129
1318,best,pp,-5.787337779998779
1319,best,pp,-5.2885589599609375
1320,best,pp,-4.4442853927612305
1321,best,pp,-5.9756951332092285
1322,best,pp,-4.958072662353516
1323,best,pp,-5.504724979400635
1324,best,pp,-5.91355037689209
1325,best,pp,-4.517865180969238
1326,best,pp,-6.414888858795166
1327,best,pp,-4.8054986000061035
1328,best,pp,-5.304905414581299
1329,best,pp,-4.514651298522949
1330,best,pp,-4.117530345916748
1331,best,pp,-5.495957374572754
1332,best,pp,-5.1205973625183105
1333,best,pp,-5.674909591674805
1334,best,pp,-4.360957622528076
1335,best,pp,-4.725926399230957
1336,best,pp,-5.448066711425781
1337,best,pp,-5.135074138641357
1338,best,pp,-5.3029255867004395
1339,best,pp,-4.797874927520752
1340,best,pp,-4.922171592712402
1341,best,pp,-5.152553081512451
1342,best,pp,-5.969116687774658
1343,best,pp,-5.853921890258789
1344,best,pp,-4.595637798309326
1345,best,pp,-5.79459285736084
1346,best,pp,-4.413590908050537
1347,best,pp,-5.51310396194458
1348,best,pp,-5.234443664550781
1349,best,pp,-3.764248847961426
1350,best,pp,-4.294039726257324
1351,best,pp,-5.0379638671875
1352,best,pp,-4.8059563636779785
1353,best,pp,-4.316416263580322
1354,best,pp,-3.7017126083374023
1355,best,pp,-4.3655571937561035
1356,best,pp,-4.549792289733887
1357,best,pp,-5.160153865814209
1358,best,pp,-4.646354675292969
1359,best,pp,-3.94262957572937
1360,best,pp,-4.864377498626709
1361,best,pp,-5.204555511474609
1362,best,pp,-5.522335052490234
1363,best,pp,-4.492658615112305
1364,best,pp,-5.039521217346191
1365,best,pp,-5.218716144561768
1366,best,pp,-4.9132208824157715
1367,best,pp,-4.595554828643799
1368,best,pp,-4.130119800567627
