item_id,model_state,score
0,initial,-6.660107135772705
1,initial,-8.770824432373047
2,initial,-6.657324314117432
3,initial,-7.160205364227295
4,initial,-5.918132305145264
5,initial,-8.187697410583496
6,initial,-6.338079452514648
7,initial,-8.020822525024414
8,initial,-6.330955505371094
9,initial,-6.579813480377197
10,initial,-7.801628589630127
11,initial,-6.71897554397583
12,initial,-6.063056945800781
13,initial,-6.689145565032959
14,initial,-6.608625888824463
15,initial,-6.664626121520996
16,initial,-8.218362808227539
17,initial,-6.71897554397583
18,initial,-8.118946075439453
19,initial,-6.657324314117432
20,initial,-8.257230758666992
21,initial,-8.107117652893066
22,initial,-8.366019248962402
23,initial,-7.501591682434082
24,initial,-6.639528274536133
25,initial,-8.107117652893066
26,initial,-8.354266166687012
27,initial,-7.353437900543213
28,initial,-6.298681735992432
29,initial,-8.354266166687012
30,initial,-6.78865385055542
31,initial,-8.683035850524902
32,initial,-6.971217155456543
33,initial,-8.403943061828613
34,initial,-8.451422691345215
35,initial,-7.354055881500244
36,initial,-6.555766582489014
37,initial,-8.38049030303955
38,initial,-6.702260971069336
39,initial,-7.859096527099609
40,initial,-7.817094802856445
41,initial,-6.025947093963623
42,initial,-8.219232559204102
43,initial,-6.267965793609619
44,initial,-7.460011005401611
45,initial,-8.075754165649414
46,initial,-6.954209327697754
47,initial,-7.308626174926758
48,initial,-7.738938331604004
49,initial,-8.387804985046387
50,initial,-7.923253536224365
51,initial,-7.7187676429748535
52,initial,-6.1273193359375
53,initial,-7.687861442565918
54,initial,-7.312337398529053
55,initial,-7.078627109527588
56,initial,-7.551703453063965
57,initial,-6.8715949058532715
58,initial,-7.179666519165039
59,initial,-6.473683834075928
60,initial,-6.078933238983154
61,initial,-8.585667610168457
62,initial,-8.192933082580566
63,initial,-8.998923301696777
64,initial,-8.891280174255371
65,initial,-7.7411932945251465
66,initial,-7.451175212860107
67,initial,-6.274710655212402
68,initial,-7.770235538482666
69,initial,-6.187305450439453
70,initial,-7.986927509307861
71,initial,-6.175275802612305
72,initial,-7.500079154968262
73,initial,-8.203468322753906
74,initial,-8.221673965454102
75,initial,-9.2299222946167
76,initial,-8.164515495300293
77,initial,-6.801905155181885
78,initial,-7.115659236907959
79,initial,-6.21610164642334
80,initial,-6.340189456939697
81,initial,-7.612464904785156
82,initial,-6.86994743347168
83,initial,-6.570719242095947
84,initial,-6.7805256843566895
85,initial,-6.515818119049072
86,initial,-6.34780216217041
87,initial,-7.773885250091553
88,initial,-8.571752548217773
89,initial,-6.41030740737915
90,initial,-6.620882034301758
91,initial,-6.449936866760254
92,initial,-6.8975982666015625
93,initial,-5.811208248138428
94,initial,-7.410233974456787
95,initial,-7.350502014160156
96,initial,-7.834592819213867
97,initial,-5.212802886962891
98,initial,-7.411169052124023
99,initial,-6.004817008972168
100,initial,-7.9668450355529785
101,initial,-6.971453666687012
102,initial,-6.856945991516113
103,initial,-7.26961088180542
104,initial,-6.943942546844482
105,initial,-7.740626335144043
106,initial,-5.582023620605469
107,initial,-6.932947635650635
108,initial,-6.943942546844482
109,initial,-5.658600330352783
110,initial,-8.409056663513184
111,initial,-7.567562103271484
112,initial,-6.294546127319336
113,initial,-7.335526466369629
114,initial,-7.759825229644775
115,initial,-6.080780029296875
116,initial,-7.186997890472412
117,initial,-7.789628028869629
118,initial,-6.743326663970947
119,initial,-7.588761329650879
120,initial,-7.921928882598877
121,initial,-7.922449588775635
122,initial,-5.454382419586182
123,initial,-6.072844982147217
124,initial,-6.7494659423828125
125,initial,-5.454382419586182
126,initial,-8.542092323303223
127,initial,-6.837835788726807
128,initial,-7.978052616119385
129,initial,-6.505326747894287
130,initial,-6.627532005310059
131,initial,-5.8750739097595215
132,initial,-7.908605098724365
133,initial,-7.869287967681885
134,initial,-6.0765204429626465
135,initial,-7.984243869781494
136,initial,-6.99653434753418
137,initial,-8.439496040344238
138,initial,-6.729030609130859
139,initial,-8.412182807922363
140,initial,-7.039738655090332
141,initial,-6.5012407302856445
142,initial,-8.00784969329834
143,initial,-6.1794562339782715
144,initial,-8.088990211486816
145,initial,-8.017108917236328
146,initial,-7.129270553588867
147,initial,-7.319372653961182
148,initial,-7.7350897789001465
149,initial,-7.54425048828125
150,initial,-7.406724452972412
151,initial,-7.638638496398926
152,initial,-6.479249954223633
153,initial,-6.163440227508545
154,initial,-7.0485758781433105
155,initial,-7.0635247230529785
156,initial,-7.0485758781433105
157,initial,-7.349466323852539
158,initial,-7.933730125427246
159,initial,-6.726353645324707
160,initial,-6.832650661468506
161,initial,-7.786036014556885
162,initial,-7.255234718322754
163,initial,-8.429058074951172
164,initial,-7.928582668304443
165,initial,-7.259133815765381
166,initial,-6.2692437171936035
167,initial,-7.307682514190674
168,initial,-8.571220397949219
169,initial,-6.373898983001709
170,initial,-8.68533992767334
171,initial,-7.689258098602295
172,initial,-8.731009483337402
173,initial,-8.586018562316895
174,initial,-6.952032089233398
175,initial,-7.408231258392334
176,initial,-8.427123069763184
177,initial,-8.730783462524414
178,initial,-6.026425838470459
179,initial,-8.163150787353516
180,initial,-5.675446033477783
181,initial,-6.172175884246826
182,initial,-6.635274410247803
183,initial,-6.020962715148926
184,initial,-7.243124961853027
185,initial,-7.347141265869141
186,initial,-6.790582180023193
187,initial,-7.382075786590576
188,initial,-6.86719274520874
189,initial,-7.388854026794434
190,initial,-8.676482200622559
191,initial,-7.755548477172852
192,initial,-6.790963172912598
193,initial,-8.069628715515137
194,initial,-7.161659240722656
195,initial,-5.506105899810791
196,initial,-8.080683708190918
197,initial,-6.774220943450928
198,initial,-6.782796859741211
199,initial,-5.420083045959473
200,initial,-6.142826080322266
201,initial,-7.632955074310303
202,initial,-6.364287376403809
203,initial,-6.064399242401123
204,initial,-5.195163249969482
205,initial,-5.195163249969482
206,initial,-6.156177043914795
207,initial,-6.504075527191162
208,initial,-8.301642417907715
209,initial,-7.938576698303223
210,initial,-7.779752254486084
211,initial,-7.941500663757324
212,initial,-7.808072566986084
213,initial,-6.6891279220581055
214,initial,-5.643372058868408
215,initial,-7.050028324127197
216,initial,-6.311374664306641
217,initial,-7.778313636779785
218,initial,-7.385861396789551
219,initial,-7.9901509284973145
220,initial,-6.807222366333008
221,initial,-7.252604007720947
222,initial,-7.365504741668701
223,initial,-8.326009750366211
224,initial,-6.874546527862549
225,initial,-7.683544158935547
226,initial,-7.669793605804443
227,initial,-7.823387622833252
228,initial,-7.402892112731934
229,initial,-8.392024040222168
230,initial,-7.188652992248535
231,initial,-7.515202045440674
232,initial,-7.384623050689697
233,initial,-7.9641571044921875
234,initial,-7.189030647277832
235,initial,-8.417593002319336
236,initial,-8.736660957336426
237,initial,-8.685951232910156
238,initial,-7.69893741607666
239,initial,-6.596104621887207
240,initial,-6.948101043701172
241,initial,-8.359140396118164
242,initial,-8.108423233032227
243,initial,-6.590616703033447
244,initial,-7.758459568023682
245,initial,-7.920300483703613
246,initial,-8.304823875427246
247,initial,-8.09809398651123
248,initial,-7.39856481552124
249,initial,-7.889690399169922
250,initial,-7.99476957321167
251,initial,-7.2779693603515625
252,initial,-7.189030647277832
253,initial,-7.252604007720947
254,initial,-7.252604007720947
255,initial,-8.392024040222168
256,initial,-7.647343158721924
257,initial,-7.117747783660889
258,initial,-8.193556785583496
259,initial,-6.586000919342041
260,initial,-8.732512474060059
261,initial,-8.30131721496582
262,initial,-7.045607566833496
263,initial,-6.483280658721924
264,initial,-6.738842487335205
265,initial,-6.670620918273926
266,initial,-7.747250556945801
267,initial,-6.74336051940918
268,initial,-7.1211957931518555
269,initial,-6.971437454223633
270,initial,-7.254340171813965
271,initial,-7.221747398376465
272,initial,-7.754059791564941
273,initial,-6.677068710327148
274,initial,-6.631031036376953
275,initial,-7.039809226989746
276,initial,-7.229822158813477
277,initial,-6.441251754760742
278,initial,-7.265348434448242
279,initial,-7.662357807159424
280,initial,-7.675265789031982
281,initial,-6.826344013214111
282,initial,-6.229807376861572
283,initial,-6.267123222351074
284,initial,-8.772626876831055
285,initial,-7.972365379333496
286,initial,-6.688693046569824
287,initial,-7.064641952514648
288,initial,-8.550620079040527
289,initial,-7.870909690856934
290,initial,-8.060254096984863
291,initial,-7.949304103851318
292,initial,-8.405508041381836
293,initial,-7.248239040374756
294,initial,-8.56019401550293
295,initial,-8.194563865661621
296,initial,-8.174179077148438
297,initial,-6.452671051025391
298,initial,-7.495100975036621
299,initial,-7.251977920532227
300,initial,-7.495100975036621
301,initial,-7.6230902671813965
302,initial,-7.89473295211792
303,initial,-6.469422817230225
304,initial,-6.99877405166626
305,initial,-7.553158760070801
306,initial,-7.1058783531188965
307,initial,-6.673889636993408
308,initial,-8.19861888885498
309,initial,-8.14537239074707
310,initial,-8.194563865661621
311,initial,-7.981919765472412
312,initial,-8.342044830322266
313,initial,-8.550620079040527
314,initial,-8.171248435974121
315,initial,-6.673889636993408
316,initial,-6.8059611320495605
317,initial,-7.871140480041504
318,initial,-6.831724643707275
319,initial,-8.637835502624512
320,initial,-7.088558197021484
321,initial,-8.550620079040527
322,initial,-7.00490140914917
323,initial,-7.262677192687988
324,initial,-6.474231719970703
325,initial,-8.379816055297852
326,initial,-6.115267276763916
327,initial,-7.8223490715026855
328,initial,-7.492135524749756
329,initial,-6.474318027496338
330,initial,-6.7172417640686035
331,initial,-7.776567459106445
332,initial,-7.2051591873168945
333,initial,-7.510944366455078
334,initial,-7.4942307472229
335,initial,-7.744211673736572
336,initial,-6.898190498352051
337,initial,-7.857780456542969
338,initial,-7.404128074645996
339,initial,-7.671937942504883
340,initial,-6.707299709320068
341,initial,-7.049872398376465
342,initial,-7.154959201812744
343,initial,-7.049872398376465
344,initial,-7.2779951095581055
345,initial,-7.587704181671143
346,initial,-6.605401039123535
347,initial,-7.318817138671875
348,initial,-7.071315765380859
349,initial,-7.331842422485352
350,initial,-5.884284019470215
351,initial,-6.905484676361084
352,initial,-5.73682975769043
353,initial,-6.8895392417907715
354,initial,-6.103641510009766
355,initial,-6.597753524780273
356,initial,-6.824896812438965
357,initial,-7.323353290557861
358,initial,-7.10209846496582
359,initial,-6.663094520568848
360,initial,-6.87232780456543
361,initial,-6.318145751953125
362,initial,-6.784163475036621
363,initial,-6.582338809967041
364,initial,-7.368350505828857
365,initial,-6.496673583984375
366,initial,-7.28422212600708
367,initial,-6.962392807006836
368,initial,-7.254911422729492
369,initial,-7.120105266571045
370,initial,-6.488865852355957
371,initial,-6.9853315353393555
372,initial,-5.292318344116211
373,initial,-6.529355049133301
374,initial,-7.124843120574951
375,initial,-6.813033103942871
376,initial,-6.986001968383789
377,initial,-6.260478496551514
378,initial,-6.6710524559021
379,initial,-5.520373344421387
380,initial,-6.3226094245910645
381,initial,-7.357146263122559
382,initial,-6.234629154205322
383,initial,-6.34683084487915
384,initial,-6.639247894287109
385,initial,-6.800177574157715
386,initial,-6.962392807006836
387,initial,-6.702028274536133
388,initial,-7.361960411071777
389,initial,-6.298048973083496
390,initial,-7.145310878753662
391,initial,-6.525199890136719
392,initial,-6.6091132164001465
393,initial,-5.826515197753906
394,initial,-6.658419132232666
395,initial,-5.948751926422119
396,initial,-6.758094787597656
397,initial,-6.203751087188721
398,initial,-6.81439208984375
399,initial,-6.780574798583984
400,initial,-7.090126037597656
401,initial,-7.366869926452637
402,initial,-6.778820991516113
403,initial,-6.844427585601807
404,initial,-6.137022972106934
405,initial,-6.574173927307129
406,initial,-6.9912590980529785
407,initial,-7.147329807281494
408,initial,-6.361371994018555
409,initial,-7.29755163192749
410,initial,-7.305867671966553
411,initial,-8.069610595703125
412,initial,-8.487282752990723
413,initial,-7.719872951507568
414,initial,-8.005102157592773
415,initial,-7.085573196411133
416,initial,-7.543098449707031
417,initial,-8.133788108825684
418,initial,-7.382956027984619
419,initial,-5.705907344818115
420,initial,-6.624711513519287
421,initial,-8.212128639221191
422,initial,-8.823599815368652
423,initial,-7.4646077156066895
424,initial,-8.073875427246094
425,initial,-7.97681188583374
426,initial,-7.502988338470459
427,initial,-6.731483459472656
428,initial,-8.39433765411377
429,initial,-7.852773189544678
430,initial,-8.439946174621582
431,initial,-8.14533805847168
432,initial,-8.125737190246582
433,initial,-8.674993515014648
434,initial,-8.327921867370605
435,initial,-7.460893630981445
436,initial,-5.990067481994629
437,initial,-6.8565778732299805
438,initial,-7.154665470123291
439,initial,-8.539926528930664
440,initial,-7.329795837402344
441,initial,-8.115184783935547
442,initial,-6.788110256195068
443,initial,-7.389801979064941
444,initial,-8.267773628234863
445,initial,-7.713342666625977
446,initial,-8.79468822479248
447,initial,-8.599114418029785
448,initial,-8.986268043518066
449,initial,-7.5669074058532715
450,initial,-8.311840057373047
451,initial,-6.360457420349121
452,initial,-6.5984110832214355
453,initial,-6.7149810791015625
454,initial,-7.8028788566589355
455,initial,-8.019325256347656
456,initial,-7.625193119049072
457,initial,-7.362612724304199
458,initial,-6.401926040649414
459,initial,-6.852239608764648
460,initial,-7.411773681640625
461,initial,-7.026616096496582
462,initial,-5.875136375427246
463,initial,-6.078437328338623
464,initial,-7.590306758880615
465,initial,-7.949892520904541
466,initial,-6.938579082489014
467,initial,-7.510185718536377
468,initial,-7.215461254119873
469,initial,-6.937081813812256
470,initial,-6.556249618530273
471,initial,-7.749345302581787
472,initial,-5.932186126708984
473,initial,-7.466869831085205
474,initial,-6.90223503112793
475,initial,-7.502677917480469
476,initial,-7.098683834075928
477,initial,-6.069346904754639
478,initial,-6.853068828582764
479,initial,-7.1811370849609375
480,initial,-6.687215805053711
481,initial,-7.030820846557617
482,initial,-6.430084228515625
483,initial,-6.4993510246276855
484,initial,-6.8746018409729
485,initial,-6.034768581390381
486,initial,-6.742185592651367
487,initial,-6.852067947387695
488,initial,-6.42350959777832
489,initial,-6.477110385894775
490,initial,-7.007641792297363
491,initial,-6.645009517669678
492,initial,-10.000052452087402
493,initial,-7.658133506774902
494,initial,-7.503227233886719
495,initial,-7.249775409698486
496,initial,-8.390448570251465
497,initial,-7.412509918212891
498,initial,-6.76276969909668
499,initial,-8.213393211364746
500,initial,-8.313250541687012
501,initial,-7.207516193389893
502,initial,-9.562101364135742
503,initial,-7.911379337310791
504,initial,-7.6952056884765625
505,initial,-8.550958633422852
506,initial,-9.261762619018555
507,initial,-8.96800708770752
508,initial,-6.918275356292725
509,initial,-7.821532249450684
510,initial,-7.226271629333496
511,initial,-9.811129570007324
512,initial,-8.072282791137695
513,initial,-7.875329494476318
514,initial,-10.330105781555176
515,initial,-8.31988525390625
516,initial,-7.646768569946289
517,initial,-8.404982566833496
518,initial,-8.26850414276123
519,initial,-6.863388538360596
520,initial,-6.860553741455078
521,initial,-7.008864879608154
522,initial,-7.238681316375732
523,initial,-10.045358657836914
524,initial,-8.58520221710205
525,initial,-7.839758396148682
526,initial,-6.841004371643066
527,initial,-7.9706268310546875
528,initial,-10.330927848815918
529,initial,-7.115029811859131
530,initial,-8.598234176635742
531,initial,-8.090302467346191
532,initial,-8.64801025390625
533,initial,-9.637781143188477
534,initial,-9.552254676818848
535,initial,-9.202942848205566
536,initial,-7.570323944091797
537,initial,-7.400867938995361
538,initial,-7.336219787597656
539,initial,-7.921215534210205
540,initial,-7.256175518035889
541,initial,-6.551569938659668
542,initial,-8.056796073913574
543,initial,-8.02745246887207
544,initial,-7.389433860778809
545,initial,-9.075613975524902
546,initial,-7.632892608642578
547,initial,-7.662392616271973
548,initial,-8.44164752960205
549,initial,-8.780339241027832
550,initial,-8.3878173828125
551,initial,-6.619318008422852
552,initial,-7.486118793487549
553,initial,-7.286783695220947
554,initial,-8.875895500183105
555,initial,-7.708346843719482
556,initial,-6.372513771057129
557,initial,-7.614941120147705
558,initial,-7.543938159942627
559,initial,-7.673097610473633
560,initial,-9.565251350402832
561,initial,-8.922659873962402
562,initial,-7.327878475189209
563,initial,-7.224462032318115
564,initial,-6.9736528396606445
565,initial,-6.941410064697266
566,initial,-7.613105773925781
567,initial,-7.93187952041626
568,initial,-7.372524738311768
569,initial,-7.056298732757568
570,initial,-7.5951104164123535
571,initial,-7.743873119354248
572,initial,-7.7400078773498535
573,initial,-8.153424263000488
574,initial,-9.594498634338379
575,initial,-7.88409948348999
576,initial,-9.375252723693848
577,initial,-7.921217441558838
578,initial,-7.921217441558838
579,initial,-6.1585516929626465
580,initial,-7.673097610473633
581,initial,-9.931788444519043
582,initial,-7.682237148284912
583,initial,-9.675883293151855
584,initial,-8.523797035217285
585,initial,-9.080755233764648
586,initial,-9.69902229309082
587,initial,-7.12339448928833
588,initial,-9.29850959777832
589,initial,-7.560563564300537
590,initial,-9.08098030090332
591,initial,-7.87632417678833
592,initial,-7.749319553375244
593,initial,-7.88409948348999
594,initial,-8.10017204284668
595,initial,-7.832647800445557
596,initial,-9.435030937194824
597,initial,-6.713951110839844
598,initial,-7.65234375
599,initial,-5.951766014099121
600,initial,-8.182039260864258
601,initial,-7.963955879211426
602,initial,-7.277257442474365
603,initial,-8.974871635437012
604,initial,-8.959064483642578
605,initial,-7.4331512451171875
606,initial,-7.151741981506348
607,initial,-7.579584121704102
608,initial,-7.291478633880615
609,initial,-7.496716022491455
610,initial,-7.955456256866455
611,initial,-7.661736488342285
612,initial,-6.454147815704346
613,initial,-7.789126873016357
614,initial,-7.9124250411987305
615,initial,-8.152688980102539
616,initial,-7.019006252288818
617,initial,-9.648723602294922
618,initial,-7.286486625671387
619,initial,-7.512759685516357
620,initial,-6.799105644226074
621,initial,-6.615601062774658
622,initial,-7.301543712615967
623,initial,-7.50734281539917
624,initial,-8.624834060668945
625,initial,-7.091793537139893
626,initial,-7.102248191833496
627,initial,-7.250063419342041
628,initial,-7.340114593505859
629,initial,-6.734786033630371
630,initial,-7.69385290145874
631,initial,-7.10455322265625
632,initial,-6.608231544494629
633,initial,-7.155508518218994
634,initial,-7.549269199371338
635,initial,-8.15439510345459
636,initial,-8.889835357666016
637,initial,-7.9524688720703125
638,initial,-8.287796020507812
639,initial,-8.559113502502441
640,initial,-7.0256266593933105
641,initial,-8.182522773742676
642,initial,-7.205258846282959
643,initial,-7.669760704040527
644,initial,-7.698696613311768
645,initial,-6.077134609222412
646,initial,-7.598751544952393
647,initial,-7.291486740112305
648,initial,-6.720824241638184
649,initial,-8.33486557006836
650,initial,-8.155179977416992
651,initial,-6.433885097503662
652,initial,-8.352828025817871
653,initial,-7.811318397521973
654,initial,-7.578807353973389
655,initial,-8.22461986541748
656,initial,-6.575648307800293
657,initial,-6.548300743103027
658,initial,-8.534128189086914
659,initial,-7.5428667068481445
660,initial,-6.863096714019775
661,initial,-7.688946723937988
662,initial,-7.96755313873291
663,initial,-6.998998165130615
664,initial,-6.951330184936523
665,initial,-7.223384380340576
666,initial,-8.14487075805664
667,initial,-8.41938591003418
668,initial,-7.528810501098633
669,initial,-7.288344383239746
670,initial,-7.450757026672363
671,initial,-7.987804412841797
672,initial,-7.5179901123046875
673,initial,-7.261464595794678
674,initial,-6.803865432739258
675,initial,-7.010673999786377
676,initial,-7.64219331741333
677,initial,-8.216140747070312
678,initial,-7.782914161682129
679,initial,-8.567780494689941
680,initial,-7.6453118324279785
681,initial,-7.958118438720703
682,initial,-8.43698501586914
683,initial,-7.763881683349609
684,initial,-7.390178203582764
685,initial,-7.320399284362793
686,initial,-7.957599639892578
687,initial,-6.639794826507568
688,initial,-7.650366306304932
689,initial,-9.106581687927246
690,initial,-8.735586166381836
691,initial,-8.062808990478516
692,initial,-9.394287109375
693,initial,-7.0506591796875
694,initial,-8.031451225280762
695,initial,-9.724649429321289
696,initial,-7.0045037269592285
697,initial,-9.989160537719727
698,initial,-10.504402160644531
699,initial,-10.300142288208008
700,initial,-8.000419616699219
701,initial,-8.531225204467773
702,initial,-8.844064712524414
703,initial,-10.76817798614502
704,initial,-6.514725208282471
705,initial,-7.853055477142334
706,initial,-8.630867958068848
707,initial,-10.36390495300293
708,initial,-7.167892932891846
709,initial,-9.85185718536377
710,initial,-7.406046390533447
711,initial,-8.1577787399292
712,initial,-8.521090507507324
713,initial,-8.732948303222656
714,initial,-7.343006134033203
715,initial,-8.14724349975586
716,initial,-8.368206024169922
717,initial,-8.238987922668457
718,initial,-7.944183826446533
719,initial,-7.378378391265869
720,initial,-7.274012088775635
721,initial,-9.330174446105957
722,initial,-8.088286399841309
723,initial,-7.304901123046875
724,initial,-7.727214336395264
725,initial,-8.497946739196777
726,initial,-7.46995210647583
727,initial,-7.775698184967041
728,initial,-6.935118198394775
729,initial,-8.106651306152344
730,initial,-6.006626129150391
731,initial,-6.67529296875
732,initial,-8.678008079528809
733,initial,-8.432181358337402
734,initial,-7.785696983337402
735,initial,-9.479049682617188
736,initial,-6.919894218444824
737,initial,-8.307038307189941
738,initial,-9.91064167022705
739,initial,-7.784613609313965
740,initial,-9.457893371582031
741,initial,-9.680541038513184
742,initial,-9.380078315734863
743,initial,-8.034455299377441
744,initial,-9.09798526763916
745,initial,-6.144208908081055
746,initial,-7.0968098640441895
747,initial,-6.9939680099487305
748,initial,-7.002735137939453
749,initial,-7.880848407745361
750,initial,-7.2267255783081055
751,initial,-5.750153064727783
752,initial,-7.052070617675781
753,initial,-6.450623035430908
754,initial,-9.080560684204102
755,initial,-5.975669860839844
756,initial,-6.965545654296875
757,initial,-8.967597007751465
758,initial,-8.638508796691895
759,initial,-7.420358180999756
760,initial,-7.913895606994629
761,initial,-8.769674301147461
762,initial,-8.718430519104004
763,initial,-7.100107669830322
764,initial,-7.585630416870117
765,initial,-7.503508567810059
766,initial,-7.208482265472412
767,initial,-7.727966785430908
768,initial,-6.599346160888672
769,initial,-7.626863956451416
770,initial,-7.726527214050293
771,initial,-7.144664764404297
772,initial,-7.694969177246094
773,initial,-7.435530185699463
774,initial,-8.905512809753418
775,initial,-8.707062721252441
776,initial,-7.947978496551514
777,initial,-7.4404778480529785
778,initial,-6.759192943572998
779,initial,-9.700407028198242
780,initial,-7.564063549041748
781,initial,-9.02284049987793
782,initial,-7.3119940757751465
783,initial,-7.253287315368652
784,initial,-5.841405868530273
785,initial,-6.348332405090332
786,initial,-6.578819274902344
787,initial,-7.549586772918701
788,initial,-6.381291389465332
789,initial,-6.640976905822754
790,initial,-6.136921405792236
791,initial,-6.391811370849609
792,initial,-7.835947513580322
793,initial,-7.677867412567139
794,initial,-5.5367584228515625
795,initial,-5.910740375518799
796,initial,-6.434927463531494
797,initial,-6.105357646942139
798,initial,-8.17470932006836
799,initial,-6.8711934089660645
800,initial,-7.335147380828857
801,initial,-6.560952186584473
802,initial,-6.261287212371826
803,initial,-8.989081382751465
804,initial,-7.404059410095215
805,initial,-8.443232536315918
806,initial,-7.080561637878418
807,initial,-5.922861576080322
808,initial,-6.014673233032227
809,initial,-7.087112903594971
810,initial,-6.622156143188477
811,initial,-9.144599914550781
812,initial,-6.4257354736328125
813,initial,-7.599363803863525
814,initial,-7.714198589324951
815,initial,-8.672110557556152
816,initial,-7.254702091217041
817,initial,-5.930992126464844
818,initial,-6.692408084869385
819,initial,-6.900574684143066
820,initial,-5.684808254241943
821,initial,-7.514734745025635
822,initial,-7.023799419403076
823,initial,-7.559547424316406
824,initial,-7.844346046447754
825,initial,-5.944150447845459
826,initial,-6.699149131774902
827,initial,-5.942584037780762
828,initial,-6.4154510498046875
829,initial,-6.663794040679932
830,initial,-7.3664870262146
831,initial,-6.162082195281982
832,initial,-6.458892822265625
833,initial,-6.111543655395508
834,initial,-6.388596534729004
835,initial,-7.081777572631836
836,initial,-7.15461540222168
837,initial,-5.682136535644531
838,initial,-5.634984493255615
839,initial,-6.428532123565674
840,initial,-5.943371295928955
841,initial,-7.239498615264893
842,initial,-6.745748996734619
843,initial,-6.883187770843506
844,initial,-6.345541954040527
845,initial,-5.879940509796143
846,initial,-7.85507345199585
847,initial,-6.736331462860107
848,initial,-5.800436019897461
849,initial,-8.742880821228027
850,initial,-8.013471603393555
851,initial,-6.52355432510376
852,initial,-7.390281677246094
853,initial,-6.511611461639404
854,initial,-7.419100761413574
855,initial,-6.449734210968018
856,initial,-8.001826286315918
857,initial,-5.641067028045654
858,initial,-8.704004287719727
859,initial,-5.641067028045654
860,initial,-5.844638824462891
861,initial,-6.448058128356934
862,initial,-6.72443962097168
863,initial,-7.211226463317871
864,initial,-6.959419250488281
865,initial,-6.744400978088379
866,initial,-8.920598983764648
867,initial,-5.594663619995117
868,initial,-6.563569068908691
869,initial,-6.224761009216309
870,initial,-7.0039873123168945
871,initial,-7.50686502456665
872,initial,-5.881744384765625
873,initial,-8.545863151550293
874,initial,-6.418372631072998
875,initial,-6.744400978088379
876,initial,-6.676773548126221
877,initial,-6.249302387237549
878,initial,-6.718968868255615
879,initial,-6.540816307067871
880,initial,-7.030727863311768
881,initial,-8.66089153289795
882,initial,-8.34753131866455
883,initial,-5.805375099182129
884,initial,-6.251856327056885
885,initial,-6.224761009216309
886,initial,-7.392928123474121
887,initial,-6.68456506729126
888,initial,-8.742880821228027
889,initial,-7.377930164337158
890,initial,-6.538181304931641
891,initial,-6.052285194396973
892,initial,-8.010839462280273
893,initial,-7.290918350219727
894,initial,-6.5507426261901855
895,initial,-7.149901866912842
896,initial,-6.264830589294434
897,initial,-7.207013130187988
898,initial,-6.442948818206787
899,initial,-7.5861005783081055
900,initial,-5.822029113769531
901,initial,-8.303735733032227
902,initial,-5.822029113769531
903,initial,-5.669518947601318
904,initial,-6.106858253479004
905,initial,-6.550601959228516
906,initial,-6.983823299407959
907,initial,-6.731865882873535
908,initial,-6.488652229309082
909,initial,-8.473255157470703
910,initial,-6.639336585998535
911,initial,-6.05590295791626
912,initial,-5.84979772567749
913,initial,-6.535031318664551
914,initial,-6.864485740661621
915,initial,-5.84979772567749
916,initial,-7.234742164611816
917,initial,-6.595427513122559
918,initial,-6.573512077331543
919,initial,-6.450059413909912
920,initial,-6.6629791259765625
921,initial,-7.431074142456055
922,initial,-6.166475296020508
923,initial,-6.015573501586914
924,initial,-6.615710258483887
925,initial,-6.613626003265381
926,initial,-6.839146614074707
927,initial,-6.728021621704102
928,initial,-6.690005302429199
929,initial,-5.647706508636475
930,initial,-6.446130275726318
931,initial,-6.48624849319458
932,initial,-6.000424385070801
933,initial,-6.043518543243408
934,initial,-7.052473545074463
935,initial,-8.407735824584961
936,initial,-6.582082748413086
937,initial,-6.30256462097168
938,initial,-6.482883930206299
939,initial,-6.915887832641602
940,initial,-7.11830472946167
941,initial,-6.790051460266113
942,initial,-8.552494049072266
943,initial,-6.4506611824035645
944,initial,-6.463584899902344
945,initial,-5.8573737144470215
946,initial,-6.891600131988525
947,initial,-6.4422783851623535
948,initial,-6.400611877441406
949,initial,-6.9602437019348145
950,initial,-7.85599946975708
951,initial,-6.728517532348633
952,initial,-5.67518949508667
953,initial,-6.813650608062744
954,initial,-6.332359313964844
955,initial,-6.147110939025879
956,initial,-6.587554931640625
957,initial,-7.145596504211426
958,initial,-6.147110939025879
959,initial,-7.091565132141113
960,initial,-6.565354347229004
961,initial,-6.344064235687256
962,initial,-6.849524021148682
963,initial,-6.400826930999756
964,initial,-7.042241096496582
965,initial,-5.999333381652832
966,initial,-6.1369476318359375
967,initial,-6.7090630531311035
968,initial,-6.368397235870361
969,initial,-6.738494396209717
970,initial,-6.850685119628906
971,initial,-6.572957992553711
972,initial,-5.722681045532227
973,initial,-6.764678955078125
974,initial,-8.988569259643555
975,initial,-7.772909164428711
976,initial,-7.558210372924805
977,initial,-6.548079490661621
978,initial,-8.84274959564209
979,initial,-7.759180545806885
980,initial,-6.954117774963379
981,initial,-9.07515811920166
982,initial,-5.705504894256592
983,initial,-6.522871017456055
984,initial,-6.774897575378418
985,initial,-6.705941200256348
986,initial,-7.363262176513672
987,initial,-8.436224937438965
988,initial,-6.17786979675293
989,initial,-6.978623390197754
990,initial,-7.834671974182129
991,initial,-5.951411724090576
992,initial,-7.499298095703125
993,initial,-7.1864752769470215
994,initial,-7.548885822296143
995,initial,-7.16772985458374
996,initial,-8.153837203979492
997,initial,-7.94960355758667
998,initial,-8.01813793182373
999,initial,-6.997753143310547
1000,initial,-6.539190292358398
1001,initial,-8.744681358337402
1002,initial,-6.655818939208984
1003,initial,-7.020066261291504
1004,initial,-9.119851112365723
1005,initial,-7.842321872711182
1006,initial,-6.431153297424316
1007,initial,-8.577815055847168
1008,initial,-7.4115118980407715
1009,initial,-7.531348705291748
1010,initial,-6.157035827636719
1011,initial,-6.7095441818237305
1012,initial,-6.634873390197754
1013,initial,-7.159697532653809
1014,initial,-7.918238162994385
1015,initial,-8.66655445098877
1016,initial,-6.85601282119751
1017,initial,-8.209663391113281
1018,initial,-7.488956451416016
1019,initial,-6.893573760986328
1020,initial,-6.762153148651123
1021,initial,-8.080490112304688
1022,initial,-7.369180202484131
1023,initial,-6.67385721206665
1024,initial,-8.283316612243652
1025,initial,-5.765085697174072
1026,initial,-6.458233833312988
1027,initial,-6.368183612823486
1028,initial,-6.599167346954346
1029,initial,-6.932302474975586
1030,initial,-7.531991958618164
1031,initial,-6.425748825073242
1032,initial,-6.79931640625
1033,initial,-7.315432071685791
1034,initial,-6.005643844604492
1035,initial,-6.908520698547363
1036,initial,-7.349045276641846
1037,initial,-6.834641933441162
1038,initial,-5.7472758293151855
1039,initial,-5.467942237854004
1040,initial,-7.779567718505859
1041,initial,-6.645226001739502
1042,initial,-6.249805927276611
1043,initial,-7.080989360809326
1044,initial,-6.072074890136719
1045,initial,-5.558871746063232
1046,initial,-6.814791202545166
1047,initial,-6.464352130889893
1048,initial,-5.570188522338867
1049,initial,-7.354782581329346
1050,initial,-5.666896343231201
1051,initial,-6.134718418121338
1052,initial,-7.680392265319824
1053,initial,-6.730091571807861
1054,initial,-6.260612964630127
1055,initial,-6.154139041900635
1056,initial,-5.875763893127441
1057,initial,-7.628480911254883
1058,initial,-7.266904354095459
1059,initial,-6.772129535675049
1060,initial,-6.9830217361450195
1061,initial,-5.855847358703613
1062,initial,-6.706359386444092
1063,initial,-7.38868522644043
1064,initial,-7.202299118041992
1065,initial,-7.510673522949219
1066,initial,-6.64877986907959
1067,initial,-6.0133256912231445
1068,initial,-5.879889011383057
1069,initial,-5.5600810050964355
1070,initial,-6.6625518798828125
1071,initial,-6.2739973068237305
1072,initial,-6.186371803283691
1073,initial,-6.876478672027588
1074,initial,-6.728965759277344
1075,initial,-5.65949010848999
1076,initial,-6.559062957763672
1077,initial,-6.410041332244873
1078,initial,-7.409927845001221
1079,initial,-7.69403076171875
1080,initial,-8.74565315246582
1081,initial,-7.4297051429748535
1082,initial,-8.192111015319824
1083,initial,-6.993974208831787
1084,initial,-6.993974208831787
1085,initial,-8.485630989074707
1086,initial,-7.522922039031982
1087,initial,-7.940149307250977
1088,initial,-7.914960861206055
1089,initial,-6.848820209503174
1090,initial,-8.03634262084961
1091,initial,-9.13473892211914
1092,initial,-7.65874719619751
1093,initial,-7.842813014984131
1094,initial,-7.566373348236084
1095,initial,-7.111923694610596
1096,initial,-6.991684436798096
1097,initial,-8.755539894104004
1098,initial,-6.823531150817871
1099,initial,-7.1539530754089355
1100,initial,-8.13719654083252
1101,initial,-7.736494064331055
1102,initial,-8.915446281433105
1103,initial,-7.210126876831055
1104,initial,-9.270001411437988
1105,initial,-7.267808437347412
1106,initial,-7.780102252960205
1107,initial,-8.614457130432129
1108,initial,-6.88224458694458
1109,initial,-8.992362022399902
1110,initial,-9.2367582321167
1111,initial,-6.679332256317139
1112,initial,-8.254768371582031
1113,initial,-8.492769241333008
1114,initial,-7.056361675262451
1115,initial,-7.293232440948486
1116,initial,-8.614457130432129
1117,initial,-6.776419639587402
1118,initial,-6.170401096343994
1119,initial,-5.957573890686035
1120,initial,-5.854582786560059
1121,initial,-6.812314510345459
1122,initial,-7.35190486907959
1123,initial,-7.6767144203186035
1124,initial,-6.345832347869873
1125,initial,-6.843207836151123
1126,initial,-6.596648693084717
1127,initial,-6.596648693084717
1128,initial,-7.034671783447266
1129,initial,-6.319456577301025
1130,initial,-6.872585296630859
1131,initial,-6.572634696960449
1132,initial,-6.090945243835449
1133,initial,-7.127567768096924
1134,initial,-7.57637882232666
1135,initial,-6.536643028259277
1136,initial,-6.922924995422363
1137,initial,-6.876512050628662
1138,initial,-6.491885185241699
1139,initial,-8.22060489654541
1140,initial,-8.461321830749512
1141,initial,-6.665039539337158
1142,initial,-6.548409461975098
1143,initial,-6.966140270233154
1144,initial,-7.880321979522705
1145,initial,-6.882603168487549
1146,initial,-6.637012481689453
1147,initial,-7.6565632820129395
1148,initial,-7.348691940307617
1149,initial,-7.325596332550049
1150,initial,-8.308950424194336
1151,initial,-8.725943565368652
1152,initial,-7.794086456298828
1153,initial,-8.357491493225098
1154,initial,-6.240423679351807
1155,initial,-8.725944519042969
1156,initial,-8.741098403930664
1157,initial,-9.012211799621582
1158,initial,-7.868297100067139
1159,initial,-7.384461879730225
1160,initial,-8.35789680480957
1161,initial,-8.56867504119873
1162,initial,-6.4845428466796875
1163,initial,-6.667444705963135
1164,initial,-8.143911361694336
1165,initial,-9.437870025634766
1166,initial,-8.56867504119873
1167,initial,-5.894772052764893
1168,initial,-8.260708808898926
1169,initial,-9.436306953430176
1170,initial,-7.875061511993408
1171,initial,-7.018294334411621
1172,initial,-8.178629875183105
1173,initial,-8.178629875183105
1174,initial,-8.539591789245605
1175,initial,-6.697122097015381
1176,initial,-6.487892150878906
1177,initial,-6.699069976806641
1178,initial,-6.863088130950928
1179,initial,-6.986315727233887
1180,initial,-8.035764694213867
1181,initial,-8.143911361694336
1182,initial,-7.2563652992248535
1183,initial,-7.453521251678467
1184,initial,-6.435907363891602
1185,initial,-6.316706657409668
1186,initial,-6.627015590667725
1187,initial,-7.127955436706543
1188,initial,-6.6552605628967285
1189,initial,-6.445648193359375
1190,initial,-7.274397850036621
1191,initial,-6.908235549926758
1192,initial,-6.951172828674316
1193,initial,-7.5001139640808105
1194,initial,-7.731525897979736
1195,initial,-7.038848876953125
1196,initial,-7.417396068572998
1197,initial,-5.891157150268555
1198,initial,-7.731525897979736
1199,initial,-7.832451820373535
1200,initial,-7.8559746742248535
1201,initial,-7.313262462615967
1202,initial,-7.390617847442627
1203,initial,-7.3167572021484375
1204,initial,-6.9715166091918945
1205,initial,-6.965594291687012
1206,initial,-7.355997562408447
1207,initial,-6.509799003601074
1208,initial,-7.433169364929199
1209,initial,-7.472647190093994
1210,initial,-6.713467597961426
1211,initial,-6.664540767669678
1212,initial,-8.004112243652344
1213,initial,-7.255129814147949
1214,initial,-7.283761024475098
1215,initial,-6.365083694458008
1216,initial,-7.589848518371582
1217,initial,-7.15704345703125
1218,initial,-7.114055633544922
1219,initial,-7.474932670593262
1220,initial,-6.259919166564941
1221,initial,-7.196658134460449
1222,initial,-7.428931713104248
1223,initial,-6.839633464813232
1224,initial,-6.4436140060424805
1225,initial,-7.685971260070801
1226,initial,-7.062389373779297
1227,initial,-6.816125869750977
1228,initial,-6.7594780921936035
1229,initial,-6.527807235717773
1230,initial,-6.498542785644531
1231,initial,-7.2300543785095215
1232,initial,-7.399364948272705
1233,initial,-6.654485702514648
1234,initial,-6.9980645179748535
1235,initial,-8.456403732299805
1236,initial,-5.917355537414551
1237,initial,-7.893613815307617
1238,initial,-7.48145055770874
1239,initial,-6.76212215423584
1240,initial,-6.2553863525390625
1241,initial,-7.4421067237854
1242,initial,-6.782073974609375
1243,initial,-7.266140937805176
1244,initial,-6.869451999664307
1245,initial,-6.516294479370117
1246,initial,-6.879909992218018
1247,initial,-6.335833549499512
1248,initial,-6.741360664367676
1249,initial,-7.052496910095215
1250,initial,-6.197251796722412
1251,initial,-6.982324123382568
1252,initial,-7.171174049377441
1253,initial,-6.412380218505859
1254,initial,-6.493582248687744
1255,initial,-7.720277786254883
1256,initial,-6.802427291870117
1257,initial,-6.876600742340088
1258,initial,-6.186642169952393
1259,initial,-7.431868553161621
1260,initial,-6.400430202484131
1261,initial,-6.735690593719482
1262,initial,-7.345123291015625
1263,initial,-5.7244181632995605
1264,initial,-6.978673458099365
1265,initial,-8.352315902709961
1266,initial,-7.70662260055542
1267,initial,-7.833968162536621
1268,initial,-7.6406331062316895
1269,initial,-8.240522384643555
1270,initial,-8.196737289428711
1271,initial,-9.668658256530762
1272,initial,-7.949659824371338
1273,initial,-7.296393871307373
1274,initial,-7.477394104003906
1275,initial,-7.743204593658447
1276,initial,-8.798774719238281
1277,initial,-6.857089519500732
1278,initial,-7.383880615234375
1279,initial,-8.543635368347168
1280,initial,-6.527101993560791
1281,initial,-8.194777488708496
1282,initial,-9.179733276367188
1283,initial,-7.777588844299316
1284,initial,-7.738665580749512
1285,initial,-8.573472023010254
1286,initial,-7.416199684143066
1287,initial,-9.200160026550293
1288,initial,-8.309934616088867
1289,initial,-9.324124336242676
1290,initial,-8.018139839172363
1291,initial,-8.050662994384766
1292,initial,-7.851939678192139
1293,initial,-9.093735694885254
1294,initial,-8.93250560760498
1295,initial,-7.833968162536621
1296,initial,-8.588923454284668
1297,initial,-9.161507606506348
1298,initial,-7.421357154846191
1299,initial,-7.217458248138428
1300,initial,-6.527101993560791
1301,initial,-6.481983661651611
1302,initial,-9.295904159545898
1303,initial,-8.4243803024292
1304,initial,-7.773416042327881
1305,initial,-8.854560852050781
1306,initial,-8.13557243347168
1307,initial,-7.354875087738037
1308,initial,-7.483197212219238
1309,initial,-6.62124490737915
1310,initial,-7.111427307128906
1311,initial,-6.756839752197266
1312,initial,-7.6686530113220215
1313,initial,-7.167037010192871
1314,initial,-8.44806957244873
1315,initial,-6.701481342315674
1316,initial,-6.659918785095215
1317,initial,-7.319677352905273
1318,initial,-6.5258073806762695
1319,initial,-7.747520446777344
1320,initial,-6.256563186645508
1321,initial,-6.638591766357422
1322,initial,-7.58480167388916
1323,initial,-6.072930335998535
1324,initial,-7.149231910705566
1325,initial,-8.217622756958008
1326,initial,-7.055964469909668
1327,initial,-6.538159370422363
1328,initial,-6.446199893951416
1329,initial,-6.4470720291137695
1330,initial,-6.4470720291137695
1331,initial,-7.8291778564453125
1332,initial,-7.95728874206543
1333,initial,-6.156544208526611
1334,initial,-7.248865604400635
1335,initial,-6.234719753265381
1336,initial,-7.061498641967773
1337,initial,-6.90295934677124
1338,initial,-6.0529890060424805
1339,initial,-6.4928178787231445
1340,initial,-6.813259601593018
1341,initial,-7.742362022399902
1342,initial,-7.290650367736816
1343,initial,-6.123918533325195
1344,initial,-6.915014743804932
1345,initial,-5.844640254974365
1346,initial,-5.897460460662842
1347,initial,-5.788137912750244
1348,initial,-7.461547374725342
1349,initial,-7.253323078155518
1350,initial,-6.255309104919434
1351,initial,-6.397185325622559
1352,initial,-7.475807189941406
1353,initial,-6.380771636962891
1354,initial,-6.369475364685059
1355,initial,-5.92523717880249
1356,initial,-6.889217376708984
1357,initial,-6.135096073150635
1358,initial,-6.329478740692139
1359,initial,-6.258955478668213
1360,initial,-6.436637878417969
1361,initial,-5.834388256072998
1362,initial,-5.661134719848633
1363,initial,-7.050502300262451
1364,initial,-6.561490058898926
1365,initial,-7.320750713348389
1366,initial,-6.190451622009277
1367,initial,-7.093757629394531
0,final,-3.756176233291626
1,final,-5.364683628082275
2,final,-3.133148431777954
3,final,-5.615304946899414
4,final,-2.987569808959961
5,final,-4.736362457275391
6,final,-3.195767641067505
7,final,-4.697633743286133
8,final,-3.5002338886260986
9,final,-4.382230281829834
10,final,-3.832779884338379
11,final,-3.2568323612213135
12,final,-2.712339162826538
13,final,-3.738398551940918
14,final,-3.7168776988983154
15,final,-3.720780611038208
16,final,-6.203908920288086
17,final,-3.2568323612213135
18,final,-5.110122203826904
19,final,-3.133148431777954
20,final,-4.516037464141846
21,final,-4.47767448425293
22,final,-4.875382900238037
23,final,-4.206210613250732
24,final,-3.9306650161743164
25,final,-4.47767448425293
26,final,-5.256958484649658
27,final,-4.839817523956299
28,final,-3.715536117553711
29,final,-5.256958484649658
30,final,-5.521034240722656
31,final,-5.367800235748291
32,final,-4.4657368659973145
33,final,-4.832706451416016
34,final,-5.094095230102539
35,final,-6.000031471252441
36,final,-3.4803640842437744
37,final,-5.297529697418213
38,final,-3.4182655811309814
39,final,-4.185758113861084
40,final,-6.307632923126221
41,final,-4.1157121658325195
42,final,-5.86173152923584
43,final,-4.649592876434326
44,final,-4.779250144958496
45,final,-5.844976902008057
46,final,-4.200654029846191
47,final,-5.428659915924072
48,final,-5.233076572418213
49,final,-6.197161674499512
50,final,-5.316196918487549
51,final,-6.2639336585998535
52,final,-4.073864459991455
53,final,-5.235466003417969
54,final,-5.292456150054932
55,final,-4.433745861053467
56,final,-4.473082065582275
57,final,-5.893609523773193
58,final,-4.559183120727539
59,final,-3.9791388511657715
60,final,-2.945178747177124
61,final,-4.924232006072998
62,final,-5.105544090270996
63,final,-5.5753631591796875
64,final,-5.0417160987854
65,final,-4.30519437789917
66,final,-3.19451904296875
67,final,-4.894270896911621
68,final,-6.073103904724121
69,final,-2.8116261959075928
70,final,-4.91602087020874
71,final,-3.6859283447265625
72,final,-4.423152446746826
73,final,-4.12456750869751
74,final,-6.272427558898926
75,final,-5.094785213470459
76,final,-4.6551995277404785
77,final,-4.825540065765381
78,final,-5.295212745666504
79,final,-2.8945839405059814
80,final,-4.9116597175598145
81,final,-5.293796539306641
82,final,-5.3532562255859375
83,final,-4.943723678588867
84,final,-4.75657320022583
85,final,-4.914735794067383
86,final,-5.824929714202881
87,final,-5.904862880706787
88,final,-6.262688159942627
89,final,-4.277371883392334
90,final,-4.413568019866943
91,final,-4.510277271270752
92,final,-5.33844518661499
93,final,-5.199991703033447
94,final,-6.263720989227295
95,final,-5.597931385040283
96,final,-5.3508710861206055
97,final,-5.034183979034424
98,final,-6.008406639099121
99,final,-6.266608238220215
100,final,-4.864923000335693
101,final,-4.526137351989746
102,final,-3.9939117431640625
103,final,-4.910983562469482
104,final,-4.361458778381348
105,final,-4.8907084465026855
106,final,-3.088655710220337
107,final,-5.783767223358154
108,final,-4.361458778381348
109,final,-3.3580551147460938
110,final,-6.367909908294678
111,final,-5.34629487991333
112,final,-4.178788185119629
113,final,-5.6647186279296875
114,final,-5.506904602050781
115,final,-4.167106628417969
116,final,-4.581519603729248
117,final,-4.859118938446045
118,final,-4.731471538543701
119,final,-4.314329147338867
120,final,-4.2298712730407715
121,final,-5.54261589050293
122,final,-3.0745689868927
123,final,-3.3894550800323486
124,final,-3.617091417312622
125,final,-3.0745689868927
126,final,-5.544227600097656
127,final,-4.689969062805176
128,final,-5.194279193878174
129,final,-3.347249984741211
130,final,-4.54960298538208
131,final,-3.166774034500122
132,final,-4.723245143890381
133,final,-4.425110816955566
134,final,-3.2793617248535156
135,final,-3.788893699645996
136,final,-5.650521278381348
137,final,-4.257330894470215
138,final,-3.4119343757629395
139,final,-4.885982513427734
140,final,-4.595599174499512
141,final,-4.598863124847412
142,final,-5.6834821701049805
143,final,-4.814957618713379
144,final,-5.868285179138184
145,final,-6.23649787902832
146,final,-4.728386402130127
147,final,-4.542355537414551
148,final,-4.844817161560059
149,final,-4.605666160583496
150,final,-4.543831825256348
151,final,-4.768316268920898
152,final,-4.418658256530762
153,final,-4.993356704711914
154,final,-4.5393900871276855
155,final,-6.022054672241211
156,final,-4.5393900871276855
157,final,-5.015005588531494
158,final,-5.622862339019775
159,final,-5.602848529815674
160,final,-3.577430009841919
161,final,-5.114039897918701
162,final,-5.401379108428955
163,final,-6.242562770843506
164,final,-4.995187282562256
165,final,-5.03637170791626
166,final,-3.398834466934204
167,final,-4.367406368255615
168,final,-6.4785308837890625
169,final,-3.9539337158203125
170,final,-5.726004123687744
171,final,-6.542791843414307
172,final,-4.7412238121032715
173,final,-4.724717617034912
174,final,-3.955167770385742
175,final,-5.754195213317871
176,final,-4.781446933746338
177,final,-4.712425231933594
178,final,-2.945051431655884
179,final,-5.981067657470703
180,final,-4.113769054412842
181,final,-4.885496139526367
182,final,-4.741044044494629
183,final,-5.304931163787842
184,final,-5.481478214263916
185,final,-4.907491683959961
186,final,-5.457326889038086
187,final,-5.04978084564209
188,final,-5.09919548034668
189,final,-5.63746452331543
190,final,-6.634524345397949
191,final,-5.058280944824219
192,final,-5.681077480316162
193,final,-5.635648727416992
194,final,-5.71712589263916
195,final,-4.267807960510254
196,final,-5.4405364990234375
197,final,-5.93134880065918
198,final,-4.53592586517334
199,final,-3.7454583644866943
200,final,-4.085058212280273
201,final,-5.708903789520264
202,final,-3.8642141819000244
203,final,-4.1201372146606445
204,final,-3.114466905593872
205,final,-3.114466905593872
206,final,-4.241141319274902
207,final,-4.3398590087890625
208,final,-5.976890563964844
209,final,-5.266554832458496
210,final,-4.83422327041626
211,final,-5.520960330963135
212,final,-4.7462029457092285
213,final,-5.7373199462890625
214,final,-3.6668217182159424
215,final,-5.440895080566406
216,final,-4.298668384552002
217,final,-4.648661136627197
218,final,-5.0716705322265625
219,final,-6.14750337600708
220,final,-4.749741554260254
221,final,-4.3679938316345215
222,final,-4.3116984367370605
223,final,-5.820340156555176
224,final,-5.443467617034912
225,final,-5.026402950286865
226,final,-4.7003560066223145
227,final,-5.51941442489624
228,final,-6.436984539031982
229,final,-5.9017815589904785
230,final,-5.930685997009277
231,final,-4.8880486488342285
232,final,-5.059608459472656
233,final,-6.045063495635986
234,final,-4.63382625579834
235,final,-5.056455135345459
236,final,-5.961434364318848
237,final,-6.193769931793213
238,final,-5.023739814758301
239,final,-4.826725006103516
240,final,-5.106377124786377
241,final,-6.520393371582031
242,final,-5.141768455505371
243,final,-4.3035407066345215
244,final,-5.489623069763184
245,final,-6.0990071296691895
246,final,-7.255883693695068
247,final,-5.305640697479248
248,final,-6.298605442047119
249,final,-5.19026517868042
250,final,-5.250638008117676
251,final,-6.532187461853027
252,final,-4.63382625579834
253,final,-4.3679938316345215
254,final,-4.3679938316345215
255,final,-5.9017815589904785
256,final,-6.133520603179932
257,final,-5.306487083435059
258,final,-5.23201847076416
259,final,-5.097334861755371
260,final,-5.5941643714904785
261,final,-5.772137641906738
262,final,-4.787838459014893
263,final,-4.453826427459717
264,final,-4.046452045440674
265,final,-4.406890392303467
266,final,-5.680083274841309
267,final,-4.285484790802002
268,final,-4.820446968078613
269,final,-4.692465305328369
270,final,-4.734156131744385
271,final,-5.985779285430908
272,final,-5.671628952026367
273,final,-5.323062896728516
274,final,-4.724701881408691
275,final,-4.935378551483154
276,final,-5.417958736419678
277,final,-4.548794269561768
278,final,-4.726622581481934
279,final,-5.700332164764404
280,final,-5.830001354217529
281,final,-4.805013656616211
282,final,-4.666121482849121
283,final,-4.9115681648254395
284,final,-6.844062805175781
285,final,-5.644129276275635
286,final,-5.2290754318237305
287,final,-5.377789497375488
288,final,-6.1117377281188965
289,final,-5.475934028625488
290,final,-6.4115729331970215
291,final,-5.341526508331299
292,final,-6.007574558258057
293,final,-5.118989944458008
294,final,-6.493302822113037
295,final,-6.252353668212891
296,final,-5.880165100097656
297,final,-4.148033142089844
298,final,-4.65170431137085
299,final,-6.495372295379639
300,final,-4.65170431137085
301,final,-5.110249042510986
302,final,-5.298522472381592
303,final,-5.18017578125
304,final,-6.191750526428223
305,final,-5.340930461883545
306,final,-5.5644049644470215
307,final,-5.087645530700684
308,final,-6.2225022315979
309,final,-5.568436622619629
310,final,-6.252353668212891
311,final,-7.027580261230469
312,final,-5.8618388175964355
313,final,-6.1117377281188965
314,final,-5.699594974517822
315,final,-5.087645530700684
316,final,-4.744568347930908
317,final,-6.606742858886719
318,final,-4.681708812713623
319,final,-6.665628910064697
320,final,-5.628542900085449
321,final,-6.1117377281188965
322,final,-5.381467342376709
323,final,-4.713024139404297
324,final,-4.219814300537109
325,final,-6.438767433166504
326,final,-4.698822021484375
327,final,-5.995497703552246
328,final,-5.147899150848389
329,final,-4.9103522300720215
330,final,-5.044846534729004
331,final,-5.720946311950684
332,final,-5.225488662719727
333,final,-6.238605499267578
334,final,-5.148642539978027
335,final,-5.740511894226074
336,final,-4.714450359344482
337,final,-6.011723041534424
338,final,-5.573482513427734
339,final,-5.781862258911133
340,final,-4.261941909790039
341,final,-4.625014305114746
342,final,-6.33083963394165
343,final,-4.625014305114746
344,final,-4.784568786621094
345,final,-5.258436679840088
346,final,-5.154671669006348
347,final,-5.788630485534668
348,final,-6.202915668487549
349,final,-5.464840888977051
350,final,-4.969953536987305
351,final,-7.0056071281433105
352,final,-4.455833435058594
353,final,-6.536428451538086
354,final,-4.8697638511657715
355,final,-5.5032525062561035
356,final,-5.175264835357666
357,final,-6.202550888061523
358,final,-6.084680080413818
359,final,-5.310719013214111
360,final,-5.116645336151123
361,final,-4.402228355407715
362,final,-5.017097473144531
363,final,-5.725568771362305
364,final,-6.380147933959961
365,final,-5.264038562774658
366,final,-6.330435276031494
367,final,-5.244810581207275
368,final,-5.939325332641602
369,final,-5.892011642456055
370,final,-4.5991716384887695
371,final,-5.098352432250977
372,final,-3.96785831451416
373,final,-5.396502494812012
374,final,-4.896549224853516
375,final,-5.391860008239746
376,final,-7.040119647979736
377,final,-5.346575736999512
378,final,-5.013699054718018
379,final,-4.794745445251465
380,final,-5.417191028594971
381,final,-6.111216068267822
382,final,-5.106534957885742
383,final,-5.904160022735596
384,final,-4.923094749450684
385,final,-5.820842266082764
386,final,-5.244810581207275
387,final,-5.183194160461426
388,final,-5.669572353363037
389,final,-4.408877849578857
390,final,-5.6684722900390625
391,final,-5.146205902099609
392,final,-4.609877109527588
393,final,-4.254715919494629
394,final,-5.724888801574707
395,final,-4.565844535827637
396,final,-5.248172760009766
397,final,-4.2874860763549805
398,final,-5.746033191680908
399,final,-5.046201229095459
400,final,-6.02166223526001
401,final,-5.489350318908691
402,final,-4.535595893859863
403,final,-6.144887447357178
404,final,-5.254446506500244
405,final,-4.637208461761475
406,final,-5.322563171386719
407,final,-5.973030090332031
408,final,-4.848212718963623
409,final,-6.052023887634277
410,final,-5.315746784210205
411,final,-5.730540752410889
412,final,-7.394070625305176
413,final,-5.240662097930908
414,final,-6.462401866912842
415,final,-4.68058443069458
416,final,-5.0528764724731445
417,final,-6.833225727081299
418,final,-5.830174922943115
419,final,-4.737730503082275
420,final,-4.493981838226318
421,final,-6.328716278076172
422,final,-6.379613399505615
423,final,-5.728388786315918
424,final,-5.5887579917907715
425,final,-5.7775068283081055
426,final,-5.027740955352783
427,final,-5.2392144203186035
428,final,-6.373782157897949
429,final,-7.412729263305664
430,final,-5.757495403289795
431,final,-7.240874290466309
432,final,-5.296087741851807
433,final,-6.878785610198975
434,final,-6.248573303222656
435,final,-5.414429187774658
436,final,-4.141555309295654
437,final,-5.007658004760742
438,final,-5.745516300201416
439,final,-6.487629413604736
440,final,-5.592240333557129
441,final,-6.006087303161621
442,final,-6.618865966796875
443,final,-5.0479559898376465
444,final,-7.112405300140381
445,final,-6.866261959075928
446,final,-6.797181129455566
447,final,-6.199523448944092
448,final,-7.593089580535889
449,final,-4.705162525177002
450,final,-6.764744758605957
451,final,-6.019330024719238
452,final,-4.834372520446777
453,final,-4.377729415893555
454,final,-4.685307502746582
455,final,-6.422204494476318
456,final,-4.892627716064453
457,final,-5.2083940505981445
458,final,-3.627610206604004
459,final,-4.716921329498291
460,final,-5.553085803985596
461,final,-4.979657173156738
462,final,-4.1810712814331055
463,final,-3.6330552101135254
464,final,-5.51904296875
465,final,-5.334774017333984
466,final,-4.947369575500488
467,final,-5.010827541351318
468,final,-5.001856803894043
469,final,-4.498785495758057
470,final,-4.962141036987305
471,final,-5.327690601348877
472,final,-4.088958740234375
473,final,-5.848059177398682
474,final,-4.786545753479004
475,final,-5.882562637329102
476,final,-5.737815856933594
477,final,-4.607322692871094
478,final,-4.494611740112305
479,final,-5.4029541015625
480,final,-4.434608459472656
481,final,-4.824100017547607
482,final,-4.846608638763428
483,final,-4.890969276428223
484,final,-5.10230827331543
485,final,-4.534489154815674
486,final,-5.720000267028809
487,final,-6.160647869110107
488,final,-4.6537089347839355
489,final,-5.540633201599121
490,final,-6.4174885749816895
491,final,-4.562164783477783
492,final,-6.466872215270996
493,final,-5.190639019012451
494,final,-5.328573703765869
495,final,-4.414997577667236
496,final,-4.364551067352295
497,final,-4.947012424468994
498,final,-6.175830364227295
499,final,-4.898177623748779
500,final,-5.646718978881836
501,final,-4.353734493255615
502,final,-5.647411346435547
503,final,-4.370829105377197
504,final,-4.735814571380615
505,final,-5.541200160980225
506,final,-5.439322471618652
507,final,-5.924269199371338
508,final,-4.451506614685059
509,final,-6.595038414001465
510,final,-3.476149320602417
511,final,-6.043564796447754
512,final,-4.212571620941162
513,final,-4.454594135284424
514,final,-7.3214216232299805
515,final,-5.373303413391113
516,final,-4.697511672973633
517,final,-5.38848876953125
518,final,-5.402611255645752
519,final,-4.554429531097412
520,final,-3.7109375
521,final,-4.033675670623779
522,final,-4.500117301940918
523,final,-6.211127281188965
524,final,-5.958815097808838
525,final,-4.887875556945801
526,final,-4.453635215759277
527,final,-5.613725662231445
528,final,-5.906887054443359
529,final,-5.656680583953857
530,final,-4.991756916046143
531,final,-7.0765814781188965
532,final,-6.581777095794678
533,final,-7.945828437805176
534,final,-7.01641845703125
535,final,-6.301355838775635
536,final,-4.732664108276367
537,final,-5.11763858795166
538,final,-4.317430019378662
539,final,-4.182199001312256
540,final,-4.908992767333984
541,final,-5.749788284301758
542,final,-4.490896701812744
543,final,-6.119097709655762
544,final,-4.017451763153076
545,final,-5.3756842613220215
546,final,-4.195996284484863
547,final,-4.502530574798584
548,final,-5.544692039489746
549,final,-5.030520439147949
550,final,-5.264842510223389
551,final,-4.343606472015381
552,final,-5.881131172180176
553,final,-3.355504274368286
554,final,-5.620277404785156
555,final,-5.570180416107178
556,final,-4.764894962310791
557,final,-5.7749199867248535
558,final,-5.597914218902588
559,final,-6.185691833496094
560,final,-7.023307800292969
561,final,-5.445815086364746
562,final,-4.872910976409912
563,final,-4.422260761260986
564,final,-4.072552680969238
565,final,-3.814117431640625
566,final,-6.347374439239502
567,final,-6.357584476470947
568,final,-4.905325412750244
569,final,-4.356507778167725
570,final,-4.838122844696045
571,final,-4.851731777191162
572,final,-5.881978988647461
573,final,-6.813713550567627
574,final,-6.227911949157715
575,final,-6.029643535614014
576,final,-5.704497337341309
577,final,-5.278045654296875
578,final,-5.278045654296875
579,final,-3.910524606704712
580,final,-6.185691833496094
581,final,-7.509742736816406
582,final,-4.316307544708252
583,final,-8.166894912719727
584,final,-5.935794353485107
585,final,-5.6322526931762695
586,final,-6.322493553161621
587,final,-4.077205657958984
588,final,-7.7008056640625
589,final,-4.421015739440918
590,final,-7.241303443908691
591,final,-5.18855619430542
592,final,-4.9767022132873535
593,final,-6.029643535614014
594,final,-4.816943168640137
595,final,-5.485950946807861
596,final,-7.941123008728027
597,final,-4.4534783363342285
598,final,-5.47164249420166
599,final,-4.48621940612793
600,final,-5.808749675750732
601,final,-5.424752235412598
602,final,-5.659437656402588
603,final,-6.812740325927734
604,final,-5.9722676277160645
605,final,-4.642671585083008
606,final,-4.015870094299316
607,final,-4.421241283416748
608,final,-3.887230634689331
609,final,-6.01747989654541
610,final,-6.1462249755859375
611,final,-4.938065528869629
612,final,-4.228327751159668
613,final,-4.792849063873291
614,final,-4.957679271697998
615,final,-5.784580707550049
616,final,-6.4225335121154785
617,final,-6.449197769165039
618,final,-6.2225189208984375
619,final,-6.171041011810303
620,final,-6.422062397003174
621,final,-5.58151912689209
622,final,-4.947500705718994
623,final,-7.338860511779785
624,final,-6.498196125030518
625,final,-6.284615993499756
626,final,-6.511746406555176
627,final,-5.898684024810791
628,final,-6.817203521728516
629,final,-4.4637908935546875
630,final,-5.362036228179932
631,final,-6.288327217102051
632,final,-4.641097068786621
633,final,-5.3822221755981445
634,final,-5.794559001922607
635,final,-6.194159507751465
636,final,-6.674863338470459
637,final,-7.3521881103515625
638,final,-7.461812973022461
639,final,-7.412056922912598
640,final,-5.178897857666016
641,final,-5.890898704528809
642,final,-5.358344554901123
643,final,-5.723892688751221
644,final,-5.662726402282715
645,final,-4.504484176635742
646,final,-5.6307220458984375
647,final,-5.582294464111328
648,final,-5.313755989074707
649,final,-6.593133449554443
650,final,-6.188179016113281
651,final,-5.255850315093994
652,final,-6.671079158782959
653,final,-6.613725185394287
654,final,-5.41960334777832
655,final,-7.454373836517334
656,final,-5.468902587890625
657,final,-5.3428802490234375
658,final,-7.823700904846191
659,final,-6.2669267654418945
660,final,-4.970759868621826
661,final,-5.280468940734863
662,final,-5.4688286781311035
663,final,-5.457825660705566
664,final,-4.777958869934082
665,final,-4.85039758682251
666,final,-6.4923906326293945
667,final,-5.223467826843262
668,final,-5.281599044799805
669,final,-4.981917858123779
670,final,-5.231104850769043
671,final,-6.477288246154785
672,final,-4.111005783081055
673,final,-4.5617804527282715
674,final,-5.1542510986328125
675,final,-4.702926158905029
676,final,-4.866451740264893
677,final,-5.999917030334473
678,final,-5.499791622161865
679,final,-6.569813251495361
680,final,-6.707795143127441
681,final,-6.886716365814209
682,final,-6.444404602050781
683,final,-5.03106164932251
684,final,-5.192133903503418
685,final,-4.405220985412598
686,final,-5.969271183013916
687,final,-5.12494421005249
688,final,-5.075311660766602
689,final,-5.999978065490723
690,final,-6.809642791748047
691,final,-5.716318607330322
692,final,-8.286748886108398
693,final,-5.97407865524292
694,final,-5.531590938568115
695,final,-8.494058609008789
696,final,-4.862260818481445
697,final,-7.212336540222168
698,final,-7.591470241546631
699,final,-8.439897537231445
700,final,-4.903604030609131
701,final,-6.5862908363342285
702,final,-6.488648891448975
703,final,-8.01228141784668
704,final,-4.949386119842529
705,final,-6.619607925415039
706,final,-5.5594635009765625
707,final,-7.01767110824585
708,final,-5.443950653076172
709,final,-7.145648956298828
710,final,-6.138733386993408
711,final,-6.5331549644470215
712,final,-6.267746448516846
713,final,-7.217798709869385
714,final,-5.231662750244141
715,final,-5.406574249267578
716,final,-5.674719333648682
717,final,-6.0716872215271
718,final,-5.058501720428467
719,final,-4.775685787200928
720,final,-5.610792636871338
721,final,-7.541496276855469
722,final,-6.1281914710998535
723,final,-5.7451043128967285
724,final,-5.711583137512207
725,final,-6.127963542938232
726,final,-3.6321933269500732
727,final,-4.5047993659973145
728,final,-3.8351080417633057
729,final,-5.893607139587402
730,final,-4.313530445098877
731,final,-4.618842124938965
732,final,-4.919061660766602
733,final,-5.342260837554932
734,final,-4.390735149383545
735,final,-6.290998935699463
736,final,-4.0238518714904785
737,final,-4.539717197418213
738,final,-7.029584884643555
739,final,-4.212256908416748
740,final,-6.70960807800293
741,final,-5.59472131729126
742,final,-6.224043369293213
743,final,-4.272724151611328
744,final,-6.117131233215332
745,final,-5.747402667999268
746,final,-5.5093817710876465
747,final,-5.736720561981201
748,final,-5.268308162689209
749,final,-5.723278522491455
750,final,-6.353917598724365
751,final,-4.934634208679199
752,final,-5.549942970275879
753,final,-5.148872375488281
754,final,-6.944777965545654
755,final,-5.0088677406311035
756,final,-6.151086807250977
757,final,-6.504174709320068
758,final,-7.1808695793151855
759,final,-5.33231258392334
760,final,-5.077108383178711
761,final,-7.668639659881592
762,final,-6.12900972366333
763,final,-5.751490116119385
764,final,-4.7253217697143555
765,final,-4.929030895233154
766,final,-4.283504486083984
767,final,-5.555069923400879
768,final,-5.4483137130737305
769,final,-5.583191394805908
770,final,-5.439366340637207
771,final,-5.649975776672363
772,final,-5.365130424499512
773,final,-4.896152496337891
774,final,-6.202091217041016
775,final,-5.470907688140869
776,final,-5.618227958679199
777,final,-4.97134256362915
778,final,-5.212462425231934
779,final,-6.771890163421631
780,final,-4.852293968200684
781,final,-6.272879123687744
782,final,-6.739762783050537
783,final,-5.896625518798828
784,final,-5.488497734069824
785,final,-6.076555252075195
786,final,-5.858072280883789
787,final,-5.1862664222717285
788,final,-5.262804985046387
789,final,-6.436159133911133
790,final,-5.879039287567139
791,final,-5.588628768920898
792,final,-5.619422912597656
793,final,-6.044945240020752
794,final,-5.291828632354736
795,final,-4.935024738311768
796,final,-5.707754135131836
797,final,-5.612492084503174
798,final,-5.797280311584473
799,final,-6.558224201202393
800,final,-6.041544437408447
801,final,-5.911183834075928
802,final,-4.162389755249023
803,final,-6.36502742767334
804,final,-5.805567741394043
805,final,-6.374563694000244
806,final,-5.898527145385742
807,final,-4.963296890258789
808,final,-4.578062057495117
809,final,-6.423420429229736
810,final,-5.647726535797119
811,final,-6.681995868682861
812,final,-6.632452011108398
813,final,-5.165554523468018
814,final,-5.277588367462158
815,final,-6.341159820556641
816,final,-5.291014194488525
817,final,-5.454304218292236
818,final,-6.143937110900879
819,final,-4.697864532470703
820,final,-4.806059837341309
821,final,-5.732480049133301
822,final,-5.696379661560059
823,final,-5.423348426818848
824,final,-6.875767230987549
825,final,-5.077047348022461
826,final,-5.727081298828125
827,final,-5.264492988586426
828,final,-5.830722808837891
829,final,-5.616876602172852
830,final,-4.882815837860107
831,final,-5.062749862670898
832,final,-6.188786506652832
833,final,-5.827596187591553
834,final,-5.097092628479004
835,final,-5.215900897979736
836,final,-5.8770270347595215
837,final,-5.093661785125732
838,final,-4.703140735626221
839,final,-5.3236799240112305
840,final,-4.98878812789917
841,final,-4.728240966796875
842,final,-6.720080375671387
843,final,-5.750638008117676
844,final,-5.4540486335754395
845,final,-4.022877216339111
846,final,-5.624905586242676
847,final,-5.028160095214844
848,final,-4.496720314025879
849,final,-6.889557838439941
850,final,-6.976635932922363
851,final,-5.81250524520874
852,final,-5.863100528717041
853,final,-6.920345783233643
854,final,-5.389671802520752
855,final,-6.211591720581055
856,final,-5.760724067687988
857,final,-4.8868865966796875
858,final,-6.216825008392334
859,final,-4.8868865966796875
860,final,-5.1125664710998535
861,final,-6.409335613250732
862,final,-6.37886905670166
863,final,-6.044755935668945
864,final,-6.8892717361450195
865,final,-6.190767288208008
866,final,-7.313041687011719
867,final,-4.174350261688232
868,final,-5.556921005249023
869,final,-4.496852874755859
870,final,-6.688347816467285
871,final,-6.2561235427856445
872,final,-4.848861217498779
873,final,-6.796933650970459
874,final,-4.9446892738342285
875,final,-6.190767288208008
876,final,-4.851657390594482
877,final,-6.323855400085449
878,final,-5.069201469421387
879,final,-5.236850738525391
880,final,-5.781878471374512
881,final,-6.762991428375244
882,final,-6.100647926330566
883,final,-5.416735649108887
884,final,-5.100247859954834
885,final,-4.496852874755859
886,final,-5.562648296356201
887,final,-5.530122756958008
888,final,-6.889559268951416
889,final,-5.364502906799316
890,final,-4.678703784942627
891,final,-4.386113166809082
892,final,-6.019634246826172
893,final,-6.843271255493164
894,final,-5.696418285369873
895,final,-4.934825420379639
896,final,-6.514627933502197
897,final,-4.896549224853516
898,final,-6.091883182525635
899,final,-5.210297107696533
900,final,-4.998063087463379
901,final,-5.7233123779296875
902,final,-4.998063087463379
903,final,-4.964010238647461
904,final,-6.003634452819824
905,final,-6.141582012176514
906,final,-5.639148712158203
907,final,-6.46790075302124
908,final,-6.0880889892578125
909,final,-6.6735687255859375
910,final,-5.578182697296143
911,final,-5.427982330322266
912,final,-5.488077163696289
913,final,-5.94145393371582
914,final,-6.059048175811768
915,final,-5.488077163696289
916,final,-6.556985855102539
917,final,-6.47678804397583
918,final,-5.241819858551025
919,final,-5.562182426452637
920,final,-5.175539016723633
921,final,-5.498319149017334
922,final,-4.447903633117676
923,final,-5.200808048248291
924,final,-5.61997652053833
925,final,-4.93195104598999
926,final,-5.40377950668335
927,final,-6.109010696411133
928,final,-6.133623123168945
929,final,-5.680809497833252
930,final,-5.640705585479736
931,final,-5.114795684814453
932,final,-5.842864513397217
933,final,-6.024872303009033
934,final,-5.855517864227295
935,final,-7.48547887802124
936,final,-5.157824993133545
937,final,-5.44835901260376
938,final,-5.33489465713501
939,final,-5.563902854919434
940,final,-6.621819019317627
941,final,-5.290856838226318
942,final,-6.4727349281311035
943,final,-4.83786153793335
944,final,-5.556684970855713
945,final,-5.228305816650391
946,final,-5.438976287841797
947,final,-6.021213054656982
948,final,-4.756381988525391
949,final,-5.875247478485107
950,final,-6.47037410736084
951,final,-5.89036226272583
952,final,-4.665543556213379
953,final,-5.164093017578125
954,final,-5.288815498352051
955,final,-5.175361156463623
956,final,-5.817907810211182
957,final,-5.687909126281738
958,final,-5.175361156463623
959,final,-5.5184760093688965
960,final,-6.332019805908203
961,final,-4.958024501800537
962,final,-4.924497604370117
963,final,-4.5236334800720215
964,final,-5.294483184814453
965,final,-4.153056621551514
966,final,-4.964362144470215
967,final,-5.337860107421875
968,final,-4.539371013641357
969,final,-4.88593864440918
970,final,-6.050037860870361
971,final,-5.955536365509033
972,final,-4.840529918670654
973,final,-5.7397260665893555
974,final,-8.218751907348633
975,final,-7.359334468841553
976,final,-5.625520706176758
977,final,-6.058402061462402
978,final,-7.050427436828613
979,final,-6.327856063842773
980,final,-6.273143768310547
981,final,-7.278973579406738
982,final,-4.862991809844971
983,final,-5.148860931396484
984,final,-6.134878158569336
985,final,-5.61895227432251
986,final,-5.584214210510254
987,final,-7.093739986419678
988,final,-5.847352504730225
989,final,-6.215110778808594
990,final,-6.679725646972656
991,final,-4.942237854003906
992,final,-5.622061252593994
993,final,-7.04980993270874
994,final,-6.108911991119385
995,final,-6.074440002441406
996,final,-6.507350921630859
997,final,-6.627437114715576
998,final,-6.970487594604492
999,final,-7.3603644371032715
1000,final,-6.3336181640625
1001,final,-7.043678283691406
1002,final,-5.3975677490234375
1003,final,-4.744510173797607
1004,final,-7.591544151306152
1005,final,-5.355299949645996
1006,final,-5.087306976318359
1007,final,-7.44864559173584
1008,final,-7.678353309631348
1009,final,-5.914735317230225
1010,final,-5.086841106414795
1011,final,-5.520167827606201
1012,final,-5.832343101501465
1013,final,-5.928412437438965
1014,final,-6.708860397338867
1015,final,-5.623708248138428
1016,final,-5.028084754943848
1017,final,-7.001079082489014
1018,final,-6.702701568603516
1019,final,-5.050378799438477
1020,final,-6.162965774536133
1021,final,-5.765216827392578
1022,final,-5.707045555114746
1023,final,-5.79948091506958
1024,final,-5.760159969329834
1025,final,-4.861504077911377
1026,final,-4.647367477416992
1027,final,-5.559595584869385
1028,final,-5.632522106170654
1029,final,-4.563847541809082
1030,final,-5.9035868644714355
1031,final,-6.126600742340088
1032,final,-6.145256996154785
1033,final,-6.1253180503845215
1034,final,-5.045048236846924
1035,final,-5.563314437866211
1036,final,-6.075362682342529
1037,final,-5.663181304931641
1038,final,-5.014172554016113
1039,final,-4.8074164390563965
1040,final,-6.182642459869385
1041,final,-5.837682247161865
1042,final,-4.622157096862793
1043,final,-6.251832962036133
1044,final,-5.8920440673828125
1045,final,-5.4867939949035645
1046,final,-6.368645191192627
1047,final,-5.270878314971924
1048,final,-4.659596920013428
1049,final,-5.574220180511475
1050,final,-5.161653995513916
1051,final,-6.172538757324219
1052,final,-5.6222028732299805
1053,final,-5.644050121307373
1054,final,-4.960204124450684
1055,final,-5.635084629058838
1056,final,-4.2460126876831055
1057,final,-6.229646682739258
1058,final,-6.39909029006958
1059,final,-4.986063003540039
1060,final,-4.906642913818359
1061,final,-5.388631820678711
1062,final,-4.6095871925354
1063,final,-5.500654697418213
1064,final,-5.437056064605713
1065,final,-5.869139194488525
1066,final,-5.254788398742676
1067,final,-5.299087047576904
1068,final,-4.875389099121094
1069,final,-4.680810451507568
1070,final,-5.2739691734313965
1071,final,-4.676262855529785
1072,final,-4.35254430770874
1073,final,-5.8580546379089355
1074,final,-5.350624084472656
1075,final,-4.497623920440674
1076,final,-3.4838428497314453
1077,final,-4.3033881187438965
1078,final,-5.08103609085083
1079,final,-4.468949794769287
1080,final,-6.018845081329346
1081,final,-4.212734699249268
1082,final,-6.402214050292969
1083,final,-4.721580505371094
1084,final,-4.721580505371094
1085,final,-5.635509014129639
1086,final,-5.24512243270874
1087,final,-5.226450443267822
1088,final,-4.6274285316467285
1089,final,-4.220672130584717
1090,final,-5.494612216949463
1091,final,-6.506202220916748
1092,final,-4.879950046539307
1093,final,-4.8516645431518555
1094,final,-4.504663944244385
1095,final,-4.8005475997924805
1096,final,-4.726210594177246
1097,final,-5.9784064292907715
1098,final,-4.0506439208984375
1099,final,-5.491444110870361
1100,final,-5.121109962463379
1101,final,-4.372753620147705
1102,final,-5.826767444610596
1103,final,-4.6604132652282715
1104,final,-6.356527805328369
1105,final,-3.829263925552368
1106,final,-6.894430160522461
1107,final,-6.234846591949463
1108,final,-3.915651559829712
1109,final,-5.6146111488342285
1110,final,-6.231546878814697
1111,final,-3.338392496109009
1112,final,-6.421468734741211
1113,final,-5.997364044189453
1114,final,-4.821456432342529
1115,final,-4.411990642547607
1116,final,-6.234846591949463
1117,final,-5.168704509735107
1118,final,-3.7502522468566895
1119,final,-3.1989517211914062
1120,final,-3.754685878753662
1121,final,-4.768691539764404
1122,final,-4.315345764160156
1123,final,-5.173900127410889
1124,final,-3.5798263549804688
1125,final,-5.73740291595459
1126,final,-4.138680458068848
1127,final,-4.138680458068848
1128,final,-5.1210126876831055
1129,final,-4.8588337898254395
1130,final,-4.524991512298584
1131,final,-4.185591697692871
1132,final,-3.754375696182251
1133,final,-4.715170860290527
1134,final,-5.806674480438232
1135,final,-4.375171661376953
1136,final,-4.261712551116943
1137,final,-4.0797200202941895
1138,final,-4.369087219238281
1139,final,-5.782768726348877
1140,final,-6.14303731918335
1141,final,-4.890249729156494
1142,final,-4.653484344482422
1143,final,-4.686425685882568
1144,final,-4.7828369140625
1145,final,-5.742347717285156
1146,final,-4.109703063964844
1147,final,-4.858413219451904
1148,final,-6.94927453994751
1149,final,-5.008881092071533
1150,final,-5.533773422241211
1151,final,-6.507879734039307
1152,final,-4.523111820220947
1153,final,-5.5455169677734375
1154,final,-3.896258592605591
1155,final,-6.507880687713623
1156,final,-6.685288906097412
1157,final,-6.637667179107666
1158,final,-5.759027004241943
1159,final,-4.836299419403076
1160,final,-6.143917083740234
1161,final,-6.324230194091797
1162,final,-4.238446235656738
1163,final,-4.010959148406982
1164,final,-5.823586940765381
1165,final,-7.055635929107666
1166,final,-6.324230194091797
1167,final,-3.577503204345703
1168,final,-5.343875408172607
1169,final,-6.638901233673096
1170,final,-6.478193283081055
1171,final,-5.423069000244141
1172,final,-5.207882404327393
1173,final,-5.207882404327393
1174,final,-5.712074279785156
1175,final,-3.6317684650421143
1176,final,-4.702633857727051
1177,final,-4.1825714111328125
1178,final,-4.656458854675293
1179,final,-5.138216495513916
1180,final,-5.0033135414123535
1181,final,-5.823586940765381
1182,final,-5.1870012283325195
1183,final,-5.340937614440918
1184,final,-4.54395055770874
1185,final,-4.289366245269775
1186,final,-4.504153251647949
1187,final,-4.2170000076293945
1188,final,-5.119169235229492
1189,final,-3.917694568634033
1190,final,-4.8946356773376465
1191,final,-6.300603866577148
1192,final,-4.935965538024902
1193,final,-4.730846881866455
1194,final,-5.543067932128906
1195,final,-4.035205841064453
1196,final,-4.741292476654053
1197,final,-3.4509878158569336
1198,final,-5.543067932128906
1199,final,-5.755062580108643
1200,final,-5.674149513244629
1201,final,-5.1837849617004395
1202,final,-5.659729957580566
1203,final,-5.873061180114746
1204,final,-5.749076843261719
1205,final,-5.418765544891357
1206,final,-5.079464435577393
1207,final,-4.76531982421875
1208,final,-6.9328813552856445
1209,final,-7.0269012451171875
1210,final,-5.651538848876953
1211,final,-5.58906888961792
1212,final,-6.195346832275391
1213,final,-5.821150779724121
1214,final,-5.471744537353516
1215,final,-4.982358932495117
1216,final,-5.709053039550781
1217,final,-5.198425769805908
1218,final,-5.335104942321777
1219,final,-6.849296569824219
1220,final,-4.616188049316406
1221,final,-5.540099143981934
1222,final,-5.940984725952148
1223,final,-4.661182403564453
1224,final,-5.166135787963867
1225,final,-6.083454608917236
1226,final,-5.251406192779541
1227,final,-5.387298107147217
1228,final,-5.083067417144775
1229,final,-5.243581771850586
1230,final,-4.785315036773682
1231,final,-5.563780784606934
1232,final,-6.336174011230469
1233,final,-5.302443981170654
1234,final,-5.0264997482299805
1235,final,-7.09307336807251
1236,final,-5.071674346923828
1237,final,-6.498739242553711
1238,final,-6.909974098205566
1239,final,-5.59873104095459
1240,final,-5.398167133331299
1241,final,-6.4890289306640625
1242,final,-5.713149547576904
1243,final,-5.007505416870117
1244,final,-5.2161335945129395
1245,final,-4.839796543121338
1246,final,-4.827096939086914
1247,final,-4.571400165557861
1248,final,-4.823565483093262
1249,final,-4.204049110412598
1250,final,-4.106513500213623
1251,final,-6.099618911743164
1252,final,-5.806639194488525
1253,final,-4.766942977905273
1254,final,-4.868043422698975
1255,final,-5.627205848693848
1256,final,-5.101851463317871
1257,final,-5.06657600402832
1258,final,-4.2800397872924805
1259,final,-4.903695106506348
1260,final,-4.420336723327637
1261,final,-4.88644552230835
1262,final,-5.883905410766602
1263,final,-3.589474678039551
1264,final,-4.374151229858398
1265,final,-5.332265853881836
1266,final,-5.140783786773682
1267,final,-5.5024003982543945
1268,final,-4.8234734535217285
1269,final,-5.791919231414795
1270,final,-5.783291339874268
1271,final,-7.075880527496338
1272,final,-4.6190996170043945
1273,final,-6.557636260986328
1274,final,-5.615781307220459
1275,final,-5.0954155921936035
1276,final,-6.676042556762695
1277,final,-4.384823799133301
1278,final,-5.456428050994873
1279,final,-6.751027584075928
1280,final,-4.260445594787598
1281,final,-6.011683940887451
1282,final,-7.023178577423096
1283,final,-5.87038516998291
1284,final,-5.274095058441162
1285,final,-7.30202054977417
1286,final,-5.423003196716309
1287,final,-8.145573616027832
1288,final,-6.006104469299316
1289,final,-6.311959743499756
1290,final,-6.752331256866455
1291,final,-6.923196792602539
1292,final,-6.158443927764893
1293,final,-6.750931262969971
1294,final,-6.385262966156006
1295,final,-5.502400875091553
1296,final,-7.989082336425781
1297,final,-6.841354846954346
1298,final,-5.282182216644287
1299,final,-5.198100566864014
1300,final,-4.260445594787598
1301,final,-4.544806480407715
1302,final,-6.831283092498779
1303,final,-5.671433925628662
1304,final,-5.791732311248779
1305,final,-5.825594425201416
1306,final,-6.520567893981934
1307,final,-5.345059871673584
1308,final,-4.463626384735107
1309,final,-4.114884853363037
1310,final,-4.725050926208496
1311,final,-4.109525203704834
1312,final,-4.719998836517334
1313,final,-4.556129455566406
1314,final,-6.066829204559326
1315,final,-3.74247407913208
1316,final,-5.185208797454834
1317,final,-5.187313079833984
1318,final,-4.109673500061035
1319,final,-5.266730785369873
1320,final,-3.5399169921875
1321,final,-4.64857292175293
1322,final,-5.3287835121154785
1323,final,-3.6094424724578857
1324,final,-4.402907371520996
1325,final,-5.288512706756592
1326,final,-4.957250118255615
1327,final,-4.176056385040283
1328,final,-4.981196403503418
1329,final,-5.062727928161621
1330,final,-5.062727928161621
1331,final,-6.048903465270996
1332,final,-5.645313739776611
1333,final,-4.783321857452393
1334,final,-6.164674758911133
1335,final,-5.024144649505615
1336,final,-5.394650936126709
1337,final,-5.569025993347168
1338,final,-4.034895896911621
1339,final,-4.937860488891602
1340,final,-5.145394325256348
1341,final,-6.558929443359375
1342,final,-6.259574890136719
1343,final,-5.52264928817749
1344,final,-5.286358833312988
1345,final,-4.7540106773376465
1346,final,-4.955028057098389
1347,final,-4.543631076812744
1348,final,-5.4969024658203125
1349,final,-4.76619815826416
1350,final,-4.9688639640808105
1351,final,-4.76432991027832
1352,final,-5.62119197845459
1353,final,-3.2064337730407715
1354,final,-5.670691013336182
1355,final,-3.1310067176818848
1356,final,-4.421450138092041
1357,final,-3.5363826751708984
1358,final,-4.304386615753174
1359,final,-4.487374782562256
1360,final,-3.8016788959503174
1361,final,-3.6618118286132812
1362,final,-3.536086082458496
1363,final,-5.301012992858887
1364,final,-4.629547595977783
1365,final,-4.663736820220947
1366,final,-4.300696849822998
1367,final,-4.877847671508789
0,best,-3.1106350421905518
1,best,-4.677534103393555
2,best,-3.2184813022613525
3,best,-5.029892444610596
4,best,-2.5383498668670654
5,best,-4.3891072273254395
6,best,-2.959091901779175
7,best,-4.221871852874756
8,best,-2.6650149822235107
9,best,-3.462897539138794
10,best,-3.268763303756714
11,best,-3.006080150604248
12,best,-2.550772190093994
13,best,-2.8057050704956055
14,best,-3.1341705322265625
15,best,-3.430652379989624
16,best,-5.055202484130859
17,best,-3.006080150604248
18,best,-4.271373271942139
19,best,-3.2184813022613525
20,best,-4.136256694793701
21,best,-4.011294364929199
22,best,-3.9528064727783203
23,best,-3.67907452583313
24,best,-3.1494948863983154
25,best,-4.011294364929199
26,best,-4.263891696929932
27,best,-3.7593331336975098
28,best,-3.295506238937378
29,best,-4.263891696929932
30,best,-4.964788436889648
31,best,-4.275348663330078
32,best,-3.410295248031616
33,best,-4.251046657562256
34,best,-4.398963451385498
35,best,-5.131528854370117
36,best,-2.9238669872283936
37,best,-4.023461818695068
38,best,-2.8591582775115967
39,best,-3.9400761127471924
40,best,-5.455212593078613
41,best,-3.5504205226898193
42,best,-4.931155204772949
43,best,-3.9669666290283203
44,best,-4.482831001281738
45,best,-4.841556549072266
46,best,-3.9332640171051025
47,best,-4.226594924926758
48,best,-4.49053955078125
49,best,-5.141666412353516
50,best,-4.863255500793457
51,best,-5.429265975952148
52,best,-3.7400026321411133
53,best,-4.481868267059326
54,best,-4.472146034240723
55,best,-4.139398574829102
56,best,-4.194462776184082
57,best,-5.385096549987793
58,best,-4.4119157791137695
59,best,-3.9882521629333496
60,best,-3.118689775466919
61,best,-4.037318706512451
62,best,-4.594071865081787
63,best,-4.480781555175781
64,best,-4.433393478393555
65,best,-3.8236746788024902
66,best,-3.02307391166687
67,best,-4.361631393432617
68,best,-5.23265266418457
69,best,-2.857367753982544
70,best,-4.495228290557861
71,best,-3.1260719299316406
72,best,-3.845578670501709
73,best,-4.0232834815979
74,best,-5.69865083694458
75,best,-4.4564528465271
76,best,-4.19387674331665
77,best,-3.862577438354492
78,best,-4.118480205535889
79,best,-2.967899799346924
80,best,-4.194417476654053
81,best,-4.942723751068115
82,best,-4.363091468811035
83,best,-4.285341739654541
84,best,-4.070549488067627
85,best,-4.162734508514404
86,best,-4.968127727508545
87,best,-4.941172122955322
88,best,-5.5035786628723145
89,best,-4.426548004150391
90,best,-3.8029403686523438
91,best,-4.013241291046143
92,best,-4.550349712371826
93,best,-4.1251726150512695
94,best,-5.20726203918457
95,best,-5.237850189208984
96,best,-4.815878868103027
97,best,-4.02359676361084
98,best,-4.465457439422607
99,best,-4.532651901245117
100,best,-4.653428077697754
101,best,-3.561833620071411
102,best,-3.41345477104187
103,best,-3.997762441635132
104,best,-3.7487337589263916
105,best,-3.926558017730713
106,best,-2.752570390701294
107,best,-5.198236465454102
108,best,-3.7487337589263916
109,best,-2.8427765369415283
110,best,-5.122216701507568
111,best,-4.111798286437988
112,best,-3.705296516418457
113,best,-4.506241798400879
114,best,-4.290134429931641
115,best,-3.2859907150268555
116,best,-3.916551113128662
117,best,-4.516698360443115
118,best,-4.051859378814697
119,best,-3.5909955501556396
120,best,-3.8839683532714844
121,best,-4.204600811004639
122,best,-2.5795886516571045
123,best,-2.827225923538208
124,best,-3.2853851318359375
125,best,-2.5795886516571045
126,best,-4.44098424911499
127,best,-3.538123607635498
128,best,-3.9694366455078125
129,best,-2.9411983489990234
130,best,-3.332306385040283
131,best,-2.6126174926757812
132,best,-3.7356650829315186
133,best,-3.841237783432007
134,best,-2.699460983276367
135,best,-3.597641944885254
136,best,-4.874903202056885
137,best,-3.9491326808929443
138,best,-2.9436802864074707
139,best,-3.9189701080322266
140,best,-4.291769981384277
141,best,-3.764326810836792
142,best,-4.774089336395264
143,best,-4.220736503601074
144,best,-5.207816123962402
145,best,-5.356238842010498
146,best,-4.418208599090576
147,best,-4.509740829467773
148,best,-4.777615547180176
149,best,-4.140253067016602
150,best,-4.615238189697266
151,best,-4.377084732055664
152,best,-3.6118175983428955
153,best,-4.449751853942871
154,best,-4.199097156524658
155,best,-5.40499210357666
156,best,-4.199097156524658
157,best,-4.3083577156066895
158,best,-4.566980361938477
159,best,-5.090474605560303
160,best,-3.155243158340454
161,best,-4.111866474151611
162,best,-3.8620097637176514
163,best,-4.951501369476318
164,best,-3.806722640991211
165,best,-3.8295083045959473
166,best,-3.0850448608398438
167,best,-3.2924118041992188
168,best,-5.350938320159912
169,best,-3.4500560760498047
170,best,-4.435642242431641
171,best,-5.527856349945068
172,best,-4.37838077545166
173,best,-3.375800371170044
174,best,-3.6773149967193604
175,best,-4.682757377624512
176,best,-3.968966245651245
177,best,-3.7652580738067627
178,best,-2.7245256900787354
179,best,-4.777303695678711
180,best,-3.4198803901672363
181,best,-4.063591480255127
182,best,-4.14487361907959
183,best,-4.420886993408203
184,best,-4.4803595542907715
185,best,-4.659261226654053
186,best,-4.45928430557251
187,best,-4.625226020812988
188,best,-4.24575662612915
189,best,-4.740302085876465
190,best,-5.556877136230469
191,best,-4.7450666427612305
192,best,-4.965035438537598
193,best,-5.303860664367676
194,best,-4.9385600090026855
195,best,-3.6139438152313232
196,best,-5.007656097412109
197,best,-4.880069255828857
198,best,-4.327108383178711
199,best,-3.6185197830200195
200,best,-2.9385862350463867
201,best,-4.316029071807861
202,best,-3.448915958404541
203,best,-2.998991012573242
204,best,-2.8302388191223145
205,best,-2.8302388191223145
206,best,-3.5369322299957275
207,best,-3.682683229446411
208,best,-4.5946455001831055
209,best,-4.378762245178223
210,best,-4.50078821182251
211,best,-4.396174907684326
212,best,-3.9550223350524902
213,best,-4.82200813293457
214,best,-3.310978412628174
215,best,-4.266502857208252
216,best,-3.193256139755249
217,best,-3.961608409881592
218,best,-4.6294426918029785
219,best,-4.8959455490112305
220,best,-4.609095573425293
221,best,-5.498671054840088
222,best,-4.526261329650879
223,best,-5.403162479400635
224,best,-5.403090953826904
225,best,-5.51003360748291
226,best,-4.939168453216553
227,best,-6.021138668060303
228,best,-6.184236526489258
229,best,-5.832061767578125
230,best,-5.743121147155762
231,best,-4.546300888061523
232,best,-4.9131317138671875
233,best,-5.352019786834717
234,best,-4.1407151222229
235,best,-5.752960205078125
236,best,-5.451014995574951
237,best,-5.4231133460998535
238,best,-4.844894886016846
239,best,-4.1217193603515625
240,best,-4.212714672088623
241,best,-5.395113468170166
242,best,-5.48556661605835
243,best,-4.0312089920043945
244,best,-5.7318034172058105
245,best,-5.876742839813232
246,best,-6.662480354309082
247,best,-5.369904041290283
248,best,-5.927796363830566
249,best,-5.013642311096191
250,best,-5.404757022857666
251,best,-6.0065741539001465
252,best,-4.1407151222229
253,best,-5.4986701011657715
254,best,-5.4986701011657715
255,best,-5.832061767578125
256,best,-5.913641929626465
257,best,-5.333360195159912
258,best,-5.381802558898926
259,best,-4.5973687171936035
260,best,-5.579984188079834
261,best,-6.068183898925781
262,best,-5.759402751922607
263,best,-4.009404182434082
264,best,-4.437944412231445
265,best,-4.135114669799805
266,best,-5.027969837188721
267,best,-4.244345664978027
268,best,-4.659510612487793
269,best,-4.316675662994385
270,best,-4.951406478881836
271,best,-5.645437717437744
272,best,-5.376934051513672
273,best,-4.780409812927246
274,best,-4.266936302185059
275,best,-4.7863383293151855
276,best,-4.8651604652404785
277,best,-4.0687785148620605
278,best,-4.821758270263672
279,best,-4.849400997161865
280,best,-4.984513282775879
281,best,-4.590828895568848
282,best,-4.000123977661133
283,best,-4.0915846824646
284,best,-6.35369873046875
285,best,-6.08835506439209
286,best,-4.498266220092773
287,best,-4.876926422119141
288,best,-6.062535762786865
289,best,-5.150889873504639
290,best,-5.29046106338501
291,best,-5.602034091949463
292,best,-6.010051250457764
293,best,-4.982820987701416
294,best,-6.433665752410889
295,best,-5.6435089111328125
296,best,-5.619641304016113
297,best,-4.434300422668457
298,best,-5.532454013824463
299,best,-6.062067031860352
300,best,-5.532454013824463
301,best,-5.627089977264404
302,best,-5.495072364807129
303,best,-4.287281513214111
304,best,-5.8632493019104
305,best,-5.7504167556762695
306,best,-5.550779819488525
307,best,-5.360138893127441
308,best,-6.0013556480407715
309,best,-6.526366710662842
310,best,-5.6435089111328125
311,best,-6.046583652496338
312,best,-6.258493900299072
313,best,-6.062535762786865
314,best,-5.881218433380127
315,best,-5.360138893127441
316,best,-4.8662896156311035
317,best,-6.509828090667725
318,best,-5.253959655761719
319,best,-6.256159782409668
320,best,-5.477684497833252
321,best,-6.062535285949707
322,best,-4.799459457397461
323,best,-4.865406513214111
324,best,-5.015965461730957
325,best,-5.68215274810791
326,best,-3.828507423400879
327,best,-5.59708833694458
328,best,-5.21251916885376
329,best,-4.290029048919678
330,best,-4.591253280639648
331,best,-5.490535259246826
332,best,-4.55570125579834
333,best,-5.087593078613281
334,best,-4.8514604568481445
335,best,-5.40932035446167
336,best,-4.667248249053955
337,best,-5.524043560028076
338,best,-4.887321472167969
339,best,-5.194675445556641
340,best,-4.172519207000732
341,best,-4.710495948791504
342,best,-5.748635768890381
343,best,-4.710495948791504
344,best,-4.750831604003906
345,best,-4.935818672180176
346,best,-5.63284969329834
347,best,-5.864840984344482
348,best,-6.308743000030518
349,best,-6.108555316925049
350,best,-4.406128883361816
351,best,-6.842950344085693
352,best,-5.21297025680542
353,best,-6.442150592803955
354,best,-5.029226779937744
355,best,-5.48785400390625
356,best,-5.722223281860352
357,best,-5.743432998657227
358,best,-5.931718826293945
359,best,-5.877968788146973
360,best,-6.000925064086914
361,best,-5.100898742675781
362,best,-5.153744220733643
363,best,-5.486730575561523
364,best,-6.133871078491211
365,best,-5.077162265777588
366,best,-6.264092445373535
367,best,-5.851623058319092
368,best,-6.138822555541992
369,best,-5.907970428466797
370,best,-5.197061538696289
371,best,-5.902908802032471
372,best,-4.457612991333008
373,best,-6.560603141784668
374,best,-5.303780555725098
375,best,-6.155092716217041
376,best,-6.719161510467529
377,best,-5.01134729385376
378,best,-5.820060729980469
379,best,-4.408132553100586
380,best,-5.594470024108887
381,best,-6.0779571533203125
382,best,-5.268709182739258
383,best,-5.547147274017334
384,best,-5.11029577255249
385,best,-5.408349514007568
386,best,-5.851623058319092
387,best,-6.185441017150879
388,best,-6.428194522857666
389,best,-4.406126022338867
390,best,-5.242364406585693
391,best,-4.981503963470459
392,best,-4.7238450050354
393,best,-3.88765811920166
394,best,-5.448541641235352
395,best,-4.259917259216309
396,best,-5.197003364562988
397,best,-4.335848808288574
398,best,-5.330998420715332
399,best,-5.423110485076904
400,best,-5.3187642097473145
401,best,-5.396341323852539
402,best,-4.869200229644775
403,best,-5.630734443664551
404,best,-4.736392021179199
405,best,-4.7516374588012695
406,best,-4.9047651290893555
407,best,-5.4269208908081055
408,best,-4.512535572052002
409,best,-5.806291103363037
410,best,-5.28802490234375
411,best,-7.038971900939941
412,best,-6.651083469390869
413,best,-5.355808258056641
414,best,-6.45412540435791
415,best,-5.3520965576171875
416,best,-6.095571041107178
417,best,-6.620517253875732
418,best,-5.4032464027404785
419,best,-4.19349479675293
420,best,-4.64353084564209
421,best,-6.038687229156494
422,best,-7.127823829650879
423,best,-5.640743255615234
424,best,-6.079775333404541
425,best,-6.094066143035889
426,best,-5.132102966308594
427,best,-4.757702350616455
428,best,-6.838840007781982
429,best,-6.764375686645508
430,best,-6.7105631828308105
431,best,-7.0368170738220215
432,best,-6.244436740875244
433,best,-6.538379192352295
434,best,-6.941479206085205
435,best,-5.768269062042236
436,best,-4.74562931060791
437,best,-4.731928825378418
438,best,-5.2131524085998535
439,best,-7.0416388511657715
440,best,-4.846762657165527
441,best,-6.4260640144348145
442,best,-6.218479156494141
443,best,-5.3497772216796875
444,best,-6.791416645050049
445,best,-6.257272720336914
446,best,-6.69136381149292
447,best,-6.7925004959106445
448,best,-7.358355522155762
449,best,-5.717196464538574
450,best,-6.482534885406494
451,best,-5.7081193923950195
452,best,-4.484025478363037
453,best,-4.328248500823975
454,best,-5.328635215759277
455,best,-5.547314643859863
456,best,-4.574126243591309
457,best,-4.678780555725098
458,best,-4.355012893676758
459,best,-4.734043121337891
460,best,-4.943331718444824
461,best,-4.648436069488525
462,best,-3.5193114280700684
463,best,-3.6550230979919434
464,best,-4.939934253692627
465,best,-5.552344799041748
466,best,-4.539905548095703
467,best,-4.882725715637207
468,best,-5.001338005065918
469,best,-4.215677738189697
470,best,-3.8599612712860107
471,best,-5.32125186920166
472,best,-3.5291876792907715
473,best,-5.1160430908203125
474,best,-4.83381462097168
475,best,-5.150855541229248
476,best,-5.111246585845947
477,best,-4.038502216339111
478,best,-4.413389682769775
479,best,-4.637231826782227
480,best,-4.117238998413086
481,best,-4.8435587882995605
482,best,-4.206180095672607
483,best,-4.439696311950684
484,best,-4.549082279205322
485,best,-3.782553195953369
486,best,-4.317173004150391
487,best,-5.300957679748535
488,best,-4.277307510375977
489,best,-5.025458812713623
490,best,-5.652807235717773
491,best,-4.256258010864258
492,best,-5.458119869232178
493,best,-5.009957790374756
494,best,-4.178369522094727
495,best,-4.216109752655029
496,best,-4.133034706115723
497,best,-4.341578006744385
498,best,-5.398922443389893
499,best,-4.579726696014404
500,best,-4.683022975921631
501,best,-4.469392776489258
502,best,-5.21722936630249
503,best,-3.8667306900024414
504,best,-3.9268627166748047
505,best,-4.879530429840088
506,best,-5.299410343170166
507,best,-5.207023620605469
508,best,-3.7605042457580566
509,best,-6.017484188079834
510,best,-3.582770824432373
511,best,-5.232240200042725
512,best,-3.896092176437378
513,best,-4.140860080718994
514,best,-6.4401140213012695
515,best,-5.3869194984436035
516,best,-4.7316203117370605
517,best,-4.303040027618408
518,best,-4.796812057495117
519,best,-3.9213814735412598
520,best,-4.190805912017822
521,best,-3.791353940963745
522,best,-4.064642429351807
523,best,-5.277967929840088
524,best,-4.68706750869751
525,best,-4.543959140777588
526,best,-3.606900691986084
527,best,-5.03924560546875
528,best,-5.604825019836426
529,best,-4.92929220199585
530,best,-5.353061676025391
531,best,-6.5414323806762695
532,best,-5.2041497230529785
533,best,-5.91750955581665
534,best,-5.607204437255859
535,best,-4.8607964515686035
536,best,-4.685085773468018
537,best,-4.145491600036621
538,best,-3.9932539463043213
539,best,-3.6498966217041016
540,best,-4.376115322113037
541,best,-5.044771671295166
542,best,-4.414188861846924
543,best,-4.584415435791016
544,best,-4.107057094573975
545,best,-4.791530132293701
546,best,-3.8391835689544678
547,best,-3.8960022926330566
548,best,-5.113614559173584
549,best,-4.637018203735352
550,best,-4.12295389175415
551,best,-3.642324209213257
552,best,-5.289553165435791
553,best,-3.2298953533172607
554,best,-4.480235576629639
555,best,-4.980381965637207
556,best,-3.7965939044952393
557,best,-4.843294620513916
558,best,-4.338639736175537
559,best,-4.83988618850708
560,best,-6.250786304473877
561,best,-4.994016170501709
562,best,-4.9936418533325195
563,best,-4.697066307067871
564,best,-3.879344940185547
565,best,-3.6638967990875244
566,best,-5.066637992858887
567,best,-5.260770797729492
568,best,-4.546127796173096
569,best,-4.338164329528809
570,best,-4.385907173156738
571,best,-4.2839436531066895
572,best,-4.8357415199279785
573,best,-5.723331451416016
574,best,-6.051742076873779
575,best,-4.90962028503418
576,best,-5.2358245849609375
577,best,-5.024049282073975
578,best,-5.024049282073975
579,best,-3.756927490234375
580,best,-4.83988618850708
581,best,-6.157411098480225
582,best,-3.985316753387451
583,best,-7.009041786193848
584,best,-5.16566801071167
585,best,-5.419960021972656
586,best,-5.821784019470215
587,best,-3.8078830242156982
588,best,-5.758238792419434
589,best,-4.2960638999938965
590,best,-5.777507781982422
591,best,-4.408180236816406
592,best,-4.821700572967529
593,best,-4.90962028503418
594,best,-5.155718803405762
595,best,-5.080021858215332
596,best,-6.085452079772949
597,best,-4.6158270835876465
598,best,-4.952199459075928
599,best,-3.574129819869995
600,best,-4.458039283752441
601,best,-4.229973793029785
602,best,-4.592487812042236
603,best,-5.987033843994141
604,best,-5.197176933288574
605,best,-3.9603195190429688
606,best,-3.8985841274261475
607,best,-4.0067138671875
608,best,-3.636380672454834
609,best,-4.831294536590576
610,best,-5.1573920249938965
611,best,-4.639974117279053
612,best,-3.799631357192993
613,best,-4.193819999694824
614,best,-4.375609397888184
615,best,-5.006865978240967
616,best,-5.153498649597168
617,best,-6.142925262451172
618,best,-5.765197277069092
619,best,-5.8067426681518555
620,best,-6.140264987945557
621,best,-4.933751106262207
622,best,-5.431110858917236
623,best,-5.99263858795166
624,best,-6.331593036651611
625,best,-5.291362285614014
626,best,-6.2332282066345215
627,best,-5.379422664642334
628,best,-5.653128623962402
629,best,-4.981486797332764
630,best,-6.363688945770264
631,best,-5.735804557800293
632,best,-4.375316143035889
633,best,-5.116416931152344
634,best,-6.085594654083252
635,best,-6.17291784286499
636,best,-7.037898540496826
637,best,-6.664671421051025
638,best,-6.943257808685303
639,best,-6.306154727935791
640,best,-5.531676769256592
641,best,-5.842255592346191
642,best,-5.250507831573486
643,best,-5.239493370056152
644,best,-5.935041904449463
645,best,-4.296536922454834
646,best,-5.456004619598389
647,best,-5.870932579040527
648,best,-5.195257186889648
649,best,-6.138847351074219
650,best,-5.799620628356934
651,best,-5.268908500671387
652,best,-5.958533763885498
653,best,-6.69840145111084
654,best,-5.770492076873779
655,best,-6.212177753448486
656,best,-4.693495273590088
657,best,-4.905119895935059
658,best,-6.96994161605835
659,best,-5.601177215576172
660,best,-5.772505283355713
661,best,-5.201107025146484
662,best,-5.05238151550293
663,best,-5.051016807556152
664,best,-4.408360958099365
665,best,-4.65777587890625
666,best,-5.304959297180176
667,best,-5.118481636047363
668,best,-4.430892467498779
669,best,-4.629863739013672
670,best,-4.611279010772705
671,best,-5.296824932098389
672,best,-4.564447402954102
673,best,-4.698176383972168
674,best,-4.433199405670166
675,best,-4.301974773406982
676,best,-4.664297103881836
677,best,-5.899537563323975
678,best,-5.067317485809326
679,best,-5.95285701751709
680,best,-5.793600559234619
681,best,-6.270556926727295
682,best,-5.598625659942627
683,best,-4.8443169593811035
684,best,-4.784550189971924
685,best,-4.7503156661987305
686,best,-5.459930896759033
687,best,-4.263925075531006
688,best,-4.677311420440674
689,best,-6.175897121429443
690,best,-5.938721656799316
691,best,-5.573760509490967
692,best,-6.3772149085998535
693,best,-5.453910827636719
694,best,-5.172918319702148
695,best,-7.173983097076416
696,best,-4.664560794830322
697,best,-6.631378173828125
698,best,-7.573747158050537
699,best,-7.195120811462402
700,best,-4.554241180419922
701,best,-5.899726867675781
702,best,-5.810362815856934
703,best,-7.26806640625
704,best,-4.084279537200928
705,best,-5.414994716644287
706,best,-5.804266929626465
707,best,-6.792050361633301
708,best,-4.625706195831299
709,best,-7.383709907531738
710,best,-4.721144199371338
711,best,-5.246089458465576
712,best,-5.077892780303955
713,best,-6.282700538635254
714,best,-5.123627185821533
715,best,-5.149989604949951
716,best,-5.5958428382873535
717,best,-5.728792667388916
718,best,-4.793766021728516
719,best,-4.4705586433410645
720,best,-5.202555179595947
721,best,-5.844357490539551
722,best,-6.17933464050293
723,best,-5.10842227935791
724,best,-5.083340167999268
725,best,-5.399421215057373
726,best,-3.464045286178589
727,best,-4.514078617095947
728,best,-3.676743268966675
729,best,-5.1913933753967285
730,best,-3.514218807220459
731,best,-3.785355806350708
732,best,-4.6817097663879395
733,best,-4.763218402862549
734,best,-4.245203971862793
735,best,-5.520449161529541
736,best,-3.6726741790771484
737,best,-4.607647895812988
738,best,-6.202939510345459
739,best,-3.9541358947753906
740,best,-5.671427249908447
741,best,-5.072803497314453
742,best,-5.003152847290039
743,best,-3.6974079608917236
744,best,-6.262646675109863
745,best,-4.9386773109436035
746,best,-5.10776948928833
747,best,-4.830685138702393
748,best,-4.38284969329834
749,best,-4.656504154205322
750,best,-5.167126655578613
751,best,-4.3848161697387695
752,best,-5.09266996383667
753,best,-4.535658836364746
754,best,-6.518721103668213
755,best,-4.2774553298950195
756,best,-5.147129058837891
757,best,-5.681705474853516
758,best,-6.196968078613281
759,best,-5.236554145812988
760,best,-4.710971832275391
761,best,-5.877965927124023
762,best,-5.559453964233398
763,best,-5.275691032409668
764,best,-3.9096999168395996
765,best,-4.549426078796387
766,best,-3.893697738647461
767,best,-4.991173267364502
768,best,-4.2929840087890625
769,best,-4.521132469177246
770,best,-4.341508865356445
771,best,-4.666489124298096
772,best,-4.638100624084473
773,best,-4.212401390075684
774,best,-4.96999979019165
775,best,-5.233857154846191
776,best,-4.503383636474609
777,best,-4.586326599121094
778,best,-4.01823616027832
779,best,-5.941270351409912
780,best,-4.022979736328125
781,best,-5.171352386474609
782,best,-6.044878005981445
783,best,-4.588306427001953
784,best,-4.923944473266602
785,best,-5.41393518447876
786,best,-5.089475631713867
787,best,-5.529201984405518
788,best,-4.482588768005371
789,best,-5.36705207824707
790,best,-5.3768768310546875
791,best,-5.002058982849121
792,best,-5.380007266998291
793,best,-5.045948028564453
794,best,-4.834589958190918
795,best,-4.39501953125
796,best,-4.691352367401123
797,best,-5.119138717651367
798,best,-5.948214054107666
799,best,-5.540134429931641
800,best,-5.399211883544922
801,best,-5.22777795791626
802,best,-3.61215877532959
803,best,-6.270383358001709
804,best,-4.870626926422119
805,best,-5.5955705642700195
806,best,-5.5063605308532715
807,best,-4.9709320068359375
808,best,-3.931279420852661
809,best,-5.374499320983887
810,best,-5.176171779632568
811,best,-5.896044731140137
812,best,-5.901638031005859
813,best,-5.033960819244385
814,best,-5.480103969573975
815,best,-6.113739967346191
816,best,-4.881346225738525
817,best,-4.799619197845459
818,best,-5.357274532318115
819,best,-4.656672954559326
820,best,-3.8830299377441406
821,best,-5.6630706787109375
822,best,-4.419622421264648
823,best,-5.339659690856934
824,best,-5.938817501068115
825,best,-4.093080043792725
826,best,-4.827675819396973
827,best,-4.568231582641602
828,best,-5.306467533111572
829,best,-4.947325706481934
830,best,-4.849422454833984
831,best,-4.389418601989746
832,best,-4.939362525939941
833,best,-5.115955352783203
834,best,-4.468595504760742
835,best,-4.664248466491699
836,best,-4.840106964111328
837,best,-4.573102951049805
838,best,-4.003134727478027
839,best,-4.609428405761719
840,best,-4.590381145477295
841,best,-4.698185920715332
842,best,-5.420713424682617
843,best,-5.000423908233643
844,best,-4.45689058303833
845,best,-3.6685268878936768
846,best,-5.186926364898682
847,best,-4.876748085021973
848,best,-4.097757339477539
849,best,-6.249236106872559
850,best,-5.639922142028809
851,best,-4.865772247314453
852,best,-5.499752044677734
853,best,-5.963180065155029
854,best,-5.582204341888428
855,best,-5.614738464355469
856,best,-5.98984956741333
857,best,-4.7921462059021
858,best,-6.153968334197998
859,best,-4.7921462059021
860,best,-4.565622329711914
861,best,-5.498207092285156
862,best,-5.850050926208496
863,best,-5.931384563446045
864,best,-5.925139427185059
865,best,-5.5188117027282715
866,best,-6.374462604522705
867,best,-3.975923538208008
868,best,-4.600152492523193
869,best,-4.551341533660889
870,best,-5.63842248916626
871,best,-5.25880241394043
872,best,-4.033101558685303
873,best,-5.872475624084473
874,best,-4.619487285614014
875,best,-5.5188117027282715
876,best,-4.7075605392456055
877,best,-5.660867691040039
878,best,-4.848247051239014
879,best,-5.148043632507324
880,best,-5.598848342895508
881,best,-6.435699939727783
882,best,-6.498799800872803
883,best,-4.894873142242432
884,best,-4.947572708129883
885,best,-4.551341533660889
886,best,-5.407446384429932
887,best,-5.517299175262451
888,best,-6.249234676361084
889,best,-5.003344535827637
890,best,-4.483078479766846
891,best,-3.986853837966919
892,best,-5.454152584075928
893,best,-5.349350929260254
894,best,-4.850683212280273
895,best,-4.471705436706543
896,best,-5.619472503662109
897,best,-4.693828582763672
898,best,-5.437444686889648
899,best,-5.025857925415039
900,best,-4.586063861846924
901,best,-5.4014081954956055
902,best,-4.586063861846924
903,best,-4.08485221862793
904,best,-5.074429035186768
905,best,-5.4630045890808105
906,best,-5.451320648193359
907,best,-5.59804105758667
908,best,-5.214255332946777
909,best,-5.861356735229492
910,best,-5.419313907623291
911,best,-4.7996063232421875
912,best,-5.0445780754089355
913,best,-5.6346516609191895
914,best,-5.834418296813965
915,best,-5.0445780754089355
916,best,-6.1410651206970215
917,best,-5.843986988067627
918,best,-5.323265552520752
919,best,-5.361595630645752
920,best,-5.127201557159424
921,best,-5.682424068450928
922,best,-4.884039402008057
923,best,-5.138972759246826
924,best,-6.070488452911377
925,best,-4.972442150115967
926,best,-5.114854335784912
927,best,-5.599963665008545
928,best,-5.900054454803467
929,best,-5.390827655792236
930,best,-5.736171722412109
931,best,-5.376016616821289
932,best,-5.209354877471924
933,best,-5.919029712677002
934,best,-5.535300254821777
935,best,-6.904680252075195
936,best,-5.2924418449401855
937,best,-5.42817497253418
938,best,-5.329562187194824
939,best,-5.883605480194092
940,best,-6.119588851928711
941,best,-5.304160118103027
942,best,-6.601213455200195
943,best,-5.196914196014404
944,best,-5.083305358886719
945,best,-4.961988925933838
946,best,-5.227631568908691
947,best,-5.548938274383545
948,best,-4.78859806060791
949,best,-6.1051716804504395
950,best,-5.982592582702637
951,best,-6.056206226348877
952,best,-4.860415458679199
953,best,-4.839196681976318
954,best,-4.657217979431152
955,best,-4.714292526245117
956,best,-4.821845054626465
957,best,-5.091395378112793
958,best,-4.714292526245117
959,best,-5.054245948791504
960,best,-5.72941255569458
961,best,-4.783900260925293
962,best,-4.557417392730713
963,best,-4.4469990730285645
964,best,-5.244908332824707
965,best,-3.9539384841918945
966,best,-4.585733413696289
967,best,-5.319155216217041
968,best,-4.482696056365967
969,best,-4.695563793182373
970,best,-5.362915515899658
971,best,-5.608562469482422
972,best,-4.616049289703369
973,best,-5.15448522567749
974,best,-7.62235689163208
975,best,-6.965486526489258
976,best,-5.270046710968018
977,best,-5.548523426055908
978,best,-6.586998462677002
979,best,-6.333822250366211
980,best,-5.316447734832764
981,best,-6.797122478485107
982,best,-4.2268571853637695
983,best,-4.965122699737549
984,best,-5.788781642913818
985,best,-5.2115068435668945
986,best,-5.754676342010498
987,best,-6.015273094177246
988,best,-5.2742695808410645
989,best,-5.93903112411499
990,best,-6.051661014556885
991,best,-4.726122856140137
992,best,-5.529440402984619
993,best,-6.184035301208496
994,best,-6.141039848327637
995,best,-5.548896312713623
996,best,-5.545588970184326
997,best,-6.716343879699707
998,best,-6.204108238220215
999,best,-6.595843315124512
1000,best,-5.69456672668457
1001,best,-6.243777751922607
1002,best,-5.42678689956665
1003,best,-5.110827445983887
1004,best,-7.225823402404785
1005,best,-5.62021017074585
1006,best,-5.0605363845825195
1007,best,-6.27516508102417
1008,best,-6.671078681945801
1009,best,-5.948642730712891
1010,best,-4.455678939819336
1011,best,-5.4286675453186035
1012,best,-5.140853404998779
1013,best,-5.874172687530518
1014,best,-6.124578475952148
1015,best,-5.907410621643066
1016,best,-4.50305700302124
1017,best,-6.008248329162598
1018,best,-6.233909606933594
1019,best,-4.421835899353027
1020,best,-5.29005765914917
1021,best,-5.157641887664795
1022,best,-5.512611389160156
1023,best,-4.843648910522461
1024,best,-5.372085094451904
1025,best,-4.0429277420043945
1026,best,-4.271943092346191
1027,best,-5.002893447875977
1028,best,-4.704803943634033
1029,best,-4.7655463218688965
1030,best,-4.857280731201172
1031,best,-5.29475736618042
1032,best,-5.416050910949707
1033,best,-5.288079261779785
1034,best,-4.372041702270508
1035,best,-4.801776885986328
1036,best,-5.314757823944092
1037,best,-5.5166401863098145
1038,best,-4.392104625701904
1039,best,-4.4485087394714355
1040,best,-5.623028755187988
1041,best,-5.2911200523376465
1042,best,-4.201773643493652
1043,best,-5.692869186401367
1044,best,-5.043397426605225
1045,best,-4.900459289550781
1046,best,-5.7984938621521
1047,best,-4.9014811515808105
1048,best,-4.350958824157715
1049,best,-5.635191440582275
1050,best,-4.72235107421875
1051,best,-5.252862453460693
1052,best,-5.605547904968262
1053,best,-5.253718852996826
1054,best,-4.806055545806885
1055,best,-5.242204666137695
1056,best,-4.094550132751465
1057,best,-5.565770149230957
1058,best,-5.667859077453613
1059,best,-4.64520788192749
1060,best,-4.776705265045166
1061,best,-4.561622142791748
1062,best,-4.267434120178223
1063,best,-5.285043716430664
1064,best,-5.249234676361084
1065,best,-5.124940872192383
1066,best,-4.503667831420898
1067,best,-4.411139488220215
1068,best,-4.217143535614014
1069,best,-3.915053129196167
1070,best,-4.534213066101074
1071,best,-4.307724952697754
1072,best,-3.9818482398986816
1073,best,-5.132002353668213
1074,best,-4.883805274963379
1075,best,-3.852116346359253
1076,best,-3.4988298416137695
1077,best,-3.212806224822998
1078,best,-4.476810932159424
1079,best,-4.381678104400635
1080,best,-5.260218143463135
1081,best,-4.251121997833252
1082,best,-5.0793232917785645
1083,best,-3.827698230743408
1084,best,-3.827698230743408
1085,best,-4.146093845367432
1086,best,-3.948974370956421
1087,best,-4.051544666290283
1088,best,-4.320823669433594
1089,best,-3.875523328781128
1090,best,-4.639313220977783
1091,best,-5.047232151031494
1092,best,-3.9830257892608643
1093,best,-4.301193714141846
1094,best,-4.215112209320068
1095,best,-4.382535934448242
1096,best,-3.2941219806671143
1097,best,-5.260936737060547
1098,best,-3.6953847408294678
1099,best,-4.431356906890869
1100,best,-4.378971576690674
1101,best,-3.6215221881866455
1102,best,-4.914752960205078
1103,best,-4.456419467926025
1104,best,-5.1629228591918945
1105,best,-3.3581790924072266
1106,best,-5.992761135101318
1107,best,-4.644992351531982
1108,best,-3.6178576946258545
1109,best,-4.527589797973633
1110,best,-5.528651714324951
1111,best,-3.0666229724884033
1112,best,-5.30247163772583
1113,best,-4.411112308502197
1114,best,-3.89286208152771
1115,best,-3.565093755722046
1116,best,-4.644992351531982
1117,best,-3.6308701038360596
1118,best,-3.0968501567840576
1119,best,-3.0124969482421875
1120,best,-2.77890944480896
1121,best,-3.969341278076172
1122,best,-3.892500638961792
1123,best,-4.471980571746826
1124,best,-3.4751548767089844
1125,best,-4.3352251052856445
1126,best,-3.6318893432617188
1127,best,-3.6318893432617188
1128,best,-3.6296639442443848
1129,best,-3.654879570007324
1130,best,-3.386803388595581
1131,best,-3.7105422019958496
1132,best,-3.1872994899749756
1133,best,-3.9247958660125732
1134,best,-4.383260250091553
1135,best,-3.687256336212158
1136,best,-3.4830753803253174
1137,best,-3.8583381175994873
1138,best,-3.9876976013183594
1139,best,-4.7868523597717285
1140,best,-5.084928512573242
1141,best,-3.8555731773376465
1142,best,-3.4755966663360596
1143,best,-4.019619941711426
1144,best,-4.43042516708374
1145,best,-4.51064920425415
1146,best,-3.6675937175750732
1147,best,-4.340754985809326
1148,best,-6.1491804122924805
1149,best,-4.445741176605225
1150,best,-5.42242956161499
1151,best,-5.4270782470703125
1152,best,-4.059603214263916
1153,best,-5.01388692855835
1154,best,-3.324002742767334
1155,best,-5.427077770233154
1156,best,-5.2470703125
1157,best,-5.49982213973999
1158,best,-5.278263568878174
1159,best,-4.3666534423828125
1160,best,-4.624242305755615
1161,best,-4.8752760887146
1162,best,-3.95839786529541
1163,best,-3.711911916732788
1164,best,-4.398782730102539
1165,best,-5.8649139404296875
1166,best,-4.8752760887146
1167,best,-3.321917772293091
1168,best,-4.864683151245117
1169,best,-5.837882995605469
1170,best,-5.196640491485596
1171,best,-4.19221305847168
1172,best,-4.748598575592041
1173,best,-4.748598575592041
1174,best,-5.118922710418701
1175,best,-3.311145067214966
1176,best,-3.6024279594421387
1177,best,-3.717561721801758
1178,best,-4.0055437088012695
1179,best,-3.963480234146118
1180,best,-4.5758376121521
1181,best,-4.398782730102539
1182,best,-4.117800712585449
1183,best,-4.306136131286621
1184,best,-3.4368526935577393
1185,best,-3.1802806854248047
1186,best,-3.9613492488861084
1187,best,-3.7353193759918213
1188,best,-4.117615699768066
1189,best,-3.113353729248047
1190,best,-4.171757221221924
1191,best,-5.498103141784668
1192,best,-4.157807350158691
1193,best,-4.309544563293457
1194,best,-4.530483722686768
1195,best,-3.589506149291992
1196,best,-4.253782749176025
1197,best,-3.0840795040130615
1198,best,-4.530483722686768
1199,best,-4.507907390594482
1200,best,-4.665287971496582
1201,best,-4.55649471282959
1202,best,-5.619869232177734
1203,best,-5.178468227386475
1204,best,-5.561615943908691
1205,best,-5.3120245933532715
1206,best,-5.098810195922852
1207,best,-4.42903995513916
1208,best,-6.418879508972168
1209,best,-5.795380592346191
1210,best,-5.431663513183594
1211,best,-4.907379627227783
1212,best,-6.3701910972595215
1213,best,-5.437127113342285
1214,best,-5.099550247192383
1215,best,-4.459908485412598
1216,best,-5.5436296463012695
1217,best,-4.905447483062744
1218,best,-5.005108833312988
1219,best,-6.301383018493652
1220,best,-4.582653045654297
1221,best,-5.566211700439453
1222,best,-5.493961334228516
1223,best,-4.879412651062012
1224,best,-5.100411415100098
1225,best,-5.60414981842041
1226,best,-5.38118839263916
1227,best,-5.174330711364746
1228,best,-4.719795227050781
1229,best,-4.692383766174316
1230,best,-4.807914733886719
1231,best,-5.820802688598633
1232,best,-5.619080066680908
1233,best,-5.030016899108887
1234,best,-4.821639537811279
1235,best,-6.373052597045898
1236,best,-4.141164779663086
1237,best,-5.734502792358398
1238,best,-6.299688339233398
1239,best,-5.283019542694092
1240,best,-4.3890252113342285
1241,best,-5.520829200744629
1242,best,-5.140431880950928
1243,best,-5.396011829376221
1244,best,-5.060177803039551
1245,best,-4.440820693969727
1246,best,-4.1257500648498535
1247,best,-4.089587211608887
1248,best,-4.539288520812988
1249,best,-4.214729309082031
1250,best,-3.6891002655029297
1251,best,-5.481416702270508
1252,best,-5.049383640289307
1253,best,-4.585503578186035
1254,best,-4.313167572021484
1255,best,-5.3335041999816895
1256,best,-4.748451232910156
1257,best,-4.6060004234313965
1258,best,-3.569185972213745
1259,best,-4.640661239624023
1260,best,-3.948112964630127
1261,best,-4.404483318328857
1262,best,-5.331155300140381
1263,best,-3.416872501373291
1264,best,-4.250404357910156
1265,best,-5.346818447113037
1266,best,-4.763540744781494
1267,best,-5.191587924957275
1268,best,-4.503802299499512
1269,best,-5.506680011749268
1270,best,-5.099857807159424
1271,best,-6.3387627601623535
1272,best,-4.451446056365967
1273,best,-5.253876209259033
1274,best,-5.2751288414001465
1275,best,-4.7702317237854
1276,best,-5.30891752243042
1277,best,-3.819672107696533
1278,best,-4.375571250915527
1279,best,-5.479465007781982
1280,best,-4.065392017364502
1281,best,-5.380558490753174
1282,best,-6.258846282958984
1283,best,-5.218729496002197
1284,best,-4.284469127655029
1285,best,-6.603461742401123
1286,best,-4.568429470062256
1287,best,-6.891695022583008
1288,best,-4.874332904815674
1289,best,-5.60315465927124
1290,best,-5.153424263000488
1291,best,-5.393876552581787
1292,best,-5.078266620635986
1293,best,-5.95439338684082
1294,best,-5.901119232177734
1295,best,-5.191586971282959
1296,best,-7.066868305206299
1297,best,-5.4909844398498535
1298,best,-4.9865851402282715
1299,best,-5.082259654998779
1300,best,-4.065392017364502
1301,best,-4.00292444229126
1302,best,-5.913315296173096
1303,best,-5.460303783416748
1304,best,-5.229072570800781
1305,best,-5.723884105682373
1306,best,-5.379033088684082
1307,best,-4.829225063323975
1308,best,-4.111763954162598
1309,best,-3.8422482013702393
1310,best,-4.38853645324707
1311,best,-3.8014979362487793
1312,best,-4.413370132446289
1313,best,-3.97817325592041
1314,best,-5.0096893310546875
1315,best,-3.48939847946167
1316,best,-4.049257755279541
1317,best,-4.531617164611816
1318,best,-3.4843382835388184
1319,best,-4.102673053741455
1320,best,-3.049835681915283
1321,best,-3.6385717391967773
1322,best,-4.388390064239502
1323,best,-3.179192066192627
1324,best,-4.152309417724609
1325,best,-4.539238929748535
1326,best,-4.517061233520508
1327,best,-3.3355822563171387
1328,best,-4.116283416748047
1329,best,-4.66439151763916
1330,best,-4.66439151763916
1331,best,-5.126361846923828
1332,best,-5.41753625869751
1333,best,-4.284965991973877
1334,best,-5.25152587890625
1335,best,-4.6702799797058105
1336,best,-4.569878578186035
1337,best,-4.83565616607666
1338,best,-3.6618504524230957
1339,best,-4.248777866363525
1340,best,-4.841686725616455
1341,best,-5.3577961921691895
1342,best,-5.260239601135254
1343,best,-4.677133560180664
1344,best,-4.826729774475098
1345,best,-4.120609760284424
1346,best,-4.095956325531006
1347,best,-3.855746269226074
1348,best,-4.849862575531006
1349,best,-4.414801597595215
1350,best,-3.9244985580444336
1351,best,-3.6576461791992188
1352,best,-4.898420333862305
1353,best,-2.8436851501464844
1354,best,-4.818490982055664
1355,best,-2.9076316356658936
1356,best,-4.042328834533691
1357,best,-3.2149760723114014
1358,best,-3.8816845417022705
1359,best,-3.5026631355285645
1360,best,-3.4772183895111084
1361,best,-3.244201421737671
1362,best,-3.4468419551849365
1363,best,-4.359414100646973
1364,best,-4.099161148071289
1365,best,-4.0493597984313965
1366,best,-3.8077704906463623
1367,best,-4.428704261779785
