item_id,model_state,score
0,initial,-6.639357089996338
1,initial,-8.067800521850586
2,initial,-7.157969951629639
3,initial,-6.972780704498291
4,initial,-6.306931972503662
5,initial,-7.982682704925537
6,initial,-6.783865451812744
7,initial,-7.344908237457275
8,initial,-6.1529059410095215
9,initial,-6.54840087890625
10,initial,-7.692178249359131
11,initial,-6.06926965713501
12,initial,-6.339423656463623
13,initial,-6.617038249969482
14,initial,-6.951361179351807
15,initial,-6.071560382843018
16,initial,-7.762984752655029
17,initial,-6.06926965713501
18,initial,-7.842617511749268
19,initial,-7.157969951629639
20,initial,-7.703404903411865
21,initial,-7.564439296722412
22,initial,-7.883563995361328
23,initial,-6.599942684173584
24,initial,-6.63262939453125
25,initial,-7.564439296722412
26,initial,-7.837841033935547
27,initial,-6.82450532913208
28,initial,-6.63779878616333
29,initial,-7.837841033935547
30,initial,-6.564180850982666
31,initial,-8.157160758972168
32,initial,-6.193156719207764
33,initial,-8.179215431213379
34,initial,-7.788010120391846
35,initial,-6.780181884765625
36,initial,-6.560754299163818
37,initial,-7.818723201751709
38,initial,-6.5421905517578125
39,initial,-7.685436248779297
40,initial,-7.373323917388916
41,initial,-6.0653204917907715
42,initial,-7.605448246002197
43,initial,-6.601014137268066
44,initial,-6.643978595733643
45,initial,-7.450866222381592
46,initial,-6.421682357788086
47,initial,-7.3625593185424805
48,initial,-7.705561637878418
49,initial,-7.8781843185424805
50,initial,-7.404558181762695
51,initial,-7.420839309692383
52,initial,-6.673555374145508
53,initial,-7.429664611816406
54,initial,-7.275924205780029
55,initial,-6.604118824005127
56,initial,-7.501253604888916
57,initial,-6.731603145599365
58,initial,-7.232569694519043
59,initial,-7.0032958984375
60,initial,-6.889673709869385
61,initial,-8.291670799255371
62,initial,-9.040733337402344
63,initial,-8.479071617126465
64,initial,-8.450362205505371
65,initial,-7.137505531311035
66,initial,-7.686981201171875
67,initial,-6.971323013305664
68,initial,-7.404199600219727
69,initial,-6.920947074890137
70,initial,-7.521965980529785
71,initial,-6.618270397186279
72,initial,-7.565873146057129
73,initial,-7.913137435913086
74,initial,-7.710264205932617
75,initial,-8.80121898651123
76,initial,-8.702310562133789
77,initial,-7.037705421447754
78,initial,-7.825863361358643
79,initial,-7.274312496185303
80,initial,-6.383608341217041
81,initial,-7.581486701965332
82,initial,-7.083929061889648
83,initial,-6.943300247192383
84,initial,-6.765007972717285
85,initial,-6.515111446380615
86,initial,-6.442165374755859
87,initial,-7.377521514892578
88,initial,-8.332021713256836
89,initial,-6.391875267028809
90,initial,-6.647851467132568
91,initial,-6.749330043792725
92,initial,-6.580906867980957
93,initial,-5.4725751876831055
94,initial,-6.860611915588379
95,initial,-6.786812782287598
96,initial,-7.545006275177002
97,initial,-5.573852062225342
98,initial,-6.945918083190918
99,initial,-5.679566860198975
100,initial,-8.027519226074219
101,initial,-6.592175006866455
102,initial,-6.586413860321045
103,initial,-7.53110408782959
104,initial,-7.490765571594238
105,initial,-7.5312933921813965
106,initial,-5.983092308044434
107,initial,-7.353667259216309
108,initial,-7.490765571594238
109,initial,-6.250386714935303
110,initial,-8.21007251739502
111,initial,-7.605522632598877
112,initial,-6.5956878662109375
113,initial,-7.366789817810059
114,initial,-7.604020595550537
115,initial,-6.114859580993652
116,initial,-6.999229907989502
117,initial,-8.145410537719727
118,initial,-7.251718044281006
119,initial,-7.488149166107178
120,initial,-7.2331156730651855
121,initial,-6.819571018218994
122,initial,-5.42739725112915
123,initial,-5.623462200164795
124,initial,-6.260791778564453
125,initial,-5.42739725112915
126,initial,-7.421639919281006
127,initial,-5.884854316711426
128,initial,-6.90078592300415
129,initial,-6.015664577484131
130,initial,-5.836566925048828
131,initial,-5.570316314697266
132,initial,-6.9296746253967285
133,initial,-6.55222749710083
134,initial,-5.454782962799072
135,initial,-7.545396327972412
136,initial,-6.37492561340332
137,initial,-7.846299648284912
138,initial,-6.2937750816345215
139,initial,-7.4344401359558105
140,initial,-6.07288122177124
141,initial,-6.082293510437012
142,initial,-7.48125696182251
143,initial,-5.873841762542725
144,initial,-7.090229034423828
145,initial,-7.307431221008301
146,initial,-6.421243667602539
147,initial,-6.798323154449463
148,initial,-7.253562927246094
149,initial,-7.028868675231934
150,initial,-7.529662132263184
151,initial,-6.842601776123047
152,initial,-6.023756504058838
153,initial,-6.055597305297852
154,initial,-6.424798965454102
155,initial,-6.385653495788574
156,initial,-6.424798965454102
157,initial,-6.987106800079346
158,initial,-6.965027809143066
159,initial,-6.165203094482422
160,initial,-6.429992198944092
161,initial,-7.3568949699401855
162,initial,-7.425005912780762
163,initial,-7.74209451675415
164,initial,-7.04230260848999
165,initial,-7.217974662780762
166,initial,-6.283506393432617
167,initial,-6.745601177215576
168,initial,-7.952894687652588
169,initial,-6.842453479766846
170,initial,-8.025771141052246
171,initial,-7.171786785125732
172,initial,-7.792740345001221
173,initial,-7.324177265167236
174,initial,-7.216925144195557
175,initial,-7.013382911682129
176,initial,-7.123007297515869
177,initial,-7.653985977172852
178,initial,-6.227431774139404
179,initial,-7.4882965087890625
180,initial,-5.022284507751465
181,initial,-5.857010364532471
182,initial,-6.2851128578186035
183,initial,-5.540717124938965
184,initial,-6.505598545074463
185,initial,-6.5668110847473145
186,initial,-6.052022457122803
187,initial,-6.944357395172119
188,initial,-6.420260429382324
189,initial,-6.96442985534668
190,initial,-7.8017449378967285
191,initial,-6.961249351501465
192,initial,-6.460710048675537
193,initial,-7.237910270690918
194,initial,-6.6396660804748535
195,initial,-5.383028507232666
196,initial,-7.095170021057129
197,initial,-6.076822757720947
198,initial,-6.5242486000061035
199,initial,-5.409730911254883
200,initial,-4.975564956665039
201,initial,-6.994668006896973
202,initial,-5.98696231842041
203,initial,-5.017353534698486
204,initial,-5.2837677001953125
205,initial,-5.2837677001953125
206,initial,-5.771185398101807
207,initial,-6.17988920211792
208,initial,-7.697488307952881
209,initial,-7.3875885009765625
210,initial,-7.278184413909912
211,initial,-7.140718936920166
212,initial,-7.357900142669678
213,initial,-6.345644474029541
214,initial,-5.8662638664245605
215,initial,-6.400390148162842
216,initial,-6.0665974617004395
217,initial,-6.423050880432129
218,initial,-7.240145683288574
219,initial,-7.444733619689941
220,initial,-6.458343982696533
221,initial,-7.518649578094482
222,initial,-7.546660423278809
223,initial,-8.679885864257812
224,initial,-7.15932559967041
225,initial,-8.43173885345459
226,initial,-8.051873207092285
227,initial,-7.888514041900635
228,initial,-7.10948371887207
229,initial,-8.1383056640625
230,initial,-7.819145679473877
231,initial,-6.639364242553711
232,initial,-7.231295108795166
233,initial,-7.9943037033081055
234,initial,-6.637625217437744
235,initial,-7.835608959197998
236,initial,-8.76823902130127
237,initial,-8.675948143005371
238,initial,-6.819962501525879
239,initial,-6.960578918457031
240,initial,-6.756793022155762
241,initial,-8.423224449157715
242,initial,-8.04169750213623
243,initial,-7.008676052093506
244,initial,-7.631073474884033
245,initial,-8.047884941101074
246,initial,-8.032574653625488
247,initial,-7.615211486816406
248,initial,-7.18553352355957
249,initial,-7.860875606536865
250,initial,-8.13371467590332
251,initial,-7.294069290161133
252,initial,-6.637625217437744
253,initial,-7.518648624420166
254,initial,-7.518648624420166
255,initial,-8.1383056640625
256,initial,-7.85097599029541
257,initial,-6.763762950897217
258,initial,-8.385516166687012
259,initial,-7.53255558013916
260,initial,-8.20747184753418
261,initial,-7.779488563537598
262,initial,-7.461513042449951
263,initial,-6.528367042541504
264,initial,-6.959832191467285
265,initial,-6.993453025817871
266,initial,-8.20002269744873
267,initial,-6.5008769035339355
268,initial,-7.874912738800049
269,initial,-7.6490254402160645
270,initial,-7.398088455200195
271,initial,-6.696219444274902
272,initial,-7.974411964416504
273,initial,-7.458859443664551
274,initial,-6.309518814086914
275,initial,-7.068143844604492
276,initial,-7.143614768981934
277,initial,-6.076284408569336
278,initial,-7.077398777008057
279,initial,-8.011650085449219
280,initial,-8.070879936218262
281,initial,-6.411665916442871
282,initial,-6.285930633544922
283,initial,-6.537549018859863
284,initial,-7.951821804046631
285,initial,-7.3019938468933105
286,initial,-6.572932243347168
287,initial,-6.7949066162109375
288,initial,-7.7904486656188965
289,initial,-7.601009368896484
290,initial,-8.094993591308594
291,initial,-8.272090911865234
292,initial,-7.921825408935547
293,initial,-6.767094135284424
294,initial,-8.29932975769043
295,initial,-8.069900512695312
296,initial,-8.017151832580566
297,initial,-7.035647392272949
298,initial,-7.095030307769775
299,initial,-7.006377696990967
300,initial,-7.095030307769775
301,initial,-7.602570533752441
302,initial,-7.544704914093018
303,initial,-7.027077674865723
304,initial,-6.7055792808532715
305,initial,-7.157876014709473
306,initial,-7.319437503814697
307,initial,-6.958682060241699
308,initial,-7.6749114990234375
309,initial,-7.644633769989014
310,initial,-8.069900512695312
311,initial,-7.579188346862793
312,initial,-7.855865955352783
313,initial,-7.7904486656188965
314,initial,-7.674223899841309
315,initial,-6.958682060241699
316,initial,-7.160227298736572
317,initial,-7.751815319061279
318,initial,-6.740460395812988
319,initial,-8.140104293823242
320,initial,-6.8826584815979
321,initial,-7.790449619293213
322,initial,-6.736669540405273
323,initial,-7.49203634262085
324,initial,-6.954275608062744
325,initial,-8.462636947631836
326,initial,-6.55911922454834
327,initial,-7.327394962310791
328,initial,-7.049891471862793
329,initial,-6.364290714263916
330,initial,-6.538149833679199
331,initial,-7.3755059242248535
332,initial,-7.27230167388916
333,initial,-8.074959754943848
334,initial,-8.034172058105469
335,initial,-7.811788558959961
336,initial,-6.474352836608887
337,initial,-8.16561508178711
338,initial,-7.465998649597168
339,initial,-7.927393913269043
340,initial,-7.0267133712768555
341,initial,-6.972941875457764
342,initial,-6.856518745422363
343,initial,-6.972941875457764
344,initial,-7.2351250648498535
345,initial,-7.578832626342773
346,initial,-6.795978546142578
347,initial,-7.52978515625
348,initial,-7.12972354888916
349,initial,-6.937075138092041
350,initial,-6.431323051452637
351,initial,-7.514590740203857
352,initial,-6.447248458862305
353,initial,-7.31422758102417
354,initial,-6.71458625793457
355,initial,-6.871585369110107
356,initial,-6.719540119171143
357,initial,-7.61240816116333
358,initial,-7.153431415557861
359,initial,-7.078847885131836
360,initial,-6.984642028808594
361,initial,-6.379073143005371
362,initial,-7.028552532196045
363,initial,-7.097639083862305
364,initial,-7.535632610321045
365,initial,-6.756549835205078
366,initial,-7.320898056030273
367,initial,-7.0276665687561035
368,initial,-7.527507305145264
369,initial,-7.094882488250732
370,initial,-6.444496154785156
371,initial,-7.081882476806641
372,initial,-6.0203447341918945
373,initial,-7.006779670715332
374,initial,-7.285640239715576
375,initial,-6.482355117797852
376,initial,-7.341753005981445
377,initial,-6.456849575042725
378,initial,-6.700777053833008
379,initial,-5.9269537925720215
380,initial,-6.414336204528809
381,initial,-7.3204803466796875
382,initial,-6.519991397857666
383,initial,-6.031036853790283
384,initial,-6.270083427429199
385,initial,-6.8600335121154785
386,initial,-7.0276665687561035
387,initial,-6.852595806121826
388,initial,-7.065516948699951
389,initial,-6.758352756500244
390,initial,-7.3135833740234375
391,initial,-6.680529594421387
392,initial,-6.635826110839844
393,initial,-6.520498752593994
394,initial,-7.183894157409668
395,initial,-6.824553489685059
396,initial,-7.192446231842041
397,initial,-7.058463096618652
398,initial,-6.947452545166016
399,initial,-6.689642906188965
400,initial,-7.453402042388916
401,initial,-7.045236110687256
402,initial,-7.166787624359131
403,initial,-6.866686820983887
404,initial,-6.2803730964660645
405,initial,-6.938138484954834
406,initial,-7.1976423263549805
407,initial,-7.493011474609375
408,initial,-6.790909290313721
409,initial,-7.450402736663818
410,initial,-7.211804389953613
411,initial,-8.688779830932617
412,initial,-9.011775016784668
413,initial,-7.715123653411865
414,initial,-8.129429817199707
415,initial,-7.456955432891846
416,initial,-7.76961088180542
417,initial,-8.456079483032227
418,initial,-7.478931903839111
419,initial,-6.021072864532471
420,initial,-7.312935829162598
421,initial,-8.465548515319824
422,initial,-8.617108345031738
423,initial,-7.319867134094238
424,initial,-8.362494468688965
425,initial,-8.36595630645752
426,initial,-8.022653579711914
427,initial,-7.182516098022461
428,initial,-8.536154747009277
429,initial,-7.191445350646973
430,initial,-8.462956428527832
431,initial,-8.457586288452148
432,initial,-8.529531478881836
433,initial,-8.754058837890625
434,initial,-8.17387866973877
435,initial,-7.431138038635254
436,initial,-6.754631042480469
437,initial,-7.394680976867676
438,initial,-7.329746246337891
439,initial,-8.323759078979492
440,initial,-7.608626842498779
441,initial,-7.90311336517334
442,initial,-6.707450866699219
443,initial,-7.752291679382324
444,initial,-8.54200553894043
445,initial,-7.843597888946533
446,initial,-8.26195240020752
447,initial,-8.631537437438965
448,initial,-8.87296199798584
449,initial,-8.002537727355957
450,initial,-7.710075855255127
451,initial,-6.7926483154296875
452,initial,-7.532980918884277
453,initial,-6.805656433105469
454,initial,-7.8630571365356445
455,initial,-8.771341323852539
456,initial,-7.818411350250244
457,initial,-7.505070686340332
458,initial,-7.25859260559082
459,initial,-7.258758544921875
460,initial,-8.134109497070312
461,initial,-7.642783164978027
462,initial,-6.175369739532471
463,initial,-6.736083030700684
464,initial,-8.240104675292969
465,initial,-8.220645904541016
466,initial,-6.81602668762207
467,initial,-8.115843772888184
468,initial,-7.575847625732422
469,initial,-8.028029441833496
470,initial,-7.169160842895508
471,initial,-8.015996932983398
472,initial,-6.138518333435059
473,initial,-8.159976959228516
474,initial,-6.966100692749023
475,initial,-7.5462646484375
476,initial,-7.313486099243164
477,initial,-6.585012435913086
478,initial,-6.868063449859619
479,initial,-7.213064193725586
480,initial,-7.262894630432129
481,initial,-7.326144695281982
482,initial,-6.3579840660095215
483,initial,-6.715138912200928
484,initial,-6.77696418762207
485,initial,-5.731003761291504
486,initial,-7.013983726501465
487,initial,-7.376302719116211
488,initial,-6.76568078994751
489,initial,-6.263522624969482
490,initial,-6.857836723327637
491,initial,-6.856563091278076
492,initial,-9.493087768554688
493,initial,-9.543855667114258
494,initial,-8.701251029968262
495,initial,-7.641199111938477
496,initial,-8.809982299804688
497,initial,-8.408575057983398
498,initial,-7.360123157501221
499,initial,-8.33143424987793
500,initial,-8.157779693603516
501,initial,-7.608121395111084
502,initial,-9.272170066833496
503,initial,-7.943957805633545
504,initial,-7.813144683837891
505,initial,-8.500616073608398
506,initial,-9.532873153686523
507,initial,-8.712384223937988
508,initial,-7.613278388977051
509,initial,-7.96815824508667
510,initial,-8.400784492492676
511,initial,-9.52564811706543
512,initial,-8.655499458312988
513,initial,-8.721818923950195
514,initial,-10.382620811462402
515,initial,-8.951433181762695
516,initial,-8.412623405456543
517,initial,-8.015070915222168
518,initial,-8.637602806091309
519,initial,-7.696376800537109
520,initial,-7.677122592926025
521,initial,-7.754388809204102
522,initial,-6.797416687011719
523,initial,-9.687268257141113
524,initial,-8.877514839172363
525,initial,-7.517151832580566
526,initial,-7.077988147735596
527,initial,-8.30870532989502
528,initial,-9.470004081726074
529,initial,-8.07900333404541
530,initial,-9.352605819702148
531,initial,-7.884980201721191
532,initial,-8.482688903808594
533,initial,-10.47709846496582
534,initial,-9.030938148498535
535,initial,-8.031085014343262
536,initial,-8.267314910888672
537,initial,-7.538341045379639
538,initial,-6.821197032928467
539,initial,-7.981605529785156
540,initial,-7.720318794250488
541,initial,-7.085956573486328
542,initial,-8.427785873413086
543,initial,-7.2535400390625
544,initial,-7.298508167266846
545,initial,-8.927511215209961
546,initial,-7.510491371154785
547,initial,-6.855823516845703
548,initial,-7.784292697906494
549,initial,-8.666234016418457
550,initial,-7.847718715667725
551,initial,-6.6284990310668945
552,initial,-7.422610759735107
553,initial,-7.697601795196533
554,initial,-8.335794448852539
555,initial,-7.820576190948486
556,initial,-5.979828834533691
557,initial,-7.67338752746582
558,initial,-7.125045299530029
559,initial,-8.016877174377441
560,initial,-9.402353286743164
561,initial,-8.166583061218262
562,initial,-7.268259525299072
563,initial,-7.119027614593506
564,initial,-7.331298828125
565,initial,-7.882259845733643
566,initial,-8.201742172241211
567,initial,-8.306471824645996
568,initial,-7.165153503417969
569,initial,-7.1407151222229
570,initial,-7.405819416046143
571,initial,-7.592233657836914
572,initial,-7.453243255615234
573,initial,-7.946028232574463
574,initial,-9.16046142578125
575,initial,-7.680763244628906
576,initial,-9.239944458007812
577,initial,-8.198203086853027
578,initial,-8.198203086853027
579,initial,-6.2730584144592285
580,initial,-8.016877174377441
581,initial,-9.579073905944824
582,initial,-7.6248650550842285
583,initial,-9.213340759277344
584,initial,-8.394338607788086
585,initial,-8.021224021911621
586,initial,-8.797956466674805
587,initial,-7.410066604614258
588,initial,-9.439359664916992
589,initial,-7.589555263519287
590,initial,-9.221635818481445
591,initial,-8.302334785461426
592,initial,-7.577143669128418
593,initial,-7.680763244628906
594,initial,-7.500077724456787
595,initial,-8.406213760375977
596,initial,-9.39727783203125
597,initial,-6.965334415435791
598,initial,-7.565128326416016
599,initial,-5.977515697479248
600,initial,-7.516894340515137
601,initial,-7.230155944824219
602,initial,-8.001138687133789
603,initial,-8.968879699707031
604,initial,-8.2835693359375
605,initial,-7.46288537979126
606,initial,-7.021805286407471
607,initial,-7.646578311920166
608,initial,-7.517498970031738
609,initial,-8.032464027404785
610,initial,-7.463679790496826
611,initial,-7.50622034072876
612,initial,-7.121658802032471
613,initial,-6.9563679695129395
614,initial,-7.59661340713501
615,initial,-7.93396520614624
616,initial,-7.894141674041748
617,initial,-9.107178688049316
618,initial,-7.848532676696777
619,initial,-8.56067943572998
620,initial,-6.858948230743408
621,initial,-7.1062331199646
622,initial,-8.041807174682617
623,initial,-8.960029602050781
624,initial,-8.182548522949219
625,initial,-8.008199691772461
626,initial,-7.230964660644531
627,initial,-7.800118446350098
628,initial,-8.476278305053711
629,initial,-7.772644519805908
630,initial,-7.508754253387451
631,initial,-7.068724632263184
632,initial,-6.845763206481934
633,initial,-7.755120754241943
634,initial,-8.31477165222168
635,initial,-7.722255229949951
636,initial,-8.508630752563477
637,initial,-7.611601829528809
638,initial,-7.782111167907715
639,initial,-8.902308464050293
640,initial,-7.198875427246094
641,initial,-8.234228134155273
642,initial,-7.314781665802002
643,initial,-7.971755027770996
644,initial,-7.746144771575928
645,initial,-6.75331449508667
646,initial,-8.38152027130127
647,initial,-7.106965065002441
648,initial,-6.622278690338135
649,initial,-8.426146507263184
650,initial,-8.12777042388916
651,initial,-6.7342848777771
652,initial,-8.70771598815918
653,initial,-7.940733432769775
654,initial,-7.787199974060059
655,initial,-8.443927764892578
656,initial,-6.9096479415893555
657,initial,-6.780412197113037
658,initial,-8.94669246673584
659,initial,-8.107587814331055
660,initial,-7.286315441131592
661,initial,-7.553300380706787
662,initial,-8.620585441589355
663,initial,-6.6905717849731445
664,initial,-7.176852703094482
665,initial,-7.915559768676758
666,initial,-8.770991325378418
667,initial,-8.395063400268555
668,initial,-7.697731971740723
669,initial,-7.472148418426514
670,initial,-7.595024108886719
671,initial,-8.420284271240234
672,initial,-7.843890190124512
673,initial,-7.265948295593262
674,initial,-6.76039457321167
675,initial,-6.95013952255249
676,initial,-7.547277450561523
677,initial,-8.292061805725098
678,initial,-7.81953763961792
679,initial,-8.62993335723877
680,initial,-7.0418524742126465
681,initial,-8.974102973937988
682,initial,-9.179169654846191
683,initial,-7.515596866607666
684,initial,-7.803728103637695
685,initial,-8.632696151733398
686,initial,-8.801880836486816
687,initial,-6.804500579833984
688,initial,-7.981586456298828
689,initial,-9.624176025390625
690,initial,-9.97646713256836
691,initial,-8.470839500427246
692,initial,-9.813285827636719
693,initial,-7.440937042236328
694,initial,-8.38825511932373
695,initial,-9.765645027160645
696,initial,-7.386959075927734
697,initial,-10.693127632141113
698,initial,-9.879386901855469
699,initial,-10.340893745422363
700,initial,-8.062026023864746
701,initial,-8.716591835021973
702,initial,-9.564250946044922
703,initial,-10.732190132141113
704,initial,-6.82725191116333
705,initial,-8.442482948303223
706,initial,-9.215465545654297
707,initial,-10.158530235290527
708,initial,-7.613443851470947
709,initial,-9.568891525268555
710,initial,-7.8815131187438965
711,initial,-8.877379417419434
712,initial,-8.187183380126953
713,initial,-9.686880111694336
714,initial,-8.017352104187012
715,initial,-9.152620315551758
716,initial,-8.819798469543457
717,initial,-8.21617603302002
718,initial,-8.676323890686035
719,initial,-7.867244720458984
720,initial,-8.156452178955078
721,initial,-9.86270809173584
722,initial,-8.496691703796387
723,initial,-8.058396339416504
724,initial,-9.017287254333496
725,initial,-8.875093460083008
726,initial,-7.322253704071045
727,initial,-7.999532222747803
728,initial,-8.073287010192871
729,initial,-8.782659530639648
730,initial,-6.184938430786133
731,initial,-7.367697715759277
732,initial,-8.622857093811035
733,initial,-9.59405517578125
734,initial,-7.9802374839782715
735,initial,-9.564629554748535
736,initial,-7.278663635253906
737,initial,-9.017308235168457
738,initial,-9.738998413085938
739,initial,-8.150586128234863
740,initial,-10.205039024353027
741,initial,-9.165209770202637
742,initial,-9.684741020202637
743,initial,-7.455437660217285
744,initial,-8.692161560058594
745,initial,-6.6598734855651855
746,initial,-7.513394832611084
747,initial,-6.725755214691162
748,initial,-6.744024753570557
749,initial,-7.465230464935303
750,initial,-7.139966011047363
751,initial,-5.964288234710693
752,initial,-7.223106384277344
753,initial,-6.71592903137207
754,initial,-9.09913158416748
755,initial,-5.871347904205322
756,initial,-6.674292087554932
757,initial,-8.664623260498047
758,initial,-8.149333000183105
759,initial,-7.670164108276367
760,initial,-7.6036577224731445
761,initial,-8.571571350097656
762,initial,-8.452261924743652
763,initial,-6.712671756744385
764,initial,-7.167448997497559
765,initial,-7.4651336669921875
766,initial,-6.972411632537842
767,initial,-7.588006019592285
768,initial,-7.378180503845215
769,initial,-7.461933135986328
770,initial,-7.609559535980225
771,initial,-6.8245134353637695
772,initial,-7.719542980194092
773,initial,-6.946192741394043
774,initial,-7.821659564971924
775,initial,-9.046879768371582
776,initial,-7.516144752502441
777,initial,-7.249576091766357
778,initial,-6.684113502502441
779,initial,-9.871977806091309
780,initial,-7.297134876251221
781,initial,-8.724886894226074
782,initial,-7.21045446395874
783,initial,-7.8906097412109375
784,initial,-5.874957084655762
785,initial,-6.967583179473877
786,initial,-6.470712184906006
787,initial,-7.689328193664551
788,initial,-6.020953178405762
789,initial,-6.72805643081665
790,initial,-6.5083327293396
791,initial,-6.163030624389648
792,initial,-7.649090766906738
793,initial,-7.137226581573486
794,initial,-5.639249324798584
795,initial,-6.022663116455078
796,initial,-6.342984199523926
797,initial,-6.0769548416137695
798,initial,-8.105245590209961
799,initial,-6.9914116859436035
800,initial,-7.085093021392822
801,initial,-6.626646518707275
802,initial,-5.68719482421875
803,initial,-8.531174659729004
804,initial,-7.160935878753662
805,initial,-7.867535591125488
806,initial,-6.882273197174072
807,initial,-5.908490180969238
808,initial,-5.927170753479004
809,initial,-6.757774353027344
810,initial,-6.540397644042969
811,initial,-8.478109359741211
812,initial,-6.774247646331787
813,initial,-7.336068630218506
814,initial,-7.8681840896606445
815,initial,-8.187009811401367
816,initial,-7.197366237640381
817,initial,-5.710018634796143
818,initial,-6.605361461639404
819,initial,-6.8563127517700195
820,initial,-5.814045429229736
821,initial,-6.812015533447266
822,initial,-7.221256732940674
823,initial,-7.482156276702881
824,initial,-7.527285575866699
825,initial,-5.723213195800781
826,initial,-6.174487113952637
827,initial,-6.110840797424316
828,initial,-6.807851314544678
829,initial,-6.581501007080078
830,initial,-7.359838008880615
831,initial,-5.814231872558594
832,initial,-6.7761077880859375
833,initial,-6.308434963226318
834,initial,-6.357177734375
835,initial,-7.136414527893066
836,initial,-6.842538833618164
837,initial,-5.908777713775635
838,initial,-5.948975086212158
839,initial,-6.206604480743408
840,initial,-6.055992126464844
841,initial,-7.292872905731201
842,initial,-7.072861671447754
843,initial,-6.9769182205200195
844,initial,-6.58507776260376
845,initial,-5.440192222595215
846,initial,-7.797920227050781
847,initial,-6.950465679168701
848,initial,-5.460381507873535
849,initial,-8.26625919342041
850,initial,-7.92203426361084
851,initial,-6.1725592613220215
852,initial,-7.312241077423096
853,initial,-6.467505931854248
854,initial,-7.603930950164795
855,initial,-6.577021598815918
856,initial,-7.656114101409912
857,initial,-5.616932392120361
858,initial,-8.42467975616455
859,initial,-5.616932392120361
860,initial,-5.606961727142334
861,initial,-6.259072780609131
862,initial,-6.428023338317871
863,initial,-6.728915691375732
864,initial,-6.579335689544678
865,initial,-6.503325939178467
866,initial,-8.469710350036621
867,initial,-5.122809886932373
868,initial,-6.31893253326416
869,initial,-6.3336896896362305
870,initial,-6.703332901000977
871,initial,-7.348067283630371
872,initial,-5.806581020355225
873,initial,-8.383249282836914
874,initial,-6.368085861206055
875,initial,-6.503325939178467
876,initial,-6.316089153289795
877,initial,-6.318310260772705
878,initial,-6.367132186889648
879,initial,-6.865540027618408
880,initial,-6.804274559020996
881,initial,-8.128053665161133
882,initial,-8.251063346862793
883,initial,-5.3768229484558105
884,initial,-5.7358717918396
885,initial,-6.3336896896362305
886,initial,-7.124634265899658
887,initial,-6.303447723388672
888,initial,-8.266258239746094
889,initial,-7.119974136352539
890,initial,-6.761877059936523
891,initial,-5.424355506896973
892,initial,-7.563028335571289
893,initial,-7.635189056396484
894,initial,-6.169000148773193
895,initial,-6.878880023956299
896,initial,-6.726739406585693
897,initial,-7.2386627197265625
898,initial,-6.6159987449646
899,initial,-7.23164176940918
900,initial,-5.988710880279541
901,initial,-7.894120693206787
902,initial,-5.988710880279541
903,initial,-5.812495708465576
904,initial,-6.491747856140137
905,initial,-6.358311653137207
906,initial,-6.969698905944824
907,initial,-6.820087432861328
908,initial,-6.679656028747559
909,initial,-7.984940052032471
910,initial,-6.825200080871582
911,initial,-5.977592468261719
912,initial,-6.159053802490234
913,initial,-6.6778717041015625
914,initial,-7.261270523071289
915,initial,-6.159053802490234
916,initial,-7.43792200088501
917,initial,-6.3978495597839355
918,initial,-6.2774200439453125
919,initial,-6.432122707366943
920,initial,-6.8298163414001465
921,initial,-7.0350542068481445
922,initial,-5.922557830810547
923,initial,-6.053768157958984
924,initial,-6.656100273132324
925,initial,-6.6533331871032715
926,initial,-6.685816764831543
927,initial,-6.778533935546875
928,initial,-6.488163471221924
929,initial,-5.952620983123779
930,initial,-6.476810932159424
931,initial,-6.705991744995117
932,initial,-6.043812274932861
933,initial,-6.245939254760742
934,initial,-6.829129219055176
935,initial,-8.18840503692627
936,initial,-6.438107013702393
937,initial,-6.104308605194092
938,initial,-6.909503936767578
939,initial,-7.17692232131958
940,initial,-6.710597515106201
941,initial,-6.716423034667969
942,initial,-8.190353393554688
943,initial,-6.2304911613464355
944,initial,-6.990009307861328
945,initial,-5.77641487121582
946,initial,-6.5606184005737305
947,initial,-6.193777084350586
948,initial,-5.998015403747559
949,initial,-6.668882369995117
950,initial,-7.586432456970215
951,initial,-6.51019287109375
952,initial,-6.259671688079834
953,initial,-6.80294942855835
954,initial,-5.981174945831299
955,initial,-6.145913124084473
956,initial,-6.50921630859375
957,initial,-7.1538238525390625
958,initial,-6.145913124084473
959,initial,-7.087122917175293
960,initial,-6.459632873535156
961,initial,-6.111754894256592
962,initial,-6.360380172729492
963,initial,-6.42656135559082
964,initial,-6.738607883453369
965,initial,-5.736858367919922
966,initial,-6.045444011688232
967,initial,-6.695418834686279
968,initial,-6.294707775115967
969,initial,-6.424642562866211
970,initial,-6.839437484741211
971,initial,-6.300264358520508
972,initial,-5.9819793701171875
973,initial,-6.261317729949951
974,initial,-8.941553115844727
975,initial,-7.754770278930664
976,initial,-7.369956970214844
977,initial,-6.8768744468688965
978,initial,-8.480103492736816
979,initial,-7.658864974975586
980,initial,-6.741874694824219
981,initial,-8.87207317352295
982,initial,-5.638318061828613
983,initial,-6.322957515716553
984,initial,-6.862748146057129
985,initial,-6.575567722320557
986,initial,-6.984365463256836
987,initial,-8.592114448547363
988,initial,-6.593011379241943
989,initial,-6.956902503967285
990,initial,-7.734427452087402
991,initial,-6.237078666687012
992,initial,-7.247306823730469
993,initial,-7.541500568389893
994,initial,-7.147330284118652
995,initial,-7.176093101501465
996,initial,-8.679651260375977
997,initial,-7.53789758682251
998,initial,-7.749226093292236
999,initial,-7.335788249969482
1000,initial,-6.6967339515686035
1001,initial,-9.243188858032227
1002,initial,-6.815345764160156
1003,initial,-6.778134822845459
1004,initial,-9.075383186340332
1005,initial,-7.432780742645264
1006,initial,-6.357606887817383
1007,initial,-8.694348335266113
1008,initial,-7.4608612060546875
1009,initial,-7.779922008514404
1010,initial,-6.218400001525879
1011,initial,-6.730467796325684
1012,initial,-6.740277290344238
1013,initial,-7.1644110679626465
1014,initial,-7.6961212158203125
1015,initial,-8.953496932983398
1016,initial,-6.197796821594238
1017,initial,-8.797662734985352
1018,initial,-7.485816955566406
1019,initial,-6.734828948974609
1020,initial,-7.015520095825195
1021,initial,-7.778258323669434
1022,initial,-7.233250617980957
1023,initial,-6.3257527351379395
1024,initial,-8.067296028137207
1025,initial,-5.573147296905518
1026,initial,-6.118475914001465
1027,initial,-6.799659729003906
1028,initial,-6.194681167602539
1029,initial,-6.796514511108398
1030,initial,-7.352957248687744
1031,initial,-6.6885986328125
1032,initial,-6.555628299713135
1033,initial,-7.221310615539551
1034,initial,-6.4048171043396
1035,initial,-6.752126216888428
1036,initial,-7.3363237380981445
1037,initial,-6.821534633636475
1038,initial,-5.287156105041504
1039,initial,-5.5637969970703125
1040,initial,-7.399217128753662
1041,initial,-6.5138163566589355
1042,initial,-5.5775837898254395
1043,initial,-6.814198970794678
1044,initial,-5.987658500671387
1045,initial,-5.820498466491699
1046,initial,-7.080061435699463
1047,initial,-6.311298847198486
1048,initial,-5.734084606170654
1049,initial,-6.989393711090088
1050,initial,-5.642819404602051
1051,initial,-6.144237995147705
1052,initial,-7.600643157958984
1053,initial,-6.517463684082031
1054,initial,-6.305360317230225
1055,initial,-6.3598785400390625
1056,initial,-5.700347900390625
1057,initial,-7.584068298339844
1058,initial,-7.1137237548828125
1059,initial,-6.779812812805176
1060,initial,-6.925607204437256
1061,initial,-6.167072772979736
1062,initial,-6.346983432769775
1063,initial,-7.260496139526367
1064,initial,-7.229944705963135
1065,initial,-7.495310306549072
1066,initial,-6.303299903869629
1067,initial,-6.038627624511719
1068,initial,-5.735563278198242
1069,initial,-5.2967448234558105
1070,initial,-5.8779988288879395
1071,initial,-6.761769771575928
1072,initial,-5.790475368499756
1073,initial,-7.145369529724121
1074,initial,-6.692296981811523
1075,initial,-5.4672722816467285
1076,initial,-7.217770099639893
1077,initial,-6.352413177490234
1078,initial,-7.1757354736328125
1079,initial,-8.18879222869873
1080,initial,-8.400629997253418
1081,initial,-8.176478385925293
1082,initial,-7.526716709136963
1083,initial,-7.153279781341553
1084,initial,-7.153279781341553
1085,initial,-8.057459831237793
1086,initial,-6.866547107696533
1087,initial,-8.094941139221191
1088,initial,-8.10849380493164
1089,initial,-7.349555969238281
1090,initial,-8.036588668823242
1091,initial,-8.790055274963379
1092,initial,-7.045534610748291
1093,initial,-7.8971266746521
1094,initial,-8.078627586364746
1095,initial,-6.992377281188965
1096,initial,-5.98565673828125
1097,initial,-8.944000244140625
1098,initial,-6.706318378448486
1099,initial,-7.648334980010986
1100,initial,-7.572141170501709
1101,initial,-6.964674472808838
1102,initial,-8.89073657989502
1103,initial,-7.778110504150391
1104,initial,-8.583983421325684
1105,initial,-6.8903489112854
1106,initial,-7.638073921203613
1107,initial,-8.145533561706543
1108,initial,-7.400542736053467
1109,initial,-8.582448959350586
1110,initial,-8.708728790283203
1111,initial,-6.660933017730713
1112,initial,-8.5453462600708
1113,initial,-8.264906883239746
1114,initial,-7.397353172302246
1115,initial,-6.926606178283691
1116,initial,-8.145533561706543
1117,initial,-6.87270975112915
1118,initial,-6.644944190979004
1119,initial,-6.206958293914795
1120,initial,-5.279767036437988
1121,initial,-6.38034200668335
1122,initial,-7.151057720184326
1123,initial,-7.0913987159729
1124,initial,-6.967260837554932
1125,initial,-6.876949787139893
1126,initial,-6.496137619018555
1127,initial,-6.496137619018555
1128,initial,-6.766825199127197
1129,initial,-6.108006954193115
1130,initial,-6.879464149475098
1131,initial,-6.822222709655762
1132,initial,-6.455020427703857
1133,initial,-6.869900226593018
1134,initial,-7.438862323760986
1135,initial,-6.1267805099487305
1136,initial,-6.88149356842041
1137,initial,-7.268528938293457
1138,initial,-6.048530578613281
1139,initial,-8.058012008666992
1140,initial,-7.9070048332214355
1141,initial,-6.553596019744873
1142,initial,-5.780287265777588
1143,initial,-7.218620300292969
1144,initial,-8.03901195526123
1145,initial,-7.153223514556885
1146,initial,-6.495164394378662
1147,initial,-7.371541976928711
1148,initial,-7.178077697753906
1149,initial,-7.5532050132751465
1150,initial,-7.851642608642578
1151,initial,-8.387310981750488
1152,initial,-7.616806507110596
1153,initial,-7.7831549644470215
1154,initial,-6.581264972686768
1155,initial,-8.387310981750488
1156,initial,-8.33832836151123
1157,initial,-8.509783744812012
1158,initial,-7.155780792236328
1159,initial,-6.774569034576416
1160,initial,-7.919394016265869
1161,initial,-8.10493278503418
1162,initial,-6.7673187255859375
1163,initial,-6.452149868011475
1164,initial,-7.551598072052002
1165,initial,-9.089612007141113
1166,initial,-8.10493278503418
1167,initial,-6.290957927703857
1168,initial,-7.68808126449585
1169,initial,-8.675195693969727
1170,initial,-7.421967029571533
1171,initial,-7.007967948913574
1172,initial,-8.189282417297363
1173,initial,-8.189282417297363
1174,initial,-7.9481658935546875
1175,initial,-6.27761697769165
1176,initial,-5.833929538726807
1177,initial,-6.8729424476623535
1178,initial,-6.78502893447876
1179,initial,-6.925361633300781
1180,initial,-7.649894714355469
1181,initial,-7.551598072052002
1182,initial,-7.295162677764893
1183,initial,-7.139466762542725
1184,initial,-6.083115100860596
1185,initial,-5.448544025421143
1186,initial,-6.34014892578125
1187,initial,-7.247857570648193
1188,initial,-6.515951156616211
1189,initial,-5.966097354888916
1190,initial,-6.832614421844482
1191,initial,-6.83965539932251
1192,initial,-6.874863147735596
1193,initial,-7.154058933258057
1194,initial,-7.4536566734313965
1195,initial,-7.044811725616455
1196,initial,-7.1506218910217285
1197,initial,-5.938605785369873
1198,initial,-7.4536566734313965
1199,initial,-7.746669292449951
1200,initial,-7.6409125328063965
1201,initial,-6.723358154296875
1202,initial,-7.34141731262207
1203,initial,-7.341135025024414
1204,initial,-7.301828861236572
1205,initial,-6.950552463531494
1206,initial,-7.200408935546875
1207,initial,-5.93881893157959
1208,initial,-6.947979927062988
1209,initial,-7.9697160720825195
1210,initial,-6.869967937469482
1211,initial,-6.371859073638916
1212,initial,-8.198302268981934
1213,initial,-7.093677520751953
1214,initial,-7.020551681518555
1215,initial,-5.953125953674316
1216,initial,-7.441961288452148
1217,initial,-6.608609199523926
1218,initial,-7.140974998474121
1219,initial,-7.887021541595459
1220,initial,-6.488986968994141
1221,initial,-7.522217273712158
1222,initial,-7.2283830642700195
1223,initial,-6.426334857940674
1224,initial,-6.915256500244141
1225,initial,-7.491745948791504
1226,initial,-7.123349666595459
1227,initial,-6.871540069580078
1228,initial,-6.250550270080566
1229,initial,-6.290250301361084
1230,initial,-6.971165657043457
1231,initial,-7.437803268432617
1232,initial,-7.30057954788208
1233,initial,-6.589137554168701
1234,initial,-6.522687911987305
1235,initial,-8.375828742980957
1236,initial,-6.5937018394470215
1237,initial,-8.0600004196167
1238,initial,-7.304055213928223
1239,initial,-7.12415075302124
1240,initial,-6.381757736206055
1241,initial,-7.628994941711426
1242,initial,-6.855014324188232
1243,initial,-6.729165077209473
1244,initial,-6.706894874572754
1245,initial,-6.323556900024414
1246,initial,-7.008349895477295
1247,initial,-6.482695579528809
1248,initial,-6.405384063720703
1249,initial,-6.763159275054932
1250,initial,-5.544345855712891
1251,initial,-6.6787428855896
1252,initial,-7.115222454071045
1253,initial,-6.53022575378418
1254,initial,-6.391641616821289
1255,initial,-7.712361812591553
1256,initial,-6.638876438140869
1257,initial,-6.61161470413208
1258,initial,-5.740990161895752
1259,initial,-7.276680946350098
1260,initial,-6.071533679962158
1261,initial,-6.761868000030518
1262,initial,-7.492244243621826
1263,initial,-6.176479816436768
1264,initial,-6.970037460327148
1265,initial,-8.334779739379883
1266,initial,-7.857234477996826
1267,initial,-8.081075668334961
1268,initial,-8.118844032287598
1269,initial,-8.056209564208984
1270,initial,-7.6634392738342285
1271,initial,-9.417913436889648
1272,initial,-8.041863441467285
1273,initial,-7.999693870544434
1274,initial,-7.932997703552246
1275,initial,-7.749715328216553
1276,initial,-8.320755958557129
1277,initial,-6.7635579109191895
1278,initial,-6.892110347747803
1279,initial,-8.837154388427734
1280,initial,-7.262720584869385
1281,initial,-9.070029258728027
1282,initial,-9.151751518249512
1283,initial,-7.245871543884277
1284,initial,-7.388622760772705
1285,initial,-9.257841110229492
1286,initial,-7.511923313140869
1287,initial,-9.197806358337402
1288,initial,-7.976455211639404
1289,initial,-9.388917922973633
1290,initial,-8.696084022521973
1291,initial,-8.766329765319824
1292,initial,-7.951125144958496
1293,initial,-9.221240043640137
1294,initial,-9.035529136657715
1295,initial,-8.081074714660645
1296,initial,-8.964975357055664
1297,initial,-9.41251277923584
1298,initial,-7.596898078918457
1299,initial,-7.214163303375244
1300,initial,-7.262720584869385
1301,initial,-6.89983606338501
1302,initial,-9.099953651428223
1303,initial,-8.409347534179688
1304,initial,-8.331925392150879
1305,initial,-8.972270011901855
1306,initial,-8.199427604675293
1307,initial,-7.551002502441406
1308,initial,-7.652690887451172
1309,initial,-6.499070644378662
1310,initial,-7.121553421020508
1311,initial,-6.935734748840332
1312,initial,-7.654698848724365
1313,initial,-7.260066509246826
1314,initial,-8.815855979919434
1315,initial,-7.020160675048828
1316,initial,-7.421372413635254
1317,initial,-6.934296131134033
1318,initial,-6.2631940841674805
1319,initial,-7.816405773162842
1320,initial,-6.390283584594727
1321,initial,-6.010660171508789
1322,initial,-7.476225852966309
1323,initial,-6.373197078704834
1324,initial,-8.20373249053955
1325,initial,-7.929784297943115
1326,initial,-6.749954700469971
1327,initial,-6.160633087158203
1328,initial,-6.23696231842041
1329,initial,-6.342870235443115
1330,initial,-6.342870235443115
1331,initial,-7.679891586303711
1332,initial,-7.694854736328125
1333,initial,-6.111272811889648
1334,initial,-7.0964674949646
1335,initial,-6.376933574676514
1336,initial,-6.907688617706299
1337,initial,-6.6326422691345215
1338,initial,-5.625487327575684
1339,initial,-6.601391792297363
1340,initial,-6.378443717956543
1341,initial,-7.7550811767578125
1342,initial,-7.306240558624268
1343,initial,-6.492419242858887
1344,initial,-6.635552883148193
1345,initial,-5.574556350708008
1346,initial,-5.497670650482178
1347,initial,-5.498095989227295
1348,initial,-7.0938849449157715
1349,initial,-7.360174179077148
1350,initial,-6.352140426635742
1351,initial,-5.880586624145508
1352,initial,-7.118325710296631
1353,initial,-5.759750843048096
1354,initial,-6.422411918640137
1355,initial,-5.976853370666504
1356,initial,-7.012312889099121
1357,initial,-6.370149612426758
1358,initial,-6.18803071975708
1359,initial,-6.3229498863220215
1360,initial,-6.941339015960693
1361,initial,-5.830785751342773
1362,initial,-6.019257545471191
1363,initial,-7.302755355834961
1364,initial,-6.907512664794922
1365,initial,-7.55955696105957
1366,initial,-5.912112712860107
1367,initial,-6.598477840423584
0,final,-4.540394306182861
1,final,-5.917746067047119
2,final,-4.407915115356445
3,final,-5.480507850646973
4,final,-4.417376518249512
5,final,-5.329254150390625
6,final,-4.634954929351807
7,final,-4.641615390777588
8,final,-2.6955230236053467
9,final,-4.158115863800049
10,final,-4.8478546142578125
11,final,-5.0736308097839355
12,final,-3.3807103633880615
13,final,-2.5627706050872803
14,final,-4.954818248748779
15,final,-5.384530544281006
16,final,-6.474989414215088
17,final,-5.0736308097839355
18,final,-6.133649826049805
19,final,-4.407915115356445
20,final,-5.191531181335449
21,final,-5.109299182891846
22,final,-5.348830699920654
23,final,-6.08583402633667
24,final,-4.695873260498047
25,final,-5.109299182891846
26,final,-5.447493076324463
27,final,-4.926132678985596
28,final,-4.149332523345947
29,final,-5.447493076324463
30,final,-5.374368190765381
31,final,-5.640035152435303
32,final,-4.585727691650391
33,final,-5.834268569946289
34,final,-5.268257141113281
35,final,-5.589638710021973
36,final,-3.888529062271118
37,final,-5.383616924285889
38,final,-3.2801058292388916
39,final,-4.799354553222656
40,final,-5.9574055671691895
41,final,-4.324231147766113
42,final,-5.674801349639893
43,final,-5.234647750854492
44,final,-6.052463054656982
45,final,-5.683440208435059
46,final,-5.761657238006592
47,final,-4.9381632804870605
48,final,-5.221699237823486
49,final,-5.643002986907959
50,final,-5.525722503662109
51,final,-6.289894104003906
52,final,-4.100773334503174
53,final,-5.605161666870117
54,final,-6.1019768714904785
55,final,-5.489141464233398
56,final,-5.299294948577881
57,final,-5.1665849685668945
58,final,-5.1250739097595215
59,final,-4.818636894226074
60,final,-4.019147872924805
61,final,-5.700297832489014
62,final,-5.990358829498291
63,final,-6.643078327178955
64,final,-5.679250717163086
65,final,-6.43771505355835
66,final,-3.2731754779815674
67,final,-6.0318827629089355
68,final,-5.820513725280762
69,final,-3.9092581272125244
70,final,-5.969846248626709
71,final,-4.9572553634643555
72,final,-4.936938285827637
73,final,-4.8173651695251465
74,final,-6.0585479736328125
75,final,-5.933751583099365
76,final,-5.280091762542725
77,final,-4.176104545593262
78,final,-4.914055824279785
79,final,-5.083226680755615
80,final,-5.321073532104492
81,final,-5.478668212890625
82,final,-4.971010208129883
83,final,-4.900031566619873
84,final,-5.104553699493408
85,final,-4.877054214477539
86,final,-5.404848575592041
87,final,-5.308987617492676
88,final,-6.555082321166992
89,final,-4.750581741333008
90,final,-4.648970127105713
91,final,-4.6897077560424805
92,final,-4.940878868103027
93,final,-4.528196334838867
94,final,-5.374642848968506
95,final,-5.141343116760254
96,final,-5.852142810821533
97,final,-4.322131156921387
98,final,-5.31187105178833
99,final,-4.913708686828613
100,final,-5.66126012802124
101,final,-5.220168113708496
102,final,-4.58111047744751
103,final,-5.095925807952881
104,final,-3.877013921737671
105,final,-5.547372341156006
106,final,-3.8097455501556396
107,final,-5.988641262054443
108,final,-3.877013921737671
109,final,-4.169568061828613
110,final,-6.640801429748535
111,final,-5.987152576446533
112,final,-4.8905029296875
113,final,-5.798713684082031
114,final,-5.869454860687256
115,final,-3.917299747467041
116,final,-6.639645099639893
117,final,-5.363907337188721
118,final,-5.729781150817871
119,final,-5.088961124420166
120,final,-4.255125999450684
121,final,-4.897470951080322
122,final,-3.1630687713623047
123,final,-3.361696243286133
124,final,-3.9435558319091797
125,final,-3.1630687713623047
126,final,-5.481688022613525
127,final,-3.553891897201538
128,final,-4.490115642547607
129,final,-2.8629038333892822
130,final,-3.3120388984680176
131,final,-3.798203229904175
132,final,-4.409774303436279
133,final,-3.8961546421051025
134,final,-2.299332857131958
135,final,-4.377138614654541
136,final,-5.144516944885254
137,final,-4.837013244628906
138,final,-3.452648162841797
139,final,-4.9466376304626465
140,final,-5.1373443603515625
141,final,-4.140899181365967
142,final,-4.697344779968262
143,final,-4.305286407470703
144,final,-5.421933650970459
145,final,-5.169990539550781
146,final,-5.072839736938477
147,final,-4.844442367553711
148,final,-4.632023811340332
149,final,-4.999273300170898
150,final,-4.6668524742126465
151,final,-4.658022880554199
152,final,-3.989201545715332
153,final,-4.002446174621582
154,final,-5.15873908996582
155,final,-4.815564155578613
156,final,-5.15873908996582
157,final,-5.27629280090332
158,final,-5.156491756439209
159,final,-4.85054874420166
160,final,-3.2617270946502686
161,final,-5.421151161193848
162,final,-4.563882350921631
163,final,-5.546714782714844
164,final,-4.977489948272705
165,final,-4.4432373046875
166,final,-4.044166564941406
167,final,-3.8483641147613525
168,final,-5.5448689460754395
169,final,-4.0236496925354
170,final,-5.995733737945557
171,final,-5.290841102600098
172,final,-4.819716930389404
173,final,-4.578607559204102
174,final,-4.165401935577393
175,final,-4.855050086975098
176,final,-4.489116191864014
177,final,-4.758787155151367
178,final,-3.7109453678131104
179,final,-5.084831237792969
180,final,-3.736804962158203
181,final,-4.039775371551514
182,final,-4.818957328796387
183,final,-4.399990558624268
184,final,-5.143799781799316
185,final,-5.253573894500732
186,final,-4.681443214416504
187,final,-6.500534534454346
188,final,-4.68154764175415
189,final,-5.330600738525391
190,final,-6.185055255889893
191,final,-5.134607315063477
192,final,-5.32623815536499
193,final,-5.988958835601807
194,final,-4.981517791748047
195,final,-3.856492757797241
196,final,-5.411149501800537
197,final,-5.037607192993164
198,final,-4.836714744567871
199,final,-3.874080181121826
200,final,-3.4202349185943604
201,final,-5.728748798370361
202,final,-3.310528516769409
203,final,-3.613935947418213
204,final,-3.5851898193359375
205,final,-3.5851898193359375
206,final,-4.5429463386535645
207,final,-4.550397872924805
208,final,-5.504950046539307
209,final,-5.369320869445801
210,final,-4.912550926208496
211,final,-5.4342041015625
212,final,-4.779415607452393
213,final,-5.289580345153809
214,final,-3.987703561782837
215,final,-4.780875205993652
216,final,-4.17584753036499
217,final,-4.3183770179748535
218,final,-5.421567440032959
219,final,-6.384421348571777
220,final,-4.480494499206543
221,final,-4.9699296951293945
222,final,-4.535552024841309
223,final,-5.925254821777344
224,final,-4.523707866668701
225,final,-5.00809907913208
226,final,-4.8121490478515625
227,final,-4.945334434509277
228,final,-5.690219879150391
229,final,-5.451822757720947
230,final,-5.479306697845459
231,final,-5.668147087097168
232,final,-5.932870864868164
233,final,-5.563844203948975
234,final,-4.0205817222595215
235,final,-4.805976390838623
236,final,-5.498322486877441
237,final,-5.8231120109558105
238,final,-5.930351734161377
239,final,-4.718715190887451
240,final,-4.989401817321777
241,final,-6.001552104949951
242,final,-5.6708807945251465
243,final,-4.477284908294678
244,final,-5.13240909576416
245,final,-5.276058197021484
246,final,-6.131898403167725
247,final,-5.505147457122803
248,final,-5.5073065757751465
249,final,-5.496224880218506
250,final,-5.505019187927246
251,final,-5.714906215667725
252,final,-4.0205817222595215
253,final,-4.969929218292236
254,final,-4.969929218292236
255,final,-5.451822757720947
256,final,-5.8371429443359375
257,final,-4.686516284942627
258,final,-4.9509172439575195
259,final,-4.520003795623779
260,final,-5.22549295425415
261,final,-5.600734710693359
262,final,-3.277416706085205
263,final,-4.321434020996094
264,final,-4.8669023513793945
265,final,-4.8200483322143555
266,final,-5.960099697113037
267,final,-4.6651387214660645
268,final,-5.269035339355469
269,final,-5.15816068649292
270,final,-4.998908042907715
271,final,-5.3598785400390625
272,final,-5.5251946449279785
273,final,-5.396684169769287
274,final,-5.435434341430664
275,final,-5.844348907470703
276,final,-5.553241729736328
277,final,-4.3503828048706055
278,final,-4.321504592895508
279,final,-5.716787338256836
280,final,-5.810296058654785
281,final,-5.455095291137695
282,final,-4.749898910522461
283,final,-4.715366840362549
284,final,-6.119115352630615
285,final,-5.687329292297363
286,final,-4.810996055603027
287,final,-5.010038375854492
288,final,-5.8109917640686035
289,final,-5.764026641845703
290,final,-6.1834893226623535
291,final,-5.456095218658447
292,final,-5.497500896453857
293,final,-6.0758280754089355
294,final,-5.928979396820068
295,final,-5.981690883636475
296,final,-5.709370136260986
297,final,-4.807980537414551
298,final,-5.521179676055908
299,final,-5.698732376098633
300,final,-5.521179676055908
301,final,-5.442691802978516
302,final,-5.7201666831970215
303,final,-5.062150955200195
304,final,-5.535909652709961
305,final,-5.1762566566467285
306,final,-4.780730247497559
307,final,-4.548306465148926
308,final,-5.645195007324219
309,final,-5.303465366363525
310,final,-5.981690883636475
311,final,-6.264244079589844
312,final,-5.479621887207031
313,final,-5.8109917640686035
314,final,-5.758439064025879
315,final,-4.548306465148926
316,final,-5.40900182723999
317,final,-5.905306339263916
318,final,-3.951195001602173
319,final,-5.974212646484375
320,final,-4.986193656921387
321,final,-5.8109917640686035
322,final,-4.86924934387207
323,final,-5.216314792633057
324,final,-4.876650333404541
325,final,-6.233273983001709
326,final,-4.429845333099365
327,final,-5.615403175354004
328,final,-5.343924522399902
329,final,-4.7060699462890625
330,final,-4.86219596862793
331,final,-5.521754264831543
332,final,-5.156973838806152
333,final,-6.131134033203125
334,final,-5.435522079467773
335,final,-5.378711700439453
336,final,-5.579312324523926
337,final,-5.641204833984375
338,final,-5.304370403289795
339,final,-5.602055072784424
340,final,-4.791644096374512
341,final,-4.971096992492676
342,final,-5.453021049499512
343,final,-4.971096992492676
344,final,-4.957752227783203
345,final,-5.548069000244141
346,final,-5.0518670082092285
347,final,-5.646975517272949
348,final,-5.365572452545166
349,final,-5.149995803833008
350,final,-4.616898536682129
351,final,-5.655788421630859
352,final,-4.677528381347656
353,final,-5.384151935577393
354,final,-5.2678351402282715
355,final,-5.216351509094238
356,final,-5.186163425445557
357,final,-6.037099361419678
358,final,-5.5461649894714355
359,final,-5.262869834899902
360,final,-5.238165378570557
361,final,-4.51957893371582
362,final,-5.1219916343688965
363,final,-5.489458084106445
364,final,-5.626307964324951
365,final,-4.993284225463867
366,final,-5.422512531280518
367,final,-4.988739967346191
368,final,-5.516989707946777
369,final,-5.463181495666504
370,final,-3.8195698261260986
371,final,-4.981255054473877
372,final,-4.3904290199279785
373,final,-5.020044326782227
374,final,-4.3910417556762695
375,final,-5.201808452606201
376,final,-5.526212692260742
377,final,-4.67569637298584
378,final,-4.8693013191223145
379,final,-4.409760475158691
380,final,-4.468587398529053
381,final,-5.522284507751465
382,final,-5.158056735992432
383,final,-5.49220609664917
384,final,-5.527246952056885
385,final,-5.472280979156494
386,final,-4.988739967346191
387,final,-4.801959991455078
388,final,-5.214563369750977
389,final,-5.111541748046875
390,final,-5.511500835418701
391,final,-5.253273963928223
392,final,-5.055030822753906
393,final,-4.574829578399658
394,final,-5.6876420974731445
395,final,-4.796573162078857
396,final,-5.2510085105896
397,final,-5.402281284332275
398,final,-5.1664299964904785
399,final,-5.11501407623291
400,final,-5.9855637550354
401,final,-5.506333827972412
402,final,-5.270351886749268
403,final,-5.1604180335998535
404,final,-4.56722354888916
405,final,-5.1246466636657715
406,final,-5.580039978027344
407,final,-5.70308780670166
408,final,-4.879232406616211
409,final,-6.614606857299805
410,final,-4.910972595214844
411,final,-5.688778400421143
412,final,-6.487131595611572
413,final,-4.828011512756348
414,final,-5.652097225189209
415,final,-5.776578426361084
416,final,-4.971437931060791
417,final,-6.5728254318237305
418,final,-5.552437782287598
419,final,-4.16759729385376
420,final,-4.510268688201904
421,final,-5.888408184051514
422,final,-6.207541465759277
423,final,-5.0390191078186035
424,final,-5.579540729522705
425,final,-5.765679359436035
426,final,-4.931811332702637
427,final,-5.2966461181640625
428,final,-5.839745998382568
429,final,-6.369755268096924
430,final,-5.558970928192139
431,final,-5.881626605987549
432,final,-5.898135185241699
433,final,-6.4936323165893555
434,final,-5.650507926940918
435,final,-5.8333611488342285
436,final,-4.3810834884643555
437,final,-4.846302032470703
438,final,-5.369625568389893
439,final,-5.898894786834717
440,final,-5.131195068359375
441,final,-5.515591144561768
442,final,-5.772235870361328
443,final,-5.799559593200684
444,final,-6.517893314361572
445,final,-6.96914005279541
446,final,-5.87274169921875
447,final,-5.986424446105957
448,final,-6.849300384521484
449,final,-4.145843029022217
450,final,-6.587066650390625
451,final,-6.169292449951172
452,final,-5.910680294036865
453,final,-4.829485893249512
454,final,-5.239506244659424
455,final,-6.271148681640625
456,final,-5.130772113800049
457,final,-5.031888008117676
458,final,-5.213840007781982
459,final,-4.701787948608398
460,final,-5.901235103607178
461,final,-5.8945631980896
462,final,-3.937889814376831
463,final,-4.524438381195068
464,final,-5.820176124572754
465,final,-6.023866653442383
466,final,-4.661160945892334
467,final,-5.460253715515137
468,final,-5.642642974853516
469,final,-4.995289325714111
470,final,-4.923501014709473
471,final,-5.370877742767334
472,final,-4.989443778991699
473,final,-6.382869243621826
474,final,-4.959805965423584
475,final,-5.566411972045898
476,final,-5.292293071746826
477,final,-4.46119499206543
478,final,-4.8109517097473145
479,final,-5.271622657775879
480,final,-4.962624549865723
481,final,-5.054421424865723
482,final,-4.878534317016602
483,final,-5.774623394012451
484,final,-4.705132484436035
485,final,-4.288811683654785
486,final,-5.084588527679443
487,final,-5.938684940338135
488,final,-4.452855587005615
489,final,-4.9176459312438965
490,final,-6.175644397735596
491,final,-4.685987949371338
492,final,-6.115355014801025
493,final,-5.3838629722595215
494,final,-7.031309604644775
495,final,-6.481878757476807
496,final,-5.6122260093688965
497,final,-5.091619968414307
498,final,-5.826260566711426
499,final,-7.123449802398682
500,final,-4.997006893157959
501,final,-5.111976146697998
502,final,-6.603080749511719
503,final,-6.80286169052124
504,final,-4.530953407287598
505,final,-7.144887924194336
506,final,-6.131939888000488
507,final,-6.283339977264404
508,final,-5.272851467132568
509,final,-6.44940185546875
510,final,-5.049073696136475
511,final,-6.735551357269287
512,final,-5.771580219268799
513,final,-7.042601108551025
514,final,-7.216348171234131
515,final,-5.9580864906311035
516,final,-4.716925144195557
517,final,-5.308353900909424
518,final,-6.426705837249756
519,final,-5.1591291427612305
520,final,-2.9383156299591064
521,final,-4.687371730804443
522,final,-5.461724758148193
523,final,-6.2992472648620605
524,final,-6.864743709564209
525,final,-6.85931396484375
526,final,-5.6564154624938965
527,final,-6.959408283233643
528,final,-6.088521480560303
529,final,-5.2448625564575195
530,final,-5.522712230682373
531,final,-6.8986592292785645
532,final,-5.854245662689209
533,final,-7.009828090667725
534,final,-7.5509161949157715
535,final,-5.243040561676025
536,final,-5.2704176902771
537,final,-6.518282413482666
538,final,-5.665902137756348
539,final,-5.189005374908447
540,final,-5.4040069580078125
541,final,-5.56365966796875
542,final,-6.850757598876953
543,final,-4.6294846534729
544,final,-4.900910377502441
545,final,-5.955173015594482
546,final,-6.510798931121826
547,final,-4.47030782699585
548,final,-6.48482084274292
549,final,-5.630910396575928
550,final,-5.561604976654053
551,final,-5.1826982498168945
552,final,-6.109691619873047
553,final,-4.816056728363037
554,final,-5.827751636505127
555,final,-6.876096725463867
556,final,-4.007911682128906
557,final,-5.10174036026001
558,final,-5.152694225311279
559,final,-5.533367156982422
560,final,-6.720418453216553
561,final,-6.359838962554932
562,final,-5.162119388580322
563,final,-6.40265417098999
564,final,-5.054189205169678
565,final,-5.897251129150391
566,final,-5.440738201141357
567,final,-7.177096843719482
568,final,-7.1602783203125
569,final,-4.686429500579834
570,final,-6.576807022094727
571,final,-6.734492778778076
572,final,-5.596017837524414
573,final,-6.112667083740234
574,final,-7.378535270690918
575,final,-5.986103057861328
576,final,-6.659842014312744
577,final,-5.599222660064697
578,final,-5.599222660064697
579,final,-3.814112424850464
580,final,-5.533367156982422
581,final,-7.4120192527771
582,final,-4.320723533630371
583,final,-7.330755710601807
584,final,-6.92510461807251
585,final,-6.1061601638793945
586,final,-6.278838634490967
587,final,-4.878161907196045
588,final,-7.204134464263916
589,final,-4.170042514801025
590,final,-7.321017265319824
591,final,-6.78235387802124
592,final,-6.100430965423584
593,final,-5.986103057861328
594,final,-6.145005226135254
595,final,-5.710701942443848
596,final,-6.95758056640625
597,final,-4.49510383605957
598,final,-6.549682140350342
599,final,-3.827385902404785
600,final,-4.986094951629639
601,final,-5.244147300720215
602,final,-5.673487186431885
603,final,-6.54861307144165
604,final,-6.041468143463135
605,final,-4.833229064941406
606,final,-6.103111743927002
607,final,-5.023521900177002
608,final,-5.54638671875
609,final,-5.638869285583496
610,final,-6.536692142486572
611,final,-6.619628429412842
612,final,-4.189582347869873
613,final,-5.907167911529541
614,final,-6.461456298828125
615,final,-5.674464225769043
616,final,-5.438194274902344
617,final,-6.817745685577393
618,final,-4.915341377258301
619,final,-5.851069927215576
620,final,-5.728004455566406
621,final,-5.329695224761963
622,final,-4.145380020141602
623,final,-6.7243971824646
624,final,-6.111711025238037
625,final,-5.733790874481201
626,final,-5.2115092277526855
627,final,-5.878392219543457
628,final,-6.159926891326904
629,final,-5.196320533752441
630,final,-4.782427787780762
631,final,-5.405522346496582
632,final,-5.8394670486450195
633,final,-6.502618789672852
634,final,-5.931046485900879
635,final,-5.581699848175049
636,final,-6.324385166168213
637,final,-6.364081859588623
638,final,-6.359281539916992
639,final,-6.958436012268066
640,final,-4.523781776428223
641,final,-5.381772041320801
642,final,-5.245716094970703
643,final,-5.991546154022217
644,final,-5.499396800994873
645,final,-5.2981181144714355
646,final,-5.956986904144287
647,final,-4.758561611175537
648,final,-3.9253878593444824
649,final,-6.7204976081848145
650,final,-6.505447864532471
651,final,-3.773456573486328
652,final,-6.319968223571777
653,final,-6.578856945037842
654,final,-5.895803928375244
655,final,-6.560659885406494
656,final,-4.72327995300293
657,final,-4.913076400756836
658,final,-6.838606357574463
659,final,-6.936676025390625
660,final,-3.9912631511688232
661,final,-4.908875465393066
662,final,-6.104621410369873
663,final,-5.79541540145874
664,final,-5.421230316162109
665,final,-4.695586681365967
666,final,-6.809216499328613
667,final,-6.0390777587890625
668,final,-5.431173324584961
669,final,-5.014165878295898
670,final,-5.663567066192627
671,final,-6.565400123596191
672,final,-5.214654922485352
673,final,-4.483102798461914
674,final,-5.0460734367370605
675,final,-5.951387405395508
676,final,-6.313466548919678
677,final,-5.805532455444336
678,final,-5.364841461181641
679,final,-6.076625823974609
680,final,-5.875258445739746
681,final,-6.293010234832764
682,final,-6.848886489868164
683,final,-5.389795303344727
684,final,-7.636255741119385
685,final,-6.319374084472656
686,final,-7.799898624420166
687,final,-4.300316333770752
688,final,-5.693930149078369
689,final,-7.1576642990112305
690,final,-7.298501491546631
691,final,-7.751955032348633
692,final,-7.665627956390381
693,final,-6.261356830596924
694,final,-7.251911163330078
695,final,-8.085470199584961
696,final,-3.8986740112304688
697,final,-7.439215660095215
698,final,-7.03579044342041
699,final,-8.860281944274902
700,final,-5.405635833740234
701,final,-5.550546169281006
702,final,-6.257867336273193
703,final,-7.5421319007873535
704,final,-5.168637275695801
705,final,-5.699258327484131
706,final,-6.715945243835449
707,final,-7.435112953186035
708,final,-4.557799339294434
709,final,-7.184743404388428
710,final,-6.484107494354248
711,final,-7.298084735870361
712,final,-6.273202419281006
713,final,-7.796060085296631
714,final,-5.2512102127075195
715,final,-7.776004791259766
716,final,-7.3898797035217285
717,final,-5.4957051277160645
718,final,-7.0344109535217285
719,final,-7.799587726593018
720,final,-4.015508651733398
721,final,-8.657681465148926
722,final,-7.166464328765869
723,final,-5.107498645782471
724,final,-5.907021522521973
725,final,-6.297962188720703
726,final,-4.668741703033447
727,final,-7.037412166595459
728,final,-5.5317840576171875
729,final,-7.4241204261779785
730,final,-4.011614799499512
731,final,-5.1429524421691895
732,final,-5.893839359283447
733,final,-6.5169997215271
734,final,-6.930076599121094
735,final,-7.0334792137146
736,final,-5.654111385345459
737,final,-7.341317653656006
738,final,-7.14506196975708
739,final,-4.120400428771973
740,final,-7.0964789390563965
741,final,-5.922489643096924
742,final,-7.5584330558776855
743,final,-4.6847920417785645
744,final,-6.856512546539307
745,final,-5.294564247131348
746,final,-4.958194255828857
747,final,-5.244863510131836
748,final,-5.7899699211120605
749,final,-5.638522624969482
750,final,-5.042515277862549
751,final,-4.663671970367432
752,final,-5.183417797088623
753,final,-4.995362281799316
754,final,-7.044860363006592
755,final,-5.075774669647217
756,final,-5.600215435028076
757,final,-6.706767559051514
758,final,-6.9241461753845215
759,final,-6.232738018035889
760,final,-5.218657970428467
761,final,-6.846260070800781
762,final,-6.301884174346924
763,final,-4.59906005859375
764,final,-4.907257080078125
765,final,-6.612327575683594
766,final,-5.68294620513916
767,final,-6.666121006011963
768,final,-4.949605941772461
769,final,-4.954272270202637
770,final,-6.086068153381348
771,final,-6.153924942016602
772,final,-5.301506996154785
773,final,-5.129298210144043
774,final,-5.2967376708984375
775,final,-6.161488056182861
776,final,-5.811792850494385
777,final,-5.538657188415527
778,final,-5.054669380187988
779,final,-7.154622554779053
780,final,-4.896632194519043
781,final,-6.2437849044799805
782,final,-6.550108432769775
783,final,-5.86568546295166
784,final,-4.20883846282959
785,final,-5.97939920425415
786,final,-5.131246566772461
787,final,-4.509140968322754
788,final,-3.9587066173553467
789,final,-5.24655818939209
790,final,-5.539596080780029
791,final,-3.8932816982269287
792,final,-5.605612277984619
793,final,-5.416818141937256
794,final,-4.810466289520264
795,final,-4.135934829711914
796,final,-4.628414630889893
797,final,-4.1542439460754395
798,final,-5.414245128631592
799,final,-5.841490268707275
800,final,-5.2647175788879395
801,final,-4.780332565307617
802,final,-3.570539712905884
803,final,-5.767567157745361
804,final,-5.539458751678467
805,final,-5.904365539550781
806,final,-4.856904029846191
807,final,-3.264116048812866
808,final,-3.7527410984039307
809,final,-5.205103397369385
810,final,-3.8497838973999023
811,final,-5.961026668548584
812,final,-5.455439567565918
813,final,-5.733303546905518
814,final,-5.269599437713623
815,final,-6.383148670196533
816,final,-6.215996265411377
817,final,-4.585309982299805
818,final,-5.465916633605957
819,final,-3.6776986122131348
820,final,-4.040011405944824
821,final,-4.843927383422852
822,final,-5.0778045654296875
823,final,-4.5017194747924805
824,final,-6.196713447570801
825,final,-4.3527302742004395
826,final,-4.450730323791504
827,final,-4.333913803100586
828,final,-5.939177989959717
829,final,-5.092523097991943
830,final,-4.942328929901123
831,final,-4.301608562469482
832,final,-5.385514259338379
833,final,-5.388915538787842
834,final,-4.129610061645508
835,final,-5.596532821655273
836,final,-5.469790458679199
837,final,-4.877981185913086
838,final,-4.222441673278809
839,final,-4.791658878326416
840,final,-4.211194038391113
841,final,-5.14247989654541
842,final,-5.7910003662109375
843,final,-5.386122703552246
844,final,-4.9299116134643555
845,final,-3.7297680377960205
846,final,-5.457005023956299
847,final,-5.2024149894714355
848,final,-5.195058822631836
849,final,-6.335959434509277
850,final,-6.4348859786987305
851,final,-4.623736381530762
852,final,-5.443359851837158
853,final,-5.69669771194458
854,final,-5.531178951263428
855,final,-5.781242370605469
856,final,-6.001594066619873
857,final,-4.358270645141602
858,final,-6.288559436798096
859,final,-4.358270645141602
860,final,-4.366952896118164
861,final,-5.269819736480713
862,final,-5.923184871673584
863,final,-5.064347267150879
864,final,-5.415655612945557
865,final,-5.585027694702148
866,final,-7.0319695472717285
867,final,-3.3187668323516846
868,final,-4.818621635437012
869,final,-4.446910858154297
870,final,-5.797179222106934
871,final,-5.697813034057617
872,final,-4.134119510650635
873,final,-6.582959175109863
874,final,-6.121035099029541
875,final,-5.585027694702148
876,final,-4.230388164520264
877,final,-5.842776298522949
878,final,-4.843576431274414
879,final,-5.7220635414123535
880,final,-4.88004207611084
881,final,-6.425841331481934
882,final,-5.882709980010986
883,final,-5.1305084228515625
884,final,-4.838038921356201
885,final,-4.446910858154297
886,final,-4.62189245223999
887,final,-4.843201160430908
888,final,-6.335959434509277
889,final,-6.3695597648620605
890,final,-5.179569244384766
891,final,-4.805768013000488
892,final,-5.660093307495117
893,final,-6.245975494384766
894,final,-4.793717384338379
895,final,-4.95685338973999
896,final,-5.453700065612793
897,final,-4.993905067443848
898,final,-5.824954986572266
899,final,-5.394791126251221
900,final,-4.542182445526123
901,final,-5.751586437225342
902,final,-4.542182445526123
903,final,-4.270257472991943
904,final,-5.0636210441589355
905,final,-5.888307094573975
906,final,-5.2071003913879395
907,final,-5.3998517990112305
908,final,-5.463868618011475
909,final,-6.662064075469971
910,final,-4.588679790496826
911,final,-4.303069114685059
912,final,-4.493020534515381
913,final,-5.197964668273926
914,final,-5.6094584465026855
915,final,-4.493020534515381
916,final,-5.326588153839111
917,final,-5.670424461364746
918,final,-3.7927916049957275
919,final,-4.627508640289307
920,final,-5.588204860687256
921,final,-5.901294231414795
922,final,-3.866474151611328
923,final,-4.989844799041748
924,final,-4.56960916519165
925,final,-5.477713584899902
926,final,-5.7718305587768555
927,final,-5.4975786209106445
928,final,-5.483983993530273
929,final,-4.255839824676514
930,final,-5.350268840789795
931,final,-4.5199432373046875
932,final,-4.799459934234619
933,final,-4.094705104827881
934,final,-5.016985893249512
935,final,-6.561745643615723
936,final,-4.820147514343262
937,final,-4.77946662902832
938,final,-4.16160774230957
939,final,-4.844315052032471
940,final,-5.597355365753174
941,final,-5.989405155181885
942,final,-6.084422588348389
943,final,-4.121881484985352
944,final,-5.107138633728027
945,final,-5.019738674163818
946,final,-4.713122367858887
947,final,-5.276233673095703
948,final,-3.6042213439941406
949,final,-4.801334857940674
950,final,-6.150611877441406
951,final,-4.672774791717529
952,final,-4.095258712768555
953,final,-4.980988502502441
954,final,-4.662458896636963
955,final,-4.641936779022217
956,final,-5.111734390258789
957,final,-5.503707408905029
958,final,-4.641936779022217
959,final,-5.298734188079834
960,final,-5.79386043548584
961,final,-3.795790910720825
962,final,-4.9426751136779785
963,final,-5.511013507843018
964,final,-5.680117130279541
965,final,-3.8593993186950684
966,final,-5.170834064483643
967,final,-5.105575084686279
968,final,-5.52366828918457
969,final,-5.763122081756592
970,final,-5.55558443069458
971,final,-5.710483551025391
972,final,-4.639736652374268
973,final,-4.337423324584961
974,final,-7.060377597808838
975,final,-7.188368797302246
976,final,-5.579392433166504
977,final,-5.054098129272461
978,final,-6.49170446395874
979,final,-5.487493515014648
980,final,-4.876641273498535
981,final,-6.642303466796875
982,final,-4.132290363311768
983,final,-5.805147647857666
984,final,-5.975205898284912
985,final,-4.766711235046387
986,final,-5.0601959228515625
987,final,-6.615174770355225
988,final,-5.0042901039123535
989,final,-6.345804691314697
990,final,-5.81312894821167
991,final,-4.266363620758057
992,final,-4.476042747497559
993,final,-6.008085250854492
994,final,-3.8504409790039062
995,final,-5.081421852111816
996,final,-5.641386985778809
997,final,-5.126491069793701
998,final,-5.941544532775879
999,final,-6.063976764678955
1000,final,-5.259612083435059
1001,final,-6.670329570770264
1002,final,-5.926702976226807
1003,final,-3.572272300720215
1004,final,-7.062205791473389
1005,final,-4.817891597747803
1006,final,-4.752875804901123
1007,final,-6.460028648376465
1008,final,-5.730007171630859
1009,final,-4.93110466003418
1010,final,-4.452672958374023
1011,final,-4.43104362487793
1012,final,-5.1171112060546875
1013,final,-4.944632053375244
1014,final,-5.788960933685303
1015,final,-6.098487854003906
1016,final,-4.581690788269043
1017,final,-6.3958330154418945
1018,final,-7.079564094543457
1019,final,-4.80308723449707
1020,final,-5.2587995529174805
1021,final,-6.110150337219238
1022,final,-5.197734355926514
1023,final,-4.887491226196289
1024,final,-6.011199951171875
1025,final,-4.149238109588623
1026,final,-5.254909992218018
1027,final,-5.799087047576904
1028,final,-4.676253318786621
1029,final,-4.890242099761963
1030,final,-5.402966499328613
1031,final,-5.25715970993042
1032,final,-5.868472099304199
1033,final,-5.325815677642822
1034,final,-4.46087121963501
1035,final,-4.24765682220459
1036,final,-5.794214725494385
1037,final,-5.76005744934082
1038,final,-4.471563816070557
1039,final,-4.490843772888184
1040,final,-6.075692653656006
1041,final,-5.550302982330322
1042,final,-4.355382442474365
1043,final,-6.01630973815918
1044,final,-4.987558841705322
1045,final,-5.254321575164795
1046,final,-5.876469135284424
1047,final,-4.72573709487915
1048,final,-4.583945274353027
1049,final,-5.565688133239746
1050,final,-4.331449031829834
1051,final,-5.400552272796631
1052,final,-5.684568405151367
1053,final,-6.020553112030029
1054,final,-5.185767650604248
1055,final,-5.441844463348389
1056,final,-4.443881988525391
1057,final,-6.321156978607178
1058,final,-6.505026817321777
1059,final,-5.6469902992248535
1060,final,-4.985628128051758
1061,final,-5.109630107879639
1062,final,-3.9613866806030273
1063,final,-5.886433124542236
1064,final,-5.885374546051025
1065,final,-6.056967258453369
1066,final,-5.394002437591553
1067,final,-4.705601692199707
1068,final,-4.5845746994018555
1069,final,-4.228363513946533
1070,final,-4.911652565002441
1071,final,-5.046352863311768
1072,final,-3.8244376182556152
1073,final,-5.2617034912109375
1074,final,-6.464437484741211
1075,final,-4.881537437438965
1076,final,-4.179220199584961
1077,final,-3.637125253677368
1078,final,-4.274097919464111
1079,final,-3.755608558654785
1080,final,-5.168896198272705
1081,final,-4.403502941131592
1082,final,-5.688279628753662
1083,final,-4.277670383453369
1084,final,-4.277670383453369
1085,final,-5.134335994720459
1086,final,-4.675007343292236
1087,final,-4.993602752685547
1088,final,-4.64028787612915
1089,final,-4.79044771194458
1090,final,-5.419836044311523
1091,final,-5.6633219718933105
1092,final,-3.9331681728363037
1093,final,-5.363582134246826
1094,final,-5.006862163543701
1095,final,-6.275948524475098
1096,final,-3.5781266689300537
1097,final,-5.933194637298584
1098,final,-5.74389123916626
1099,final,-4.722275733947754
1100,final,-5.048305034637451
1101,final,-4.862760066986084
1102,final,-5.997987747192383
1103,final,-4.874399662017822
1104,final,-6.0012640953063965
1105,final,-4.661086559295654
1106,final,-6.54041051864624
1107,final,-6.081010341644287
1108,final,-5.051589488983154
1109,final,-5.515807628631592
1110,final,-5.815130233764648
1111,final,-3.928417205810547
1112,final,-5.90315055847168
1113,final,-5.5580925941467285
1114,final,-4.433912754058838
1115,final,-3.948385000228882
1116,final,-6.081010341644287
1117,final,-4.498387813568115
1118,final,-4.351775646209717
1119,final,-3.9985291957855225
1120,final,-3.4740936756134033
1121,final,-4.058699131011963
1122,final,-3.864560604095459
1123,final,-4.614613056182861
1124,final,-4.0759453773498535
1125,final,-4.852809906005859
1126,final,-4.201525688171387
1127,final,-4.201525688171387
1128,final,-4.416353225708008
1129,final,-4.206519603729248
1130,final,-4.466436386108398
1131,final,-4.0513691902160645
1132,final,-4.594920635223389
1133,final,-4.6347336769104
1134,final,-4.864450931549072
1135,final,-3.8592536449432373
1136,final,-4.744796276092529
1137,final,-4.377933502197266
1138,final,-5.823849678039551
1139,final,-6.5145955085754395
1140,final,-6.101175785064697
1141,final,-4.6616010665893555
1142,final,-4.001266002655029
1143,final,-4.822948455810547
1144,final,-5.767411708831787
1145,final,-5.649435520172119
1146,final,-4.859899044036865
1147,final,-4.478906154632568
1148,final,-6.777689456939697
1149,final,-5.5054612159729
1150,final,-5.9435882568359375
1151,final,-6.492664813995361
1152,final,-4.995269298553467
1153,final,-5.4382171630859375
1154,final,-4.525543689727783
1155,final,-6.492664337158203
1156,final,-5.972602367401123
1157,final,-6.191201686859131
1158,final,-6.656200408935547
1159,final,-6.067550182342529
1160,final,-6.31877326965332
1161,final,-6.61522912979126
1162,final,-4.6465630531311035
1163,final,-4.696725368499756
1164,final,-5.466040134429932
1165,final,-6.980052947998047
1166,final,-6.61522912979126
1167,final,-4.77070951461792
1168,final,-5.716873645782471
1169,final,-6.429096698760986
1170,final,-6.1520843505859375
1171,final,-4.640877723693848
1172,final,-6.236231327056885
1173,final,-6.236231327056885
1174,final,-6.288382053375244
1175,final,-3.4408388137817383
1176,final,-4.359429836273193
1177,final,-5.156448841094971
1178,final,-5.223476409912109
1179,final,-5.080969333648682
1180,final,-5.206722259521484
1181,final,-5.466040134429932
1182,final,-5.4788360595703125
1183,final,-4.994111061096191
1184,final,-4.122243881225586
1185,final,-3.6647377014160156
1186,final,-4.658598899841309
1187,final,-4.768670082092285
1188,final,-5.262171745300293
1189,final,-4.121912956237793
1190,final,-4.207813262939453
1191,final,-6.223165035247803
1192,final,-5.006742000579834
1193,final,-5.1593017578125
1194,final,-5.340108394622803
1195,final,-4.35915994644165
1196,final,-4.941636085510254
1197,final,-4.076751232147217
1198,final,-5.340108394622803
1199,final,-5.125716209411621
1200,final,-5.3519511222839355
1201,final,-5.738088130950928
1202,final,-5.285459518432617
1203,final,-5.454233646392822
1204,final,-5.3936614990234375
1205,final,-4.907629013061523
1206,final,-3.904165029525757
1207,final,-5.102221965789795
1208,final,-5.806285858154297
1209,final,-6.042747497558594
1210,final,-5.3361382484436035
1211,final,-5.125298976898193
1212,final,-5.463967800140381
1213,final,-5.505558967590332
1214,final,-4.227632522583008
1215,final,-4.050130844116211
1216,final,-5.056943893432617
1217,final,-4.808994770050049
1218,final,-4.866217136383057
1219,final,-5.3432207107543945
1220,final,-4.4679670333862305
1221,final,-5.560821533203125
1222,final,-5.069350719451904
1223,final,-4.527799606323242
1224,final,-3.9377312660217285
1225,final,-5.262497901916504
1226,final,-4.8647565841674805
1227,final,-5.290013313293457
1228,final,-5.78016471862793
1229,final,-4.755599021911621
1230,final,-4.4868669509887695
1231,final,-4.945574760437012
1232,final,-5.462164878845215
1233,final,-5.992376804351807
1234,final,-4.773336887359619
1235,final,-6.285113334655762
1236,final,-4.469635963439941
1237,final,-6.119175910949707
1238,final,-6.342933654785156
1239,final,-4.857722282409668
1240,final,-4.562027931213379
1241,final,-5.385547637939453
1242,final,-4.885319709777832
1243,final,-4.8687944412231445
1244,final,-4.69584846496582
1245,final,-5.13005256652832
1246,final,-5.2914652824401855
1247,final,-5.183781623840332
1248,final,-5.025022029876709
1249,final,-3.629669189453125
1250,final,-4.987282752990723
1251,final,-5.427767276763916
1252,final,-5.733757019042969
1253,final,-5.142484188079834
1254,final,-5.042105674743652
1255,final,-5.303352355957031
1256,final,-5.31110143661499
1257,final,-4.129613399505615
1258,final,-4.0428466796875
1259,final,-5.117231369018555
1260,final,-4.571071624755859
1261,final,-4.479341983795166
1262,final,-5.232976913452148
1263,final,-4.242283344268799
1264,final,-5.063333511352539
1265,final,-6.147103786468506
1266,final,-4.928722858428955
1267,final,-5.722300052642822
1268,final,-5.128866672515869
1269,final,-5.486751079559326
1270,final,-6.178732872009277
1271,final,-6.9723968505859375
1272,final,-4.785200595855713
1273,final,-5.925951957702637
1274,final,-5.441067218780518
1275,final,-4.971062183380127
1276,final,-6.270793914794922
1277,final,-4.689913272857666
1278,final,-4.778868675231934
1279,final,-5.821463108062744
1280,final,-4.717949867248535
1281,final,-5.836385726928711
1282,final,-6.968141078948975
1283,final,-6.823913097381592
1284,final,-4.487362861633301
1285,final,-7.247676849365234
1286,final,-4.875411033630371
1287,final,-7.922867298126221
1288,final,-5.390965938568115
1289,final,-6.135718822479248
1290,final,-6.480896472930908
1291,final,-6.862684726715088
1292,final,-5.564436912536621
1293,final,-6.344065189361572
1294,final,-7.150997638702393
1295,final,-5.722298622131348
1296,final,-7.834671497344971
1297,final,-6.793478012084961
1298,final,-5.205575466156006
1299,final,-5.657527923583984
1300,final,-4.717949867248535
1301,final,-4.634458065032959
1302,final,-6.402822017669678
1303,final,-5.636205196380615
1304,final,-6.0541672706604
1305,final,-6.768039703369141
1306,final,-5.781285762786865
1307,final,-5.364233493804932
1308,final,-5.072421073913574
1309,final,-4.239681720733643
1310,final,-5.468690395355225
1311,final,-4.46009635925293
1312,final,-5.059934139251709
1313,final,-5.588871955871582
1314,final,-6.063708782196045
1315,final,-4.444289684295654
1316,final,-5.173591613769531
1317,final,-5.222374439239502
1318,final,-4.261826992034912
1319,final,-5.216816425323486
1320,final,-4.169388294219971
1321,final,-4.211990833282471
1322,final,-4.906918048858643
1323,final,-4.274477481842041
1324,final,-5.195735454559326
1325,final,-5.723459720611572
1326,final,-6.384705543518066
1327,final,-4.127981662750244
1328,final,-4.6872148513793945
1329,final,-5.299071788787842
1330,final,-5.299071788787842
1331,final,-6.314686298370361
1332,final,-6.249573707580566
1333,final,-4.203461170196533
1334,final,-5.9000420570373535
1335,final,-4.990320205688477
1336,final,-4.556997299194336
1337,final,-5.453169345855713
1338,final,-3.4459214210510254
1339,final,-4.931090354919434
1340,final,-4.86435079574585
1341,final,-6.255585670471191
1342,final,-6.012342929840088
1343,final,-4.913336753845215
1344,final,-6.282676696777344
1345,final,-4.8111724853515625
1346,final,-4.274429798126221
1347,final,-4.8554229736328125
1348,final,-5.481396675109863
1349,final,-5.175586223602295
1350,final,-5.035513877868652
1351,final,-4.278321743011475
1352,final,-5.473179817199707
1353,final,-3.1996679306030273
1354,final,-5.2362380027771
1355,final,-3.99859619140625
1356,final,-5.175400733947754
1357,final,-4.500640392303467
1358,final,-5.071185111999512
1359,final,-4.601953983306885
1360,final,-4.755430698394775
1361,final,-4.120505332946777
1362,final,-3.7896618843078613
1363,final,-5.469539165496826
1364,final,-5.01050329208374
1365,final,-5.4463629722595215
1366,final,-5.0308003425598145
1367,final,-5.112043380737305
0,best,-4.060569763183594
1,best,-5.691072940826416
2,best,-4.036052227020264
3,best,-5.116178512573242
4,best,-4.278223514556885
5,best,-5.170997142791748
6,best,-4.245413303375244
7,best,-4.52708101272583
8,best,-2.8095099925994873
9,best,-3.8385586738586426
10,best,-4.760958194732666
11,best,-4.963992595672607
12,best,-3.3717339038848877
13,best,-2.74355149269104
14,best,-4.694881916046143
15,best,-5.025660514831543
16,best,-6.074411869049072
17,best,-4.963992595672607
18,best,-5.6386847496032715
19,best,-4.036052227020264
20,best,-5.105030536651611
21,best,-4.687644958496094
22,best,-5.262627601623535
23,best,-5.612322807312012
24,best,-4.3704915046691895
25,best,-4.687644958496094
26,best,-5.151625156402588
27,best,-4.453006267547607
28,best,-3.8208932876586914
29,best,-5.151625156402588
30,best,-5.042018413543701
31,best,-5.30272102355957
32,best,-4.198592662811279
33,best,-5.402502059936523
34,best,-5.162974834442139
35,best,-5.177960395812988
36,best,-3.764528751373291
37,best,-4.950340747833252
38,best,-3.269230604171753
39,best,-4.548882007598877
40,best,-5.757813453674316
41,best,-4.190161228179932
42,best,-5.3350067138671875
43,best,-4.933594226837158
44,best,-5.6752095222473145
45,best,-5.3652496337890625
46,best,-5.324138641357422
47,best,-4.972078323364258
48,best,-5.253905296325684
49,best,-5.362607955932617
50,best,-5.251237869262695
51,best,-5.84217643737793
52,best,-4.076538562774658
53,best,-5.127954483032227
54,best,-5.596698760986328
55,best,-5.434878349304199
56,best,-5.164778709411621
57,best,-5.105297088623047
58,best,-5.060442924499512
59,best,-4.363992214202881
60,best,-3.829359769821167
61,best,-5.252643585205078
62,best,-5.614353179931641
63,best,-6.2375807762146
64,best,-5.606323719024658
65,best,-6.063567161560059
66,best,-3.342923402786255
67,best,-5.717257499694824
68,best,-5.510867118835449
69,best,-3.670022487640381
70,best,-5.560115337371826
71,best,-4.532783031463623
72,best,-4.819725036621094
73,best,-4.848287582397461
74,best,-5.754857063293457
75,best,-5.684621334075928
76,best,-5.2346110343933105
77,best,-3.996076822280884
78,best,-4.970709323883057
79,best,-4.759976863861084
80,best,-5.057889938354492
81,best,-5.335433006286621
82,best,-4.81699800491333
83,best,-4.723128318786621
84,best,-5.112616539001465
85,best,-4.677521228790283
86,best,-5.396156311035156
87,best,-5.240476131439209
88,best,-6.446514129638672
89,best,-4.632286071777344
90,best,-4.5152153968811035
91,best,-4.439992904663086
92,best,-4.91982889175415
93,best,-4.446203231811523
94,best,-5.222084999084473
95,best,-5.092735290527344
96,best,-5.513823986053467
97,best,-4.221287727355957
98,best,-5.006152153015137
99,best,-4.669280052185059
100,best,-5.530996799468994
101,best,-4.798881530761719
102,best,-4.530629634857178
103,best,-4.657046318054199
104,best,-3.896371364593506
105,best,-5.109263896942139
106,best,-3.7648391723632812
107,best,-5.911740779876709
108,best,-3.896371364593506
109,best,-3.9773571491241455
110,best,-6.29840087890625
111,best,-5.750216007232666
112,best,-4.676621437072754
113,best,-5.518685340881348
114,best,-5.640567302703857
115,best,-3.685427665710449
116,best,-6.238429546356201
117,best,-5.24536657333374
118,best,-5.2138447761535645
119,best,-5.043716907501221
120,best,-4.0954508781433105
121,best,-4.6406402587890625
122,best,-3.22637677192688
123,best,-3.1312291622161865
124,best,-3.6569321155548096
125,best,-3.22637677192688
126,best,-5.198174953460693
127,best,-3.469836711883545
128,best,-4.161263942718506
129,best,-2.9059877395629883
130,best,-3.282003164291382
131,best,-3.7535667419433594
132,best,-4.073389530181885
133,best,-3.8824737071990967
134,best,-2.4034574031829834
135,best,-4.231922626495361
136,best,-4.952960968017578
137,best,-4.672619342803955
138,best,-3.436643362045288
139,best,-4.828678607940674
140,best,-5.01630163192749
141,best,-3.90012526512146
142,best,-4.732054710388184
143,best,-4.335425853729248
144,best,-5.2193498611450195
145,best,-5.089047431945801
146,best,-5.121310710906982
147,best,-4.8360466957092285
148,best,-4.672492980957031
149,best,-4.817249774932861
150,best,-4.551929473876953
151,best,-4.631612777709961
152,best,-3.9122724533081055
153,best,-3.983041286468506
154,best,-5.119994163513184
155,best,-4.827042102813721
156,best,-5.119994163513184
157,best,-5.062202453613281
158,best,-4.74970817565918
159,best,-4.782863140106201
160,best,-3.3628995418548584
161,best,-4.940306186676025
162,best,-4.527075290679932
163,best,-5.434858798980713
164,best,-4.720484256744385
165,best,-4.479971408843994
166,best,-4.06010103225708
167,best,-3.8990299701690674
168,best,-5.513411045074463
169,best,-4.087069034576416
170,best,-5.718776702880859
171,best,-5.267416477203369
172,best,-4.898252487182617
173,best,-4.290184497833252
174,best,-4.141322612762451
175,best,-4.889091491699219
176,best,-4.506886959075928
177,best,-4.734971046447754
178,best,-3.537307024002075
179,best,-5.154105186462402
180,best,-3.7067432403564453
181,best,-4.168527603149414
182,best,-4.813612937927246
183,best,-4.648072719573975
184,best,-5.055654525756836
185,best,-5.2320556640625
186,best,-4.599205493927002
187,best,-6.1349921226501465
188,best,-4.47581672668457
189,best,-5.198611736297607
190,best,-5.955959320068359
191,best,-5.036646366119385
192,best,-5.26527214050293
193,best,-6.004034042358398
194,best,-5.070621967315674
195,best,-3.900221824645996
196,best,-5.373470306396484
197,best,-4.879647731781006
198,best,-4.705234050750732
199,best,-3.813720703125
200,best,-3.3060150146484375
201,best,-5.3433518409729
202,best,-3.1881351470947266
203,best,-3.3866448402404785
204,best,-3.40729022026062
205,best,-3.40729022026062
206,best,-4.427119255065918
207,best,-4.504271507263184
208,best,-5.314579010009766
209,best,-5.11342716217041
210,best,-4.781558036804199
211,best,-5.169798851013184
212,best,-4.51951265335083
213,best,-5.147253513336182
214,best,-3.8114993572235107
215,best,-4.730617046356201
216,best,-4.041652202606201
217,best,-4.2790117263793945
218,best,-5.206264972686768
219,best,-6.102391242980957
220,best,-4.279809951782227
221,best,-4.931548118591309
222,best,-4.473814487457275
223,best,-5.7642130851745605
224,best,-4.328273296356201
225,best,-4.872089862823486
226,best,-4.562865734100342
227,best,-4.9026780128479
228,best,-5.431829929351807
229,best,-5.388679504394531
230,best,-5.452126502990723
231,best,-5.238803863525391
232,best,-5.729287624359131
233,best,-5.248730182647705
234,best,-3.8261985778808594
235,best,-4.637322425842285
236,best,-5.473641872406006
237,best,-5.606536388397217
238,best,-5.579064846038818
239,best,-4.400087356567383
240,best,-4.609089374542236
241,best,-5.79550313949585
242,best,-5.568424224853516
243,best,-4.352960586547852
244,best,-4.8596320152282715
245,best,-4.990108966827393
246,best,-6.025065898895264
247,best,-5.264365196228027
248,best,-5.227123737335205
249,best,-5.345622539520264
250,best,-5.383933067321777
251,best,-5.521332263946533
252,best,-3.8261985778808594
253,best,-4.931548118591309
254,best,-4.931548118591309
255,best,-5.388679504394531
256,best,-5.843438148498535
257,best,-4.612521648406982
258,best,-4.8295135498046875
259,best,-4.3996500968933105
260,best,-5.093474864959717
261,best,-5.4393792152404785
262,best,-3.3522071838378906
263,best,-4.32011604309082
264,best,-4.8163628578186035
265,best,-4.790871620178223
266,best,-5.859830856323242
267,best,-4.51534366607666
268,best,-5.032533645629883
269,best,-4.9234466552734375
270,best,-4.989996433258057
271,best,-5.269378662109375
272,best,-5.563581466674805
273,best,-5.393763065338135
274,best,-5.241873264312744
275,best,-5.816096782684326
276,best,-5.17981481552124
277,best,-4.244460582733154
278,best,-4.334920406341553
279,best,-5.620226860046387
280,best,-5.582601070404053
281,best,-5.4240336418151855
282,best,-4.507577896118164
283,best,-4.582901954650879
284,best,-5.802135944366455
285,best,-5.4378275871276855
286,best,-4.3713836669921875
287,best,-4.678760051727295
288,best,-5.646572589874268
289,best,-5.518122673034668
290,best,-5.853328704833984
291,best,-5.192471504211426
292,best,-5.422209739685059
293,best,-5.769009590148926
294,best,-5.6961870193481445
295,best,-5.54489803314209
296,best,-5.664937496185303
297,best,-4.68453311920166
298,best,-5.334865570068359
299,best,-5.537516117095947
300,best,-5.334865570068359
301,best,-5.222079753875732
302,best,-5.541932582855225
303,best,-4.971331596374512
304,best,-5.341151714324951
305,best,-4.752528667449951
306,best,-4.572646141052246
307,best,-4.471359729766846
308,best,-5.264769077301025
309,best,-5.211049556732178
310,best,-5.54489803314209
311,best,-5.945825099945068
312,best,-5.226184844970703
313,best,-5.646572589874268
314,best,-5.467680931091309
315,best,-4.471359729766846
316,best,-5.2805657386779785
317,best,-5.798240661621094
318,best,-3.826575756072998
319,best,-5.682679176330566
320,best,-4.718035697937012
321,best,-5.646573543548584
322,best,-4.578316688537598
323,best,-4.8040547370910645
324,best,-4.617288112640381
325,best,-5.906129360198975
326,best,-4.434839248657227
327,best,-5.419775009155273
328,best,-5.2674736976623535
329,best,-4.466125011444092
330,best,-4.715322017669678
331,best,-5.4567551612854
332,best,-5.047087669372559
333,best,-5.871804237365723
334,best,-5.206119537353516
335,best,-5.358682632446289
336,best,-5.479501247406006
337,best,-5.63496208190918
338,best,-4.932521343231201
339,best,-5.547129154205322
340,best,-4.693150997161865
341,best,-4.91292667388916
342,best,-5.309168815612793
343,best,-4.91292667388916
344,best,-4.837098121643066
345,best,-5.459900856018066
346,best,-4.69859504699707
347,best,-5.640348434448242
348,best,-5.129240036010742
349,best,-5.025054931640625
350,best,-4.429102897644043
351,best,-5.528443813323975
352,best,-4.342196941375732
353,best,-5.153558731079102
354,best,-4.749120712280273
355,best,-5.060484409332275
356,best,-5.0870442390441895
357,best,-5.84753942489624
358,best,-5.290968418121338
359,best,-4.928128242492676
360,best,-5.228059768676758
361,best,-4.568807125091553
362,best,-5.018659591674805
363,best,-5.176459312438965
364,best,-5.565425395965576
365,best,-4.898150444030762
366,best,-5.191096782684326
367,best,-5.058965682983398
368,best,-5.45474100112915
369,best,-5.298225402832031
370,best,-3.7414932250976562
371,best,-4.725230693817139
372,best,-4.188134670257568
373,best,-4.7750420570373535
374,best,-4.400177955627441
375,best,-4.937467098236084
376,best,-5.136600494384766
377,best,-4.5455780029296875
378,best,-4.735159397125244
379,best,-4.237286567687988
380,best,-4.226384162902832
381,best,-5.433895111083984
382,best,-4.8863325119018555
383,best,-5.046372890472412
384,best,-5.283621311187744
385,best,-5.171499252319336
386,best,-5.058965682983398
387,best,-4.652381420135498
388,best,-5.052186965942383
389,best,-4.726471424102783
390,best,-5.41741418838501
391,best,-5.03898286819458
392,best,-4.804596900939941
393,best,-4.394462585449219
394,best,-5.546734809875488
395,best,-4.490255832672119
396,best,-5.156821250915527
397,best,-4.833840847015381
398,best,-4.9603657722473145
399,best,-5.094521999359131
400,best,-5.708098888397217
401,best,-5.135644435882568
402,best,-4.990055084228516
403,best,-4.994799613952637
404,best,-4.436354637145996
405,best,-4.8599653244018555
406,best,-5.0719757080078125
407,best,-5.425724029541016
408,best,-4.8214874267578125
409,best,-5.994028091430664
410,best,-4.658821105957031
411,best,-5.5356903076171875
412,best,-6.044029235839844
413,best,-4.500710964202881
414,best,-5.406688213348389
415,best,-5.162030220031738
416,best,-4.7410454750061035
417,best,-6.261611461639404
418,best,-5.167712211608887
419,best,-4.055506229400635
420,best,-4.472194671630859
421,best,-5.9416399002075195
422,best,-5.936837196350098
423,best,-4.956739902496338
424,best,-5.692523002624512
425,best,-5.618895530700684
426,best,-4.648627758026123
427,best,-4.965850830078125
428,best,-5.649501800537109
429,best,-5.803707599639893
430,best,-5.170812129974365
431,best,-5.813990116119385
432,best,-5.799920082092285
433,best,-6.043743133544922
434,best,-5.553244590759277
435,best,-5.435648441314697
436,best,-4.3171067237854
437,best,-4.682583808898926
438,best,-5.039735317230225
439,best,-5.892763614654541
440,best,-5.077542304992676
441,best,-5.453365802764893
442,best,-5.411863327026367
443,best,-5.525745868682861
444,best,-6.303595542907715
445,best,-6.497727870941162
446,best,-5.71823787689209
447,best,-5.73858118057251
448,best,-6.689201354980469
449,best,-4.011614799499512
450,best,-6.072476863861084
451,best,-5.751416206359863
452,best,-5.585007667541504
453,best,-4.839033126831055
454,best,-5.270246505737305
455,best,-5.968136310577393
456,best,-4.7751874923706055
457,best,-4.863559722900391
458,best,-4.836897373199463
459,best,-4.631183624267578
460,best,-5.83493709564209
461,best,-5.577560901641846
462,best,-3.964104413986206
463,best,-4.512478351593018
464,best,-5.728005409240723
465,best,-5.917023658752441
466,best,-4.6594696044921875
467,best,-5.411653995513916
468,best,-5.599216461181641
469,best,-4.827661991119385
470,best,-4.880123138427734
471,best,-5.372219085693359
472,best,-4.801543235778809
473,best,-6.019209384918213
474,best,-4.718679428100586
475,best,-5.319953918457031
476,best,-5.38714599609375
477,best,-4.167818546295166
478,best,-4.582451343536377
479,best,-4.888448238372803
480,best,-4.785192012786865
481,best,-4.8708930015563965
482,best,-4.745442867279053
483,best,-5.37125301361084
484,best,-4.669188499450684
485,best,-4.051192283630371
486,best,-4.882992744445801
487,best,-5.7085065841674805
488,best,-4.346086502075195
489,best,-4.849145412445068
490,best,-5.798293590545654
491,best,-4.505343914031982
492,best,-5.759871482849121
493,best,-5.053794860839844
494,best,-6.1238884925842285
495,best,-6.059009552001953
496,best,-4.918798923492432
497,best,-4.939486026763916
498,best,-5.52871036529541
499,best,-6.711141109466553
500,best,-4.785086154937744
501,best,-4.740591049194336
502,best,-6.400334358215332
503,best,-6.342161655426025
504,best,-4.219442367553711
505,best,-6.086881160736084
506,best,-5.973963260650635
507,best,-5.6610307693481445
508,best,-4.733622074127197
509,best,-5.991031646728516
510,best,-4.74560022354126
511,best,-6.282670021057129
512,best,-5.274322986602783
513,best,-6.22081995010376
514,best,-6.797788143157959
515,best,-5.736172676086426
516,best,-4.544155597686768
517,best,-4.945632457733154
518,best,-5.581397533416748
519,best,-4.637875556945801
520,best,-2.932626724243164
521,best,-4.418598175048828
522,best,-5.133721351623535
523,best,-5.963620662689209
524,best,-5.939881801605225
525,best,-6.475855827331543
526,best,-5.030175685882568
527,best,-6.588897705078125
528,best,-5.9102373123168945
529,best,-4.826927661895752
530,best,-5.042679309844971
531,best,-6.272518157958984
532,best,-5.42578125
533,best,-6.580712795257568
534,best,-6.759264945983887
535,best,-4.892072677612305
536,best,-4.716369152069092
537,best,-5.902281284332275
538,best,-5.375028133392334
539,best,-4.894555568695068
540,best,-5.015758991241455
541,best,-5.342792987823486
542,best,-6.397515296936035
543,best,-4.40476131439209
544,best,-4.668724060058594
545,best,-5.946336269378662
546,best,-6.1962175369262695
547,best,-4.141550540924072
548,best,-5.88657283782959
549,best,-5.624884128570557
550,best,-5.460850238800049
551,best,-4.792895793914795
552,best,-5.719486713409424
553,best,-4.751424789428711
554,best,-5.752347469329834
555,best,-6.535660266876221
556,best,-3.854078531265259
557,best,-4.833489418029785
558,best,-4.934937953948975
559,best,-5.314760684967041
560,best,-6.672057151794434
561,best,-5.998299598693848
562,best,-4.817535400390625
563,best,-6.050746440887451
564,best,-4.758129119873047
565,best,-5.052403926849365
566,best,-5.291003227233887
567,best,-6.480398654937744
568,best,-6.744883060455322
569,best,-4.191153049468994
570,best,-6.1261420249938965
571,best,-6.251926422119141
572,best,-5.318310737609863
573,best,-5.816418170928955
574,best,-6.877857208251953
575,best,-5.634072780609131
576,best,-6.1414313316345215
577,best,-5.327024936676025
578,best,-5.327024936676025
579,best,-3.5650508403778076
580,best,-5.314760684967041
581,best,-6.938255310058594
582,best,-3.9891982078552246
583,best,-6.97750997543335
584,best,-5.85460901260376
585,best,-5.771223545074463
586,best,-5.934194087982178
587,best,-4.6994404792785645
588,best,-6.725968360900879
589,best,-3.856121063232422
590,best,-6.896088600158691
591,best,-6.014357089996338
592,best,-5.397217273712158
593,best,-5.634072780609131
594,best,-5.662045955657959
595,best,-5.267691135406494
596,best,-6.503883361816406
597,best,-4.301821231842041
598,best,-5.95102596282959
599,best,-3.707714557647705
600,best,-4.699446201324463
601,best,-4.778323650360107
602,best,-5.157063007354736
603,best,-6.1273064613342285
604,best,-5.622121334075928
605,best,-4.676771640777588
606,best,-5.872457981109619
607,best,-4.591211318969727
608,best,-5.017096996307373
609,best,-5.249259948730469
610,best,-6.095566749572754
611,best,-6.216121196746826
612,best,-3.9970688819885254
613,best,-5.6056060791015625
614,best,-5.9386725425720215
615,best,-5.42159366607666
616,best,-5.407617092132568
617,best,-6.453731060028076
618,best,-5.093913555145264
619,best,-5.931859493255615
620,best,-5.465081214904785
621,best,-5.205928802490234
622,best,-4.240077972412109
623,best,-6.572845458984375
624,best,-6.104991436004639
625,best,-5.586136817932129
626,best,-5.046543598175049
627,best,-5.729898929595947
628,best,-6.094204425811768
629,best,-5.014050006866455
630,best,-4.619114398956299
631,best,-5.268617153167725
632,best,-5.6466965675354
633,best,-6.373309135437012
634,best,-5.607187747955322
635,best,-5.544166564941406
636,best,-6.434569358825684
637,best,-6.09996223449707
638,best,-6.233967304229736
639,best,-6.649059772491455
640,best,-4.523881435394287
641,best,-5.422793865203857
642,best,-5.147671699523926
643,best,-5.717166900634766
644,best,-5.467061519622803
645,best,-5.087065696716309
646,best,-5.771771430969238
647,best,-4.662253379821777
648,best,-4.003473281860352
649,best,-6.493083953857422
650,best,-6.413288593292236
651,best,-3.735241174697876
652,best,-6.1516265869140625
653,best,-6.2264628410339355
654,best,-5.552601337432861
655,best,-6.305637836456299
656,best,-4.641308307647705
657,best,-4.950551986694336
658,best,-6.8041090965271
659,best,-6.340973854064941
660,best,-4.0190253257751465
661,best,-4.793001174926758
662,best,-5.863385200500488
663,best,-5.488883018493652
664,best,-4.957945346832275
665,best,-4.438745498657227
666,best,-6.298897743225098
667,best,-5.802200794219971
668,best,-5.116030693054199
669,best,-4.963912487030029
670,best,-5.218051910400391
671,best,-5.975198268890381
672,best,-4.915595531463623
673,best,-4.289548873901367
674,best,-4.738463878631592
675,best,-5.516146659851074
676,best,-6.103058815002441
677,best,-5.556950569152832
678,best,-5.109379768371582
679,best,-5.980314254760742
680,best,-5.432825565338135
681,best,-6.014450550079346
682,best,-6.404780864715576
683,best,-5.1600117683410645
684,best,-7.026493072509766
685,best,-5.703354358673096
686,best,-7.310728073120117
687,best,-4.1642374992370605
688,best,-5.278558731079102
689,best,-6.319804668426514
690,best,-6.9506635665893555
691,best,-7.148962020874023
692,best,-7.171846866607666
693,best,-5.75200891494751
694,best,-6.763608455657959
695,best,-7.5437116622924805
696,best,-3.981578826904297
697,best,-7.126730918884277
698,best,-6.747460842132568
699,best,-8.140421867370605
700,best,-5.174808025360107
701,best,-5.425571918487549
702,best,-5.600112438201904
703,best,-7.110984802246094
704,best,-4.847575664520264
705,best,-5.394380569458008
706,best,-6.046457290649414
707,best,-7.111053466796875
708,best,-4.3111348152160645
709,best,-6.802801609039307
710,best,-5.960259437561035
711,best,-6.455770015716553
712,best,-5.965581893920898
713,best,-7.229024410247803
714,best,-4.700606346130371
715,best,-7.036484241485596
716,best,-6.5215935707092285
717,best,-5.4874587059021
718,best,-6.346367359161377
719,best,-7.192685604095459
720,best,-3.9536077976226807
721,best,-7.9774956703186035
722,best,-6.5867486000061035
723,best,-5.125441074371338
724,best,-5.947997093200684
725,best,-6.012389183044434
726,best,-4.6325364112854
727,best,-6.719963073730469
728,best,-5.350316524505615
729,best,-6.863011360168457
730,best,-3.959646463394165
731,best,-5.088995933532715
732,best,-5.2914910316467285
733,best,-6.5306243896484375
734,best,-6.693594455718994
735,best,-6.5150837898254395
736,best,-5.313978672027588
737,best,-6.970864772796631
738,best,-6.83155632019043
739,best,-4.1195759773254395
740,best,-6.671087741851807
741,best,-5.875171184539795
742,best,-7.192832946777344
743,best,-4.478540897369385
744,best,-6.814000129699707
745,best,-5.450364112854004
746,best,-4.928436279296875
747,best,-5.201144695281982
748,best,-5.364132881164551
749,best,-5.612161159515381
750,best,-5.049737453460693
751,best,-4.716013431549072
752,best,-5.179518699645996
753,best,-5.036752223968506
754,best,-6.90790319442749
755,best,-4.939269065856934
756,best,-5.542158603668213
757,best,-6.430975914001465
758,best,-6.620302200317383
759,best,-6.142423152923584
760,best,-5.0321197509765625
761,best,-6.440366744995117
762,best,-6.142031192779541
763,best,-4.60659122467041
764,best,-4.634081840515137
765,best,-6.022913932800293
766,best,-5.156534194946289
767,best,-5.973726272583008
768,best,-4.724479675292969
769,best,-4.848301410675049
770,best,-5.8325347900390625
771,best,-5.631697654724121
772,best,-5.018551349639893
773,best,-4.835024356842041
774,best,-4.926175117492676
775,best,-6.017302513122559
776,best,-5.357677936553955
777,best,-5.152256488800049
778,best,-4.6775031089782715
779,best,-6.889246940612793
780,best,-4.560345649719238
781,best,-5.852222442626953
782,best,-6.0272040367126465
783,best,-5.545679092407227
784,best,-4.15598726272583
785,best,-5.937653064727783
786,best,-4.965729713439941
787,best,-4.466352939605713
788,best,-3.9097633361816406
789,best,-5.114915370941162
790,best,-5.5082221031188965
791,best,-3.9846997261047363
792,best,-5.450150012969971
793,best,-5.147541046142578
794,best,-4.742963790893555
795,best,-4.003095626831055
796,best,-4.518631935119629
797,best,-4.050259590148926
798,best,-5.302865028381348
799,best,-5.7177534103393555
800,best,-5.231823444366455
801,best,-4.694850921630859
802,best,-3.4141430854797363
803,best,-5.7318034172058105
804,best,-5.317122936248779
805,best,-5.519384860992432
806,best,-4.9085869789123535
807,best,-3.3547089099884033
808,best,-3.572606086730957
809,best,-5.0944671630859375
810,best,-3.932126760482788
811,best,-5.691432952880859
812,best,-5.420259475708008
813,best,-5.660961627960205
814,best,-5.252042293548584
815,best,-6.11757755279541
816,best,-6.1181182861328125
817,best,-4.5334954261779785
818,best,-5.271833419799805
819,best,-3.7954368591308594
820,best,-3.901648998260498
821,best,-4.881991863250732
822,best,-4.979191780090332
823,best,-4.530725955963135
824,best,-6.141521453857422
825,best,-4.147622585296631
826,best,-4.331125736236572
827,best,-4.467034339904785
828,best,-5.907976150512695
829,best,-5.161795616149902
830,best,-4.971024513244629
831,best,-4.290670394897461
832,best,-5.417410850524902
833,best,-5.385509490966797
834,best,-4.284079551696777
835,best,-5.686497688293457
836,best,-5.220617294311523
837,best,-4.99250602722168
838,best,-4.2946343421936035
839,best,-4.742120265960693
840,best,-4.413095951080322
841,best,-4.976199626922607
842,best,-5.859951019287109
843,best,-5.474644660949707
844,best,-4.886294841766357
845,best,-3.749781847000122
846,best,-5.3576531410217285
847,best,-4.923904895782471
848,best,-4.81330680847168
849,best,-5.966689109802246
850,best,-6.098384857177734
851,best,-4.48819637298584
852,best,-5.140429496765137
853,best,-5.566237449645996
854,best,-5.137232303619385
855,best,-5.77870512008667
856,best,-5.70658540725708
857,best,-4.422148704528809
858,best,-5.966645240783691
859,best,-4.422148704528809
860,best,-4.247621059417725
861,best,-5.213869094848633
862,best,-5.546842575073242
863,best,-5.074151515960693
864,best,-5.399764060974121
865,best,-5.421977519989014
866,best,-6.530224800109863
867,best,-3.0733633041381836
868,best,-4.626695156097412
869,best,-4.165502071380615
870,best,-5.600376605987549
871,best,-5.380549907684326
872,best,-3.849738121032715
873,best,-6.123619079589844
874,best,-5.684798240661621
875,best,-5.421977519989014
876,best,-4.105185031890869
877,best,-5.667791843414307
878,best,-4.435641765594482
879,best,-5.6490960121154785
880,best,-4.877383232116699
881,best,-6.178230285644531
882,best,-5.708296775817871
883,best,-5.078878402709961
884,best,-4.823242664337158
885,best,-4.165502071380615
886,best,-4.403635501861572
887,best,-4.793931484222412
888,best,-5.966689586639404
889,best,-6.0356245040893555
890,best,-5.0675506591796875
891,best,-4.744590759277344
892,best,-5.349092483520508
893,best,-6.04669189453125
894,best,-4.713323593139648
895,best,-4.760979175567627
896,best,-5.621527671813965
897,best,-4.706894874572754
898,best,-5.770376205444336
899,best,-5.215516090393066
900,best,-4.625283241271973
901,best,-5.500850677490234
902,best,-4.625283241271973
903,best,-4.344346046447754
904,best,-5.251424789428711
905,best,-5.686714172363281
906,best,-5.291457176208496
907,best,-5.567023277282715
908,best,-5.5225114822387695
909,best,-6.353869438171387
910,best,-4.7274274826049805
911,best,-4.418420791625977
912,best,-4.6510772705078125
913,best,-5.229396820068359
914,best,-5.381241798400879
915,best,-4.6510772705078125
916,best,-4.995619773864746
917,best,-5.554009437561035
918,best,-3.9248239994049072
919,best,-4.365571022033691
920,best,-5.489018440246582
921,best,-5.89982795715332
922,best,-3.9249541759490967
923,best,-5.131401062011719
924,best,-4.7281036376953125
925,best,-5.361971855163574
926,best,-5.5291266441345215
927,best,-5.464461803436279
928,best,-5.280406951904297
929,best,-4.423328876495361
930,best,-5.494625568389893
931,best,-4.440760135650635
932,best,-4.949124813079834
933,best,-4.261857509613037
934,best,-5.118897438049316
935,best,-6.613977909088135
936,best,-5.013374328613281
937,best,-4.925818920135498
938,best,-4.0139546394348145
939,best,-4.570323467254639
940,best,-5.3889875411987305
941,best,-5.754854202270508
942,best,-6.148894786834717
943,best,-4.211425304412842
944,best,-4.984986305236816
945,best,-5.063292980194092
946,best,-4.819292068481445
947,best,-5.119572162628174
948,best,-3.834944486618042
949,best,-4.9811906814575195
950,best,-5.987414360046387
951,best,-4.946506977081299
952,best,-4.014527320861816
953,best,-5.240443706512451
954,best,-4.630504131317139
955,best,-4.776705741882324
956,best,-4.993869304656982
957,best,-5.401314735412598
958,best,-4.776705741882324
959,best,-5.035952568054199
960,best,-5.5322980880737305
961,best,-4.140061855316162
962,best,-4.690479278564453
963,best,-5.395573139190674
964,best,-5.617002964019775
965,best,-3.7896416187286377
966,best,-5.2840800285339355
967,best,-5.141038417816162
968,best,-5.374610424041748
969,best,-5.5398759841918945
970,best,-5.309323787689209
971,best,-5.622117519378662
972,best,-4.698963642120361
973,best,-4.23801851272583
974,best,-6.797469139099121
975,best,-6.762965679168701
976,best,-5.510434150695801
977,best,-5.156520843505859
978,best,-6.211978435516357
979,best,-5.69566535949707
980,best,-4.82900333404541
981,best,-6.289492130279541
982,best,-4.063547134399414
983,best,-5.3712005615234375
984,best,-5.56765604019165
985,best,-4.726893424987793
986,best,-4.897493362426758
987,best,-6.56600284576416
988,best,-5.109787940979004
989,best,-5.913084983825684
990,best,-5.860164165496826
991,best,-4.383057594299316
992,best,-4.679140090942383
993,best,-5.779910564422607
994,best,-4.100052833557129
995,best,-5.181516647338867
996,best,-5.538459300994873
997,best,-5.45619535446167
998,best,-5.798964977264404
999,best,-6.050870418548584
1000,best,-5.338597297668457
1001,best,-6.427329063415527
1002,best,-5.589196681976318
1003,best,-3.5632553100585938
1004,best,-6.920770168304443
1005,best,-4.959595203399658
1006,best,-4.716251850128174
1007,best,-6.303032398223877
1008,best,-5.77989387512207
1009,best,-5.082328796386719
1010,best,-4.35468864440918
1011,best,-4.540775299072266
1012,best,-4.939918518066406
1013,best,-4.855576515197754
1014,best,-5.6543684005737305
1015,best,-5.846630573272705
1016,best,-4.44688606262207
1017,best,-6.225337028503418
1018,best,-6.8879828453063965
1019,best,-4.924041748046875
1020,best,-5.490016460418701
1021,best,-5.87822961807251
1022,best,-5.378592491149902
1023,best,-4.953278064727783
1024,best,-5.7353901863098145
1025,best,-4.1406402587890625
1026,best,-5.240459442138672
1027,best,-5.4519572257995605
1028,best,-4.645829677581787
1029,best,-4.9315972328186035
1030,best,-5.356103897094727
1031,best,-5.383162498474121
1032,best,-5.737419605255127
1033,best,-5.460768699645996
1034,best,-4.652067184448242
1035,best,-4.451002597808838
1036,best,-5.612475872039795
1037,best,-5.718959331512451
1038,best,-4.423176288604736
1039,best,-4.508569717407227
1040,best,-5.757956504821777
1041,best,-5.673370838165283
1042,best,-4.201744079589844
1043,best,-5.778560638427734
1044,best,-5.029587745666504
1045,best,-5.249885559082031
1046,best,-5.8705153465271
1047,best,-4.7241530418396
1048,best,-4.579970836639404
1049,best,-5.4845404624938965
1050,best,-4.366597652435303
1051,best,-5.297065734863281
1052,best,-5.5666279792785645
1053,best,-5.861833095550537
1054,best,-5.132532119750977
1055,best,-5.452804088592529
1056,best,-4.390781879425049
1057,best,-6.083778381347656
1058,best,-6.3029890060424805
1059,best,-5.425684928894043
1060,best,-4.492588996887207
1061,best,-4.933323383331299
1062,best,-3.8883047103881836
1063,best,-5.736474990844727
1064,best,-5.9697465896606445
1065,best,-5.694493770599365
1066,best,-5.113797187805176
1067,best,-4.59319543838501
1068,best,-4.44340705871582
1069,best,-4.165984153747559
1070,best,-4.634096622467041
1071,best,-4.892416954040527
1072,best,-3.8499341011047363
1073,best,-4.94545316696167
1074,best,-6.161244869232178
1075,best,-4.648419380187988
1076,best,-4.033069610595703
1077,best,-3.4758503437042236
1078,best,-4.0512285232543945
1079,best,-3.8251876831054688
1080,best,-4.792933940887451
1081,best,-4.0967936515808105
1082,best,-5.20421838760376
1083,best,-4.1380839347839355
1084,best,-4.1380839347839355
1085,best,-4.758284091949463
1086,best,-4.26453161239624
1087,best,-4.686445713043213
1088,best,-4.190666675567627
1089,best,-4.6999664306640625
1090,best,-4.836282253265381
1091,best,-5.168141841888428
1092,best,-3.8105926513671875
1093,best,-4.908247470855713
1094,best,-4.634127140045166
1095,best,-5.765376567840576
1096,best,-3.382777690887451
1097,best,-5.792102336883545
1098,best,-5.251294136047363
1099,best,-4.652514457702637
1100,best,-4.818610668182373
1101,best,-4.3951416015625
1102,best,-5.695993900299072
1103,best,-4.694921493530273
1104,best,-5.39549446105957
1105,best,-4.404977321624756
1106,best,-6.015143394470215
1107,best,-5.47492790222168
1108,best,-4.655151844024658
1109,best,-5.255435943603516
1110,best,-5.651241302490234
1111,best,-3.793307304382324
1112,best,-5.738717555999756
1113,best,-5.27586555480957
1114,best,-4.249346733093262
1115,best,-3.763986349105835
1116,best,-5.47492790222168
1117,best,-4.494880676269531
1118,best,-4.010773658752441
1119,best,-3.89536452293396
1120,best,-3.4523868560791016
1121,best,-4.097727298736572
1122,best,-3.953967571258545
1123,best,-4.310523509979248
1124,best,-3.850670337677002
1125,best,-4.71680212020874
1126,best,-4.124176025390625
1127,best,-4.124176025390625
1128,best,-4.410646438598633
1129,best,-4.04872989654541
1130,best,-4.4225358963012695
1131,best,-3.844977855682373
1132,best,-4.471598148345947
1133,best,-4.260043144226074
1134,best,-4.6508355140686035
1135,best,-3.7918126583099365
1136,best,-4.575057029724121
1137,best,-4.194818019866943
1138,best,-5.433531761169434
1139,best,-6.03263521194458
1140,best,-5.386630535125732
1141,best,-4.22253942489624
1142,best,-3.7510342597961426
1143,best,-4.6796088218688965
1144,best,-5.332042217254639
1145,best,-5.324477672576904
1146,best,-4.338833332061768
1147,best,-4.504823207855225
1148,best,-6.237821578979492
1149,best,-5.324281692504883
1150,best,-5.574842929840088
1151,best,-5.846983432769775
1152,best,-4.708707332611084
1153,best,-5.211895942687988
1154,best,-4.149913311004639
1155,best,-5.846983432769775
1156,best,-5.440829753875732
1157,best,-5.788541793823242
1158,best,-6.187539577484131
1159,best,-5.594521522521973
1160,best,-5.653123378753662
1161,best,-6.070899486541748
1162,best,-4.526438236236572
1163,best,-4.004936218261719
1164,best,-5.021247386932373
1165,best,-6.518797397613525
1166,best,-6.070899486541748
1167,best,-4.627848148345947
1168,best,-5.2926225662231445
1169,best,-6.330018520355225
1170,best,-5.604051113128662
1171,best,-4.450576305389404
1172,best,-5.723304271697998
1173,best,-5.723304271697998
1174,best,-6.143674850463867
1175,best,-3.288116693496704
1176,best,-3.9048914909362793
1177,best,-4.764896392822266
1178,best,-5.125162124633789
1179,best,-4.619510173797607
1180,best,-5.060944557189941
1181,best,-5.021247386932373
1182,best,-5.335328102111816
1183,best,-4.597958087921143
1184,best,-3.850046157836914
1185,best,-3.590282917022705
1186,best,-4.552617073059082
1187,best,-4.70388650894165
1188,best,-5.1028594970703125
1189,best,-3.8997998237609863
1190,best,-4.29561710357666
1191,best,-5.794453144073486
1192,best,-4.940968990325928
1193,best,-4.889365196228027
1194,best,-4.949574947357178
1195,best,-4.419703006744385
1196,best,-4.772774696350098
1197,best,-3.895305633544922
1198,best,-4.949574947357178
1199,best,-4.89314603805542
1200,best,-5.129818439483643
1201,best,-5.6222357749938965
1202,best,-5.500569820404053
1203,best,-5.329078674316406
1204,best,-5.439640045166016
1205,best,-5.033635139465332
1206,best,-3.922112464904785
1207,best,-4.935304641723633
1208,best,-5.617256164550781
1209,best,-5.9849042892456055
1210,best,-5.251529216766357
1211,best,-5.01580286026001
1212,best,-5.539368629455566
1213,best,-5.517117500305176
1214,best,-4.403790473937988
1215,best,-3.9489545822143555
1216,best,-5.141421794891357
1217,best,-4.839680194854736
1218,best,-4.750801086425781
1219,best,-5.518721580505371
1220,best,-4.410585880279541
1221,best,-5.524402618408203
1222,best,-4.920772075653076
1223,best,-4.62854528427124
1224,best,-3.951319456100464
1225,best,-5.340653419494629
1226,best,-4.84446907043457
1227,best,-5.204048156738281
1228,best,-5.497622013092041
1229,best,-4.589524269104004
1230,best,-4.232717514038086
1231,best,-5.096952438354492
1232,best,-5.14897346496582
1233,best,-5.849403381347656
1234,best,-4.698370456695557
1235,best,-6.356080055236816
1236,best,-4.464304447174072
1237,best,-5.817455291748047
1238,best,-6.12633752822876
1239,best,-4.894686698913574
1240,best,-4.403451919555664
1241,best,-5.281984806060791
1242,best,-5.026899814605713
1243,best,-5.011071681976318
1244,best,-4.521921157836914
1245,best,-5.16301155090332
1246,best,-5.1621904373168945
1247,best,-5.20978307723999
1248,best,-5.051297664642334
1249,best,-3.7213292121887207
1250,best,-4.674288749694824
1251,best,-5.325331687927246
1252,best,-5.570356369018555
1253,best,-5.264626502990723
1254,best,-5.069701194763184
1255,best,-5.55419397354126
1256,best,-5.383851528167725
1257,best,-4.055592060089111
1258,best,-3.9830830097198486
1259,best,-4.969390869140625
1260,best,-4.65489387512207
1261,best,-4.356971263885498
1262,best,-5.301366806030273
1263,best,-4.160534381866455
1264,best,-5.084448337554932
1265,best,-5.596346378326416
1266,best,-4.731531620025635
1267,best,-5.4147725105285645
1268,best,-4.7810163497924805
1269,best,-5.187859058380127
1270,best,-5.504546642303467
1271,best,-6.5298848152160645
1272,best,-4.572719097137451
1273,best,-5.610056400299072
1274,best,-5.7628278732299805
1275,best,-4.995635986328125
1276,best,-5.796991348266602
1277,best,-4.335792064666748
1278,best,-4.501801013946533
1279,best,-5.475523471832275
1280,best,-4.639831066131592
1281,best,-5.441125392913818
1282,best,-6.234547138214111
1283,best,-6.276278972625732
1284,best,-4.256486415863037
1285,best,-6.868213653564453
1286,best,-4.737163066864014
1287,best,-7.561023712158203
1288,best,-5.282660007476807
1289,best,-5.850908279418945
1290,best,-5.943074703216553
1291,best,-6.135164737701416
1292,best,-5.3389081954956055
1293,best,-5.826298236846924
1294,best,-6.990762233734131
1295,best,-5.414772987365723
1296,best,-7.4035186767578125
1297,best,-6.509106159210205
1298,best,-4.9740777015686035
1299,best,-5.506282806396484
1300,best,-4.639831066131592
1301,best,-4.806737422943115
1302,best,-5.955703258514404
1303,best,-5.303210735321045
1304,best,-5.581697463989258
1305,best,-6.203711032867432
1306,best,-5.576465129852295
1307,best,-4.898631572723389
1308,best,-4.953455448150635
1309,best,-4.10617208480835
1310,best,-5.436993598937988
1311,best,-4.400212287902832
1312,best,-5.0679779052734375
1313,best,-5.270444869995117
1314,best,-6.016273498535156
1315,best,-4.500512599945068
1316,best,-5.162906646728516
1317,best,-5.378396987915039
1318,best,-4.295807361602783
1319,best,-5.170721530914307
1320,best,-4.1544904708862305
1321,best,-4.225218772888184
1322,best,-4.684693813323975
1323,best,-4.091498374938965
1324,best,-5.015032768249512
1325,best,-5.3584136962890625
1326,best,-6.027679920196533
1327,best,-4.131568908691406
1328,best,-4.215313911437988
1329,best,-5.288784027099609
1330,best,-5.288784027099609
1331,best,-6.143840789794922
1332,best,-6.152553558349609
1333,best,-4.352721214294434
1334,best,-5.768369197845459
1335,best,-4.889392375946045
1336,best,-4.374135494232178
1337,best,-5.197803497314453
1338,best,-3.467364549636841
1339,best,-5.155018329620361
1340,best,-4.877533435821533
1341,best,-6.067264556884766
1342,best,-5.69788932800293
1343,best,-4.832564353942871
1344,best,-5.990893363952637
1345,best,-4.718175411224365
1346,best,-4.3674845695495605
1347,best,-4.861331462860107
1348,best,-4.979740619659424
1349,best,-4.935170650482178
1350,best,-4.5326104164123535
1351,best,-4.220234394073486
1352,best,-5.361659049987793
1353,best,-3.1245837211608887
1354,best,-5.009383201599121
1355,best,-3.7687792778015137
1356,best,-4.879426956176758
1357,best,-4.164854049682617
1358,best,-4.878915309906006
1359,best,-4.277629375457764
1360,best,-4.333040237426758
1361,best,-3.8950107097625732
1362,best,-3.7212929725646973
1363,best,-5.101116180419922
1364,best,-5.066131591796875
1365,best,-5.018613815307617
1366,best,-4.769416809082031
1367,best,-5.081422805786133
