item_id,model_state,dative,score
1,initial,pp,-8.083403587341309
2,initial,pp,-8.379532814025879
3,initial,pp,-7.860589504241943
4,initial,pp,-8.680264472961426
5,initial,pp,-7.586614608764648
6,initial,pp,-7.862400531768799
7,initial,pp,-8.403338432312012
8,initial,pp,-7.716367721557617
9,initial,pp,-7.12041711807251
10,initial,pp,-7.932028293609619
11,initial,pp,-6.88859224319458
12,initial,pp,-5.92334508895874
13,initial,pp,-8.018845558166504
14,initial,pp,-5.999583721160889
15,initial,pp,-7.936527252197266
16,initial,pp,-7.716367721557617
17,initial,pp,-8.44045352935791
18,initial,pp,-7.741461277008057
19,initial,pp,-7.7398681640625
20,initial,pp,-7.346456050872803
21,initial,pp,-8.135017395019531
22,initial,pp,-7.025984764099121
23,initial,pp,-8.634798049926758
24,initial,pp,-8.256682395935059
25,initial,pp,-8.608400344848633
26,initial,pp,-8.389910697937012
27,initial,pp,-8.157389640808105
28,initial,pp,-7.865926265716553
29,initial,pp,-8.268094062805176
30,initial,pp,-8.441105842590332
31,initial,pp,-8.180277824401855
32,initial,pp,-8.256682395935059
33,initial,pp,-8.440207481384277
34,initial,pp,-8.954951286315918
35,initial,pp,-6.363933563232422
36,initial,pp,-6.793694972991943
37,initial,pp,-8.268094062805176
38,initial,pp,-7.5240864753723145
39,initial,pp,-9.134096145629883
40,initial,pp,-8.398392677307129
41,initial,pp,-7.463137149810791
42,initial,pp,-7.1272430419921875
43,initial,pp,-6.27414608001709
44,initial,pp,-7.770687103271484
45,initial,pp,-8.355539321899414
46,initial,pp,-7.387925624847412
47,initial,pp,-8.02564811706543
48,initial,pp,-7.400458812713623
49,initial,pp,-6.787687301635742
50,initial,pp,-6.845963001251221
51,initial,pp,-7.679031848907471
52,initial,pp,-6.464815616607666
53,initial,pp,-7.985805034637451
54,initial,pp,-7.636009216308594
55,initial,pp,-7.250762939453125
56,initial,pp,-6.277534484863281
57,initial,pp,-5.91679573059082
58,initial,pp,-7.56060266494751
59,initial,pp,-7.282858848571777
60,initial,pp,-7.849350929260254
61,initial,pp,-8.485620498657227
62,initial,pp,-8.143546104431152
63,initial,pp,-8.188796043395996
64,initial,pp,-8.335749626159668
65,initial,pp,-7.393335342407227
66,initial,pp,-8.16569995880127
67,initial,pp,-6.340791702270508
68,initial,pp,-8.608084678649902
69,initial,pp,-8.545186996459961
70,initial,pp,-7.903078556060791
71,initial,pp,-5.817601680755615
72,initial,pp,-8.201464653015137
73,initial,pp,-8.067403793334961
74,initial,pp,-9.0634183883667
75,initial,pp,-8.153340339660645
76,initial,pp,-7.514793872833252
77,initial,pp,-7.075113296508789
78,initial,pp,-6.384918212890625
79,initial,pp,-7.629563808441162
80,initial,pp,-8.682229995727539
81,initial,pp,-8.238109588623047
82,initial,pp,-6.686525821685791
83,initial,pp,-7.1336846351623535
84,initial,pp,-6.630200386047363
85,initial,pp,-6.686525821685791
86,initial,pp,-6.901732444763184
87,initial,pp,-7.089635372161865
88,initial,pp,-6.474750518798828
89,initial,pp,-7.03751277923584
90,initial,pp,-6.747713565826416
91,initial,pp,-6.574305534362793
92,initial,pp,-8.645594596862793
93,initial,pp,-6.813691139221191
94,initial,pp,-6.6228790283203125
95,initial,pp,-6.632593631744385
96,initial,pp,-7.025422096252441
97,initial,pp,-8.413758277893066
98,initial,pp,-8.364553451538086
99,initial,pp,-7.3288421630859375
100,initial,pp,-7.904261112213135
101,initial,pp,-6.423734664916992
102,initial,pp,-7.6497483253479
103,initial,pp,-7.746523857116699
104,initial,pp,-6.965908527374268
105,initial,pp,-7.597159385681152
106,initial,pp,-8.032242774963379
107,initial,pp,-6.874461650848389
108,initial,pp,-7.946652889251709
109,initial,pp,-7.56483793258667
110,initial,pp,-8.124494552612305
111,initial,pp,-7.546692848205566
112,initial,pp,-7.511209011077881
113,initial,pp,-7.509389400482178
114,initial,pp,-6.534295082092285
115,initial,pp,-7.700387477874756
116,initial,pp,-6.816613674163818
117,initial,pp,-8.195655822753906
118,initial,pp,-6.8511762619018555
119,initial,pp,-7.988663196563721
120,initial,pp,-8.137937545776367
121,initial,pp,-7.682775497436523
122,initial,pp,-8.098503112792969
123,initial,pp,-6.926906585693359
124,initial,pp,-8.18605899810791
125,initial,pp,-7.22322940826416
126,initial,pp,-7.481494426727295
127,initial,pp,-6.459272861480713
128,initial,pp,-8.162440299987793
129,initial,pp,-7.149790287017822
130,initial,pp,-6.645328521728516
131,initial,pp,-7.149790287017822
132,initial,pp,-8.098504066467285
133,initial,pp,-8.165792465209961
134,initial,pp,-7.282289981842041
135,initial,pp,-8.098504066467285
136,initial,pp,-7.481494426727295
137,initial,pp,-7.8338847160339355
138,initial,pp,-5.9447526931762695
139,initial,pp,-7.4646525382995605
140,initial,pp,-7.874853610992432
141,initial,pp,-7.386993408203125
142,initial,pp,-7.530435085296631
143,initial,pp,-7.386600494384766
144,initial,pp,-7.719324111938477
145,initial,pp,-6.368143558502197
146,initial,pp,-7.143992900848389
147,initial,pp,-7.910726547241211
148,initial,pp,-7.444453239440918
149,initial,pp,-6.853839874267578
150,initial,pp,-6.080504894256592
151,initial,pp,-8.042224884033203
152,initial,pp,-7.053845405578613
153,initial,pp,-7.318315505981445
154,initial,pp,-7.232247352600098
155,initial,pp,-7.373780727386475
156,initial,pp,-6.642495155334473
157,initial,pp,-6.288141250610352
158,initial,pp,-6.589682102203369
159,initial,pp,-7.138338088989258
160,initial,pp,-7.809689521789551
161,initial,pp,-8.75136947631836
162,initial,pp,-7.383926868438721
163,initial,pp,-8.38802433013916
164,initial,pp,-7.009952545166016
165,initial,pp,-7.304964542388916
166,initial,pp,-5.769900798797607
167,initial,pp,-7.520792007446289
168,initial,pp,-8.918377876281738
169,initial,pp,-7.555368900299072
170,initial,pp,-6.908396244049072
171,initial,pp,-8.38802433013916
172,initial,pp,-5.981464862823486
173,initial,pp,-6.828268051147461
174,initial,pp,-8.631805419921875
175,initial,pp,-6.659024238586426
176,initial,pp,-7.304964542388916
177,initial,pp,-7.8603973388671875
178,initial,pp,-8.669473648071289
179,initial,pp,-6.460015773773193
180,initial,pp,-8.585665702819824
181,initial,pp,-7.5207600593566895
182,initial,pp,-7.795683860778809
183,initial,pp,-6.642947196960449
184,initial,pp,-7.384265899658203
185,initial,pp,-6.836064338684082
186,initial,pp,-6.694178581237793
187,initial,pp,-6.188756942749023
188,initial,pp,-6.326776504516602
189,initial,pp,-6.513321399688721
190,initial,pp,-5.501313209533691
191,initial,pp,-6.768580436706543
192,initial,pp,-7.058416843414307
193,initial,pp,-6.835629463195801
194,initial,pp,-6.676910400390625
195,initial,pp,-6.9228925704956055
196,initial,pp,-6.303311347961426
197,initial,pp,-7.779336929321289
198,initial,pp,-6.517975807189941
199,initial,pp,-6.395446300506592
200,initial,pp,-8.027149200439453
201,initial,pp,-5.974078178405762
202,initial,pp,-5.99354887008667
203,initial,pp,-8.421095848083496
204,initial,pp,-7.440365314483643
205,initial,pp,-7.991683006286621
206,initial,pp,-7.159560203552246
207,initial,pp,-7.530087947845459
208,initial,pp,-6.680502891540527
209,initial,pp,-7.6032843589782715
210,initial,pp,-6.908899784088135
211,initial,pp,-8.065665245056152
212,initial,pp,-7.075647354125977
213,initial,pp,-7.090579032897949
214,initial,pp,-7.765122413635254
215,initial,pp,-7.330695152282715
216,initial,pp,-6.078297138214111
217,initial,pp,-7.224554538726807
218,initial,pp,-7.595067501068115
219,initial,pp,-7.304847717285156
220,initial,pp,-7.400639057159424
221,initial,do,-8.278749465942383
222,initial,do,-7.952452659606934
223,initial,do,-7.13309907913208
224,initial,do,-6.83745002746582
225,initial,do,-8.153585433959961
226,initial,do,-7.380018711090088
227,initial,do,-8.054770469665527
228,initial,do,-8.661579132080078
229,initial,do,-8.313272476196289
230,initial,do,-7.990070819854736
231,initial,do,-7.782331943511963
232,initial,do,-8.089895248413086
233,initial,do,-8.053645133972168
234,initial,do,-8.661579132080078
235,initial,do,-6.501399993896484
236,initial,do,-7.551258563995361
237,initial,do,-7.863311290740967
238,initial,do,-7.6411452293396
239,initial,do,-8.120478630065918
240,initial,do,-7.338390350341797
241,initial,do,-8.053645133972168
242,initial,do,-8.03328800201416
243,initial,do,-8.401555061340332
244,initial,do,-7.6411452293396
245,initial,do,-8.440349578857422
246,initial,do,-6.433840751647949
247,initial,do,-8.034423828125
248,initial,do,-7.916053771972656
249,initial,do,-7.741978645324707
250,initial,do,-7.326508045196533
251,initial,do,-7.810245990753174
252,initial,do,-7.42577600479126
253,initial,do,-8.365620613098145
254,initial,do,-8.229901313781738
255,initial,do,-8.51620864868164
256,initial,do,-8.118498802185059
257,initial,do,-7.458982467651367
258,initial,do,-8.229901313781738
259,initial,do,-6.241067886352539
260,initial,do,-7.810245990753174
261,initial,do,-7.326508045196533
262,initial,do,-6.156378746032715
263,initial,do,-7.961727619171143
264,initial,pp,-7.488566875457764
265,initial,pp,-7.784745216369629
266,initial,pp,-7.092266082763672
267,initial,pp,-6.581428527832031
268,initial,pp,-7.510707855224609
269,initial,pp,-7.3145341873168945
270,initial,pp,-7.449831962585449
271,initial,pp,-7.906900405883789
272,initial,pp,-7.91493558883667
273,initial,pp,-7.369637966156006
274,initial,pp,-7.5286760330200195
275,initial,pp,-7.468670845031738
276,initial,pp,-7.721795082092285
277,initial,pp,-7.906900405883789
278,initial,pp,-6.41434907913208
279,initial,pp,-7.179553985595703
280,initial,pp,-7.542684078216553
281,initial,pp,-7.036254405975342
282,initial,pp,-7.4545440673828125
283,initial,pp,-7.108075141906738
284,initial,do,-7.7292962074279785
285,initial,do,-6.733847141265869
286,initial,do,-8.280579566955566
287,initial,do,-7.632258415222168
288,initial,do,-7.918271541595459
289,initial,do,-6.941017150878906
290,initial,do,-6.796638011932373
291,initial,do,-8.072532653808594
292,initial,do,-7.918271541595459
293,initial,do,-7.298518657684326
294,initial,do,-6.411823749542236
295,initial,do,-7.626875877380371
296,initial,do,-6.464983940124512
297,initial,do,-7.8565592765808105
298,initial,do,-7.688844203948975
299,initial,do,-7.630465030670166
300,initial,do,-7.78558349609375
301,initial,do,-7.097568511962891
302,initial,do,-7.652211666107178
303,initial,do,-7.455131530761719
304,initial,do,-7.199180603027344
305,initial,do,-6.796638011932373
306,initial,do,-7.421875
307,initial,do,-7.194094657897949
308,initial,do,-7.632258415222168
309,initial,do,-7.177340507507324
310,initial,do,-6.142127990722656
311,initial,do,-7.863781452178955
312,initial,do,-7.632258415222168
313,initial,do,-8.303083419799805
314,initial,do,-6.678513526916504
315,initial,do,-7.672520637512207
316,initial,do,-7.836063385009766
317,initial,do,-8.659139633178711
318,initial,do,-6.142127990722656
319,initial,do,-7.097568511962891
320,initial,do,-6.947932243347168
321,initial,do,-6.958072662353516
322,initial,do,-8.280579566955566
323,initial,do,-8.329894065856934
324,initial,do,-7.666072368621826
325,initial,do,-8.272018432617188
326,initial,do,-7.335929870605469
327,initial,pp,-7.340646266937256
328,initial,pp,-6.789704322814941
329,initial,pp,-7.975747108459473
330,initial,pp,-7.557258605957031
331,initial,pp,-7.834235668182373
332,initial,pp,-6.855264186859131
333,initial,pp,-6.807480812072754
334,initial,pp,-7.898614406585693
335,initial,pp,-7.834235668182373
336,initial,pp,-7.343094825744629
337,initial,pp,-6.665212154388428
338,initial,pp,-7.503653049468994
339,initial,pp,-6.775334358215332
340,initial,pp,-7.658891677856445
341,initial,pp,-7.517159461975098
342,initial,pp,-7.498488426208496
343,initial,pp,-7.837378025054932
344,initial,pp,-7.046881675720215
345,initial,pp,-7.463820457458496
346,initial,pp,-7.360709190368652
347,initial,do,-6.803911209106445
348,initial,do,-5.908732891082764
349,initial,do,-6.932390213012695
350,initial,do,-6.026175022125244
351,initial,do,-6.656225204467773
352,initial,do,-6.848124980926514
353,initial,do,-7.081729412078857
354,initial,do,-6.91432523727417
355,initial,do,-7.288380146026611
356,initial,do,-7.16280460357666
357,initial,do,-6.94896936416626
358,initial,do,-6.985548973083496
359,initial,do,-6.294172763824463
360,initial,do,-7.115683555603027
361,initial,do,-6.712379455566406
362,initial,do,-6.372090816497803
363,initial,do,-7.13646125793457
364,initial,do,-7.308150291442871
365,initial,do,-7.195679664611816
366,initial,do,-6.253849506378174
367,initial,do,-6.558816432952881
368,initial,do,-6.404919624328613
369,initial,do,-6.887677192687988
370,initial,do,-6.089098930358887
371,initial,do,-6.966485977172852
372,initial,do,-7.717624187469482
373,initial,do,-6.680027961730957
374,initial,do,-6.746921062469482
375,initial,do,-5.594494819641113
376,initial,do,-7.225805282592773
377,initial,do,-6.32503080368042
378,initial,do,-7.2104973793029785
379,initial,do,-6.739372253417969
380,initial,do,-6.869207382202148
381,initial,do,-7.227633476257324
382,initial,do,-7.090476989746094
383,initial,do,-6.288731098175049
384,initial,do,-6.966485977172852
385,initial,do,-6.424468040466309
386,initial,do,-6.680027484893799
387,initial,do,-6.938564300537109
388,initial,do,-6.511355400085449
389,initial,do,-6.727386474609375
390,initial,pp,-6.839325904846191
391,initial,pp,-5.796787738800049
392,initial,pp,-6.783914089202881
393,initial,pp,-5.96107292175293
394,initial,pp,-6.960121154785156
395,initial,pp,-6.717794895172119
396,initial,pp,-7.015407562255859
397,initial,pp,-6.823197841644287
398,initial,pp,-7.188372611999512
399,initial,pp,-6.998891353607178
400,initial,pp,-7.041182041168213
401,initial,pp,-7.002923488616943
402,initial,pp,-6.4109930992126465
403,initial,pp,-7.2456560134887695
404,initial,pp,-6.924369812011719
405,initial,pp,-6.39511775970459
406,initial,pp,-7.236437797546387
407,initial,pp,-7.394554138183594
408,initial,pp,-7.344273567199707
409,initial,pp,-6.351766586303711
410,initial,do,-7.787906646728516
411,initial,do,-7.598806858062744
412,initial,do,-7.936131954193115
413,initial,do,-8.98873233795166
414,initial,do,-8.552850723266602
415,initial,do,-7.414674282073975
416,initial,do,-7.4953227043151855
417,initial,do,-8.205738067626953
418,initial,do,-5.862293243408203
419,initial,do,-7.544208526611328
420,initial,do,-7.783323287963867
421,initial,do,-8.247556686401367
422,initial,do,-8.712813377380371
423,initial,do,-8.614556312561035
424,initial,do,-7.327733516693115
425,initial,do,-8.440852165222168
426,initial,do,-6.92441463470459
427,initial,do,-7.675144672393799
428,initial,do,-7.4873809814453125
429,initial,do,-7.762211322784424
430,initial,do,-8.783113479614258
431,initial,do,-7.322969436645508
432,initial,do,-7.675144672393799
433,initial,do,-7.491570472717285
434,initial,do,-8.802192687988281
435,initial,do,-7.3847479820251465
436,initial,do,-8.106316566467285
437,initial,do,-8.580781936645508
438,initial,do,-7.186127662658691
439,initial,do,-8.701298713684082
440,initial,do,-8.25461483001709
441,initial,do,-8.127276420593262
442,initial,do,-8.652458190917969
443,initial,do,-8.220176696777344
444,initial,do,-7.632574081420898
445,initial,do,-7.488295555114746
446,initial,do,-8.440852165222168
447,initial,do,-8.174939155578613
448,initial,do,-6.951526641845703
449,initial,do,-7.490818500518799
450,initial,do,-8.230400085449219
451,initial,do,-8.445772171020508
452,initial,do,-8.055949211120605
453,initial,pp,-7.638550281524658
454,initial,pp,-7.30309534072876
455,initial,pp,-7.692372798919678
456,initial,pp,-8.183796882629395
457,initial,pp,-7.9156718254089355
458,initial,pp,-6.878037929534912
459,initial,pp,-7.125589370727539
460,initial,pp,-8.043743133544922
461,initial,pp,-6.0244855880737305
462,initial,pp,-7.18852424621582
463,initial,pp,-7.77051305770874
464,initial,pp,-7.887028694152832
465,initial,pp,-8.217671394348145
466,initial,pp,-8.104192733764648
467,initial,pp,-7.065484523773193
468,initial,pp,-8.025580406188965
469,initial,pp,-6.635341644287109
470,initial,pp,-7.714847564697266
471,initial,pp,-7.056145191192627
472,initial,pp,-8.109241485595703
473,initial,pp,-7.037985801696777
474,initial,pp,-7.8936944007873535
475,initial,pp,-7.497212886810303
476,initial,pp,-7.160521507263184
477,initial,pp,-6.120333671569824
478,initial,pp,-7.284939289093018
479,initial,pp,-7.069836616516113
480,initial,pp,-6.796334743499756
481,initial,pp,-7.472542762756348
482,initial,pp,-7.480780601501465
483,initial,pp,-6.712552070617676
484,initial,pp,-8.043304443359375
485,initial,pp,-7.822551250457764
486,initial,pp,-6.870687961578369
487,initial,pp,-7.808042049407959
488,initial,pp,-6.550506114959717
489,initial,pp,-6.645004749298096
490,initial,pp,-7.354646682739258
491,initial,pp,-6.621580123901367
492,initial,pp,-7.134096145629883
493,initial,do,-7.94773006439209
494,initial,do,-8.19611930847168
495,initial,do,-9.298020362854004
496,initial,do,-9.215283393859863
497,initial,do,-10.29324722290039
498,initial,do,-6.1273908615112305
499,initial,do,-8.889850616455078
500,initial,do,-9.555503845214844
501,initial,do,-7.618826389312744
502,initial,do,-6.78900146484375
503,initial,do,-9.338601112365723
504,initial,do,-8.203320503234863
505,initial,do,-9.538382530212402
506,initial,do,-8.286019325256348
507,initial,do,-9.870281219482422
508,initial,do,-9.609037399291992
509,initial,do,-9.154294967651367
510,initial,do,-8.247775077819824
511,initial,do,-7.929629802703857
512,initial,do,-8.532676696777344
513,initial,do,-7.625826358795166
514,initial,do,-9.229199409484863
515,initial,do,-9.203389167785645
516,initial,do,-9.76452922821045
517,initial,do,-8.459988594055176
518,initial,do,-10.500341415405273
519,initial,do,-9.2457914352417
520,initial,do,-8.147394180297852
521,initial,do,-9.175130844116211
522,initial,do,-8.40990161895752
523,initial,do,-7.65873908996582
524,initial,do,-8.598170280456543
525,initial,do,-9.493176460266113
526,initial,do,-9.41118335723877
527,initial,do,-7.464865207672119
528,initial,do,-9.424346923828125
529,initial,do,-9.424346923828125
530,initial,do,-9.859393119812012
531,initial,do,-9.932198524475098
532,initial,do,-10.033438682556152
533,initial,do,-9.434090614318848
534,initial,do,-7.967626094818115
535,initial,do,-7.616831302642822
536,initial,pp,-7.668855667114258
537,initial,pp,-8.018442153930664
538,initial,pp,-8.343315124511719
539,initial,pp,-8.22697925567627
540,initial,pp,-9.606788635253906
541,initial,pp,-6.01173210144043
542,initial,pp,-8.49217414855957
543,initial,pp,-8.97978687286377
544,initial,pp,-7.005183696746826
545,initial,pp,-6.458284854888916
546,initial,pp,-8.598053932189941
547,initial,pp,-7.359177589416504
548,initial,pp,-8.976664543151855
549,initial,pp,-7.59528112411499
550,initial,pp,-9.012406349182129
551,initial,pp,-8.823843955993652
552,initial,pp,-8.222418785095215
553,initial,pp,-7.592947959899902
554,initial,pp,-7.18890380859375
555,initial,pp,-8.938036918640137
556,initial,do,-7.8518757820129395
557,initial,do,-9.54200553894043
558,initial,do,-7.823688983917236
559,initial,do,-9.115145683288574
560,initial,do,-9.67108154296875
561,initial,do,-7.992639064788818
562,initial,do,-7.570315361022949
563,initial,do,-9.128423690795898
564,initial,do,-9.54200553894043
565,initial,do,-9.164666175842285
566,initial,do,-6.430567264556885
567,initial,do,-6.853968143463135
568,initial,do,-7.5891828536987305
569,initial,do,-7.983233451843262
570,initial,do,-6.627421855926514
571,initial,do,-8.774564743041992
572,initial,do,-8.580526351928711
573,initial,do,-8.910429000854492
574,initial,do,-8.910429000854492
575,initial,do,-9.112927436828613
576,initial,do,-8.234295845031738
577,initial,do,-7.855460166931152
578,initial,do,-8.580526351928711
579,initial,do,-8.072066307067871
580,initial,do,-7.540271759033203
581,initial,do,-7.5891828536987305
582,initial,do,-9.385027885437012
583,initial,do,-6.845113277435303
584,initial,do,-7.285227298736572
585,initial,do,-9.220209121704102
586,initial,do,-8.303147315979004
587,initial,do,-7.942552089691162
588,initial,do,-6.845113277435303
589,initial,do,-7.9432525634765625
590,initial,do,-7.594666957855225
591,initial,do,-8.697991371154785
592,initial,do,-8.467387199401855
593,initial,do,-8.697991371154785
594,initial,do,-8.795988082885742
595,initial,do,-7.823688983917236
596,initial,do,-9.548697471618652
597,initial,do,-7.5891828536987305
598,initial,do,-9.164666175842285
599,initial,pp,-7.5929436683654785
600,initial,pp,-9.34660530090332
601,initial,pp,-7.816927433013916
602,initial,pp,-9.247718811035156
603,initial,pp,-8.858784675598145
604,initial,pp,-7.96191930770874
605,initial,pp,-7.1085004806518555
606,initial,pp,-8.541043281555176
607,initial,pp,-9.34660530090332
608,initial,pp,-8.550549507141113
609,initial,pp,-6.5292229652404785
610,initial,pp,-6.896144866943359
611,initial,pp,-7.364179611206055
612,initial,pp,-8.029838562011719
613,initial,pp,-6.480224609375
614,initial,pp,-8.233342170715332
615,initial,pp,-8.930129051208496
616,initial,pp,-8.706043243408203
617,initial,pp,-8.706043243408203
618,initial,pp,-9.118521690368652
619,initial,do,-7.59549617767334
620,initial,do,-6.869152545928955
621,initial,do,-7.867014408111572
622,initial,do,-7.432394027709961
623,initial,do,-8.099356651306152
624,initial,do,-7.3553571701049805
625,initial,do,-7.420300006866455
626,initial,do,-7.515396595001221
627,initial,do,-7.6247148513793945
628,initial,do,-8.303509712219238
629,initial,do,-6.961256980895996
630,initial,do,-5.796459197998047
631,initial,do,-6.697684288024902
632,initial,do,-6.945195198059082
633,initial,do,-6.42115592956543
634,initial,do,-7.983358860015869
635,initial,do,-6.949291706085205
636,initial,do,-8.61505126953125
637,initial,do,-6.697684288024902
638,initial,do,-7.751713275909424
639,initial,do,-7.418595790863037
640,initial,do,-7.766820430755615
641,initial,do,-7.2838664054870605
642,initial,do,-8.481402397155762
643,initial,do,-8.041483879089355
644,initial,do,-6.351306915283203
645,initial,do,-8.896712303161621
646,initial,do,-7.445648193359375
647,initial,do,-8.439785957336426
648,initial,do,-8.069697380065918
649,initial,do,-7.713449478149414
650,initial,do,-8.39631175994873
651,initial,do,-9.0226411819458
652,initial,do,-8.318560600280762
653,initial,do,-7.948635101318359
654,initial,do,-6.83922815322876
655,initial,do,-7.82746696472168
656,initial,do,-8.029047966003418
657,initial,do,-8.025565147399902
658,initial,do,-6.697684288024902
659,initial,do,-8.741219520568848
660,initial,do,-8.70481014251709
661,initial,do,-7.01930046081543
662,initial,pp,-7.256719589233398
663,initial,pp,-6.477908611297607
664,initial,pp,-7.44061279296875
665,initial,pp,-7.04835844039917
666,initial,pp,-8.089520454406738
667,initial,pp,-7.596685409545898
668,initial,pp,-7.232932090759277
669,initial,pp,-7.855392932891846
670,initial,pp,-7.779960632324219
671,initial,pp,-8.265398979187012
672,initial,pp,-7.070992946624756
673,initial,pp,-5.691717147827148
674,initial,pp,-6.351642608642578
675,initial,pp,-6.629490375518799
676,initial,pp,-6.0011115074157715
677,initial,pp,-7.7801313400268555
678,initial,pp,-6.582183837890625
679,initial,pp,-7.858850479125977
680,initial,pp,-6.351642608642578
681,initial,pp,-7.397128582000732
682,initial,do,-8.42287540435791
683,initial,do,-9.666430473327637
684,initial,do,-7.886484622955322
685,initial,do,-7.001712799072266
686,initial,do,-8.528512001037598
687,initial,do,-8.293285369873047
688,initial,do,-9.827285766601562
689,initial,do,-10.360456466674805
690,initial,do,-7.459439277648926
691,initial,do,-8.571110725402832
692,initial,do,-7.687865734100342
693,initial,do,-8.948921203613281
694,initial,do,-7.757486343383789
695,initial,do,-7.643514156341553
696,initial,do,-9.031335830688477
697,initial,do,-7.986521244049072
698,initial,do,-8.396208763122559
699,initial,do,-8.188883781433105
700,initial,do,-9.172388076782227
701,initial,do,-7.409957408905029
702,initial,do,-8.295581817626953
703,initial,do,-8.63068675994873
704,initial,do,-9.52033805847168
705,initial,do,-9.044342041015625
706,initial,do,-8.706661224365234
707,initial,do,-9.853312492370605
708,initial,do,-7.846014499664307
709,initial,do,-8.609781265258789
710,initial,do,-9.306035995483398
711,initial,do,-8.271273612976074
712,initial,do,-9.12174129486084
713,initial,do,-9.468315124511719
714,initial,do,-8.754995346069336
715,initial,do,-8.634230613708496
716,initial,do,-9.817136764526367
717,initial,do,-9.87031078338623
718,initial,do,-10.048632621765137
719,initial,do,-9.969490051269531
720,initial,do,-7.948151111602783
721,initial,do,-9.116975784301758
722,initial,do,-7.932168483734131
723,initial,do,-8.637213706970215
724,initial,do,-7.887511730194092
725,initial,pp,-8.70152473449707
726,initial,pp,-8.789586067199707
727,initial,pp,-7.226920127868652
728,initial,pp,-6.403934955596924
729,initial,pp,-8.732603073120117
730,initial,pp,-7.977978229522705
731,initial,pp,-9.119233131408691
732,initial,pp,-9.694652557373047
733,initial,pp,-7.079869270324707
734,initial,pp,-8.318350791931152
735,initial,pp,-7.23486852645874
736,initial,pp,-8.7750883102417
737,initial,pp,-7.501157283782959
738,initial,pp,-7.662796974182129
739,initial,pp,-9.270380020141602
740,initial,pp,-8.093676567077637
741,initial,pp,-7.799291133880615
742,initial,pp,-7.567240238189697
743,initial,pp,-8.658438682556152
744,initial,pp,-7.727226734161377
745,initial,pp,-7.089257717132568
746,initial,pp,-7.433635234832764
747,initial,pp,-7.656736373901367
748,initial,pp,-6.673404216766357
749,initial,pp,-7.937469482421875
750,initial,pp,-8.55040454864502
751,initial,pp,-8.736642837524414
752,initial,pp,-7.587361812591553
753,initial,pp,-7.561437606811523
754,initial,pp,-7.673930644989014
755,initial,pp,-6.8834547996521
756,initial,pp,-6.191677570343018
757,initial,pp,-7.258744239807129
758,initial,pp,-6.466113090515137
759,initial,pp,-7.695893287658691
760,initial,pp,-7.9624152183532715
761,initial,pp,-9.103876113891602
762,initial,pp,-8.818132400512695
763,initial,pp,-7.084992408752441
764,initial,pp,-7.50277853012085
765,initial,pp,-7.047266960144043
766,initial,pp,-8.054265022277832
767,initial,pp,-8.086749076843262
768,initial,pp,-7.348295211791992
769,initial,pp,-8.155363082885742
770,initial,pp,-8.232139587402344
771,initial,pp,-8.00146770477295
772,initial,pp,-8.809616088867188
773,initial,pp,-7.1267170906066895
774,initial,pp,-6.245818614959717
775,initial,pp,-7.9495368003845215
776,initial,pp,-7.023626327514648
777,initial,pp,-7.079341888427734
778,initial,pp,-7.605578422546387
779,initial,pp,-8.421565055847168
780,initial,pp,-8.31486701965332
781,initial,pp,-8.214216232299805
782,initial,pp,-7.207734107971191
783,initial,pp,-8.307774543762207
784,initial,pp,-8.766730308532715
785,initial,do,-7.636446475982666
786,initial,do,-6.869055271148682
787,initial,do,-6.892447471618652
788,initial,do,-6.181035995483398
789,initial,do,-7.565817356109619
790,initial,do,-6.180691719055176
791,initial,do,-6.588571071624756
792,initial,do,-6.974642753601074
793,initial,do,-8.007427215576172
794,initial,do,-8.104328155517578
795,initial,do,-6.816521644592285
796,initial,do,-6.213489055633545
797,initial,do,-6.416995048522949
798,initial,do,-8.607893943786621
799,initial,do,-5.747129917144775
800,initial,do,-5.620248317718506
801,initial,do,-7.98801851272583
802,initial,do,-7.203789710998535
803,initial,do,-8.76268196105957
804,initial,do,-8.650324821472168
805,initial,do,-8.145593643188477
806,initial,do,-6.735116481781006
807,initial,do,-7.413486480712891
808,initial,do,-8.816781044006348
809,initial,do,-6.89508581161499
810,initial,do,-5.920425891876221
811,initial,do,-7.714033126831055
812,initial,do,-6.818961143493652
813,initial,do,-7.052878379821777
814,initial,do,-7.190706253051758
815,initial,do,-6.5448899269104
816,initial,do,-7.42731237411499
817,initial,do,-6.4658331871032715
818,initial,do,-5.48201322555542
819,initial,do,-8.009373664855957
820,initial,do,-5.620248317718506
821,initial,do,-8.425538063049316
822,initial,do,-6.679313659667969
823,initial,do,-6.988744735717773
824,initial,do,-8.201414108276367
825,initial,do,-7.779289245605469
826,initial,do,-7.051936626434326
827,initial,do,-8.215855598449707
828,initial,pp,-6.635136604309082
829,initial,pp,-6.34877347946167
830,initial,pp,-6.776330471038818
831,initial,pp,-6.127835273742676
832,initial,pp,-6.977417945861816
833,initial,pp,-6.0767436027526855
834,initial,pp,-6.590506076812744
835,initial,pp,-6.778190612792969
836,initial,pp,-7.957509994506836
837,initial,pp,-7.0655717849731445
838,initial,pp,-6.462828636169434
839,initial,pp,-6.214053153991699
840,initial,pp,-6.217619895935059
841,initial,pp,-7.815400123596191
842,initial,pp,-5.699258804321289
843,initial,pp,-5.6096720695495605
844,initial,pp,-7.455987453460693
845,initial,pp,-6.75454568862915
846,initial,pp,-8.018211364746094
847,initial,pp,-7.694714546203613
848,initial,do,-6.5819878578186035
849,initial,do,-7.147688865661621
850,initial,do,-6.488460063934326
851,initial,do,-8.39977741241455
852,initial,do,-6.36951208114624
853,initial,do,-7.7649455070495605
854,initial,do,-7.59620475769043
855,initial,do,-6.6780009269714355
856,initial,do,-6.522972583770752
857,initial,do,-7.187910556793213
858,initial,do,-7.731675148010254
859,initial,do,-6.532742023468018
860,initial,do,-7.1393046379089355
861,initial,do,-5.387692451477051
862,initial,do,-5.742679119110107
863,initial,do,-5.637049674987793
864,initial,do,-6.6565842628479
865,initial,do,-8.436873435974121
866,initial,do,-5.762479305267334
867,initial,do,-6.723055362701416
868,initial,do,-6.921106815338135
869,initial,do,-6.399148941040039
870,initial,do,-8.672197341918945
871,initial,do,-6.122269630432129
872,initial,do,-6.223457336425781
873,initial,do,-6.8577141761779785
874,initial,do,-6.52297306060791
875,initial,do,-6.286479949951172
876,initial,do,-6.8678765296936035
877,initial,do,-7.99545955657959
878,initial,do,-6.911348342895508
879,initial,do,-5.164939880371094
880,initial,do,-8.347302436828613
881,initial,do,-7.940812587738037
882,initial,do,-6.549393653869629
883,initial,do,-7.705845832824707
884,initial,do,-6.5819878578186035
885,initial,do,-6.493175506591797
886,initial,do,-6.480548858642578
887,initial,do,-7.3823418617248535
888,initial,do,-8.420530319213867
889,initial,do,-7.741909980773926
890,initial,do,-6.374138832092285
891,initial,pp,-6.3836188316345215
892,initial,pp,-6.858397483825684
893,initial,pp,-6.278951644897461
894,initial,pp,-8.081878662109375
895,initial,pp,-6.453891754150391
896,initial,pp,-7.527278900146484
897,initial,pp,-7.440602779388428
898,initial,pp,-6.4619460105896
899,initial,pp,-6.30234956741333
900,initial,pp,-6.59220552444458
901,initial,pp,-7.323163032531738
902,initial,pp,-6.4702277183532715
903,initial,pp,-6.695030212402344
904,initial,pp,-5.435700416564941
905,initial,pp,-5.869394779205322
906,initial,pp,-5.776067733764648
907,initial,pp,-6.400079727172852
908,initial,pp,-7.968754768371582
909,initial,pp,-5.7746477127075195
910,initial,pp,-6.55043888092041
911,initial,do,-6.732643127441406
912,initial,do,-6.834629535675049
913,initial,do,-6.147480010986328
914,initial,do,-7.080145359039307
915,initial,do,-6.453510284423828
916,initial,do,-6.062922477722168
917,initial,do,-7.006103038787842
918,initial,do,-7.257353782653809
919,initial,do,-7.030074119567871
920,initial,do,-7.217641353607178
921,initial,do,-6.843608379364014
922,initial,do,-6.741903305053711
923,initial,do,-7.667501449584961
924,initial,do,-6.475897312164307
925,initial,do,-6.48919677734375
926,initial,do,-6.56196403503418
927,initial,do,-7.391158103942871
928,initial,do,-6.771020889282227
929,initial,do,-6.73077392578125
930,initial,do,-5.713618278503418
931,initial,do,-6.564947605133057
932,initial,do,-6.139578819274902
933,initial,do,-6.6211395263671875
934,initial,do,-5.491721153259277
935,initial,do,-6.371414661407471
936,initial,do,-6.953302383422852
937,initial,do,-5.443948745727539
938,initial,do,-5.886259078979492
939,initial,do,-7.38050651550293
940,initial,do,-6.437248706817627
941,initial,do,-7.29209041595459
942,initial,do,-7.378031253814697
943,initial,do,-6.644012451171875
944,initial,do,-6.719233512878418
945,initial,do,-6.186370849609375
946,initial,do,-7.594789505004883
947,initial,do,-6.520116806030273
948,initial,do,-6.543466567993164
949,initial,do,-7.217641353607178
950,initial,do,-6.626599311828613
951,initial,do,-7.486043453216553
952,initial,do,-6.505952835083008
953,initial,do,-7.422861576080322
954,initial,pp,-6.7014970779418945
955,initial,pp,-6.612325191497803
956,initial,pp,-6.337765693664551
957,initial,pp,-6.994267463684082
958,initial,pp,-6.504478931427002
959,initial,pp,-6.313090801239014
960,initial,pp,-7.166135787963867
961,initial,pp,-7.607602119445801
962,initial,pp,-6.934045314788818
963,initial,pp,-7.041926383972168
964,initial,pp,-6.851053237915039
965,initial,pp,-6.619675159454346
966,initial,pp,-7.752816200256348
967,initial,pp,-6.421565532684326
968,initial,pp,-6.853872299194336
969,initial,pp,-7.021937370300293
970,initial,pp,-7.273909091949463
971,initial,pp,-6.976293563842773
972,initial,pp,-6.621518135070801
973,initial,pp,-5.727891445159912
974,initial,do,-7.985759258270264
975,initial,do,-7.3626861572265625
976,initial,do,-8.431769371032715
977,initial,do,-7.448122978210449
978,initial,do,-6.974026679992676
979,initial,do,-6.782193183898926
980,initial,do,-8.121867179870605
981,initial,do,-5.979220390319824
982,initial,do,-7.413726806640625
983,initial,do,-6.727485656738281
984,initial,do,-7.636354923248291
985,initial,do,-7.658973693847656
986,initial,do,-7.9276652336120605
987,initial,do,-6.572756290435791
988,initial,do,-8.654026985168457
989,initial,do,-8.54468822479248
990,initial,do,-9.237557411193848
991,initial,do,-6.572173118591309
992,initial,do,-7.438989639282227
993,initial,do,-7.374081134796143
994,initial,do,-6.101015567779541
995,initial,do,-8.124419212341309
996,initial,do,-6.888362407684326
997,initial,do,-7.341108322143555
998,initial,do,-7.656700134277344
999,initial,do,-6.634396553039551
1000,initial,do,-6.342695236206055
1001,initial,do,-6.541178226470947
1002,initial,do,-7.158835411071777
1003,initial,do,-7.374081134796143
1004,initial,do,-7.287770748138428
1005,initial,do,-6.689635276794434
1006,initial,do,-8.146317481994629
1007,initial,do,-7.141046524047852
1008,initial,do,-7.46904993057251
1009,initial,do,-6.507079124450684
1010,initial,do,-6.82538366317749
1011,initial,do,-8.217926979064941
1012,initial,do,-7.550151348114014
1013,initial,do,-8.018733978271484
1014,initial,do,-7.550151348114014
1015,initial,do,-6.850618362426758
1016,initial,do,-5.936203956604004
1017,initial,pp,-6.987346649169922
1018,initial,pp,-6.919024467468262
1019,initial,pp,-7.83296012878418
1020,initial,pp,-6.909183502197266
1021,initial,pp,-6.4511919021606445
1022,initial,pp,-6.821951389312744
1023,initial,pp,-7.650073051452637
1024,initial,pp,-5.4870429039001465
1025,initial,pp,-7.201424598693848
1026,initial,pp,-6.119626998901367
1027,initial,pp,-7.701704502105713
1028,initial,pp,-7.4733452796936035
1029,initial,pp,-7.173380374908447
1030,initial,pp,-6.243480682373047
1031,initial,pp,-7.964225769042969
1032,initial,pp,-8.506786346435547
1033,initial,pp,-8.188274383544922
1034,initial,pp,-6.526681900024414
1035,initial,pp,-6.912655830383301
1036,initial,pp,-7.5265092849731445
1037,initial,pp,-6.934789180755615
1038,initial,pp,-6.126123428344727
1039,initial,pp,-7.220413684844971
1040,initial,pp,-6.886043071746826
1041,initial,pp,-5.818432807922363
1042,initial,pp,-6.986110210418701
1043,initial,pp,-8.342915534973145
1044,initial,pp,-5.363530158996582
1045,initial,pp,-7.606611728668213
1046,initial,pp,-6.410105228424072
1047,initial,pp,-8.430904388427734
1048,initial,pp,-6.2676801681518555
1049,initial,pp,-6.101460933685303
1050,initial,pp,-6.0796732902526855
1051,initial,pp,-5.3992228507995605
1052,initial,pp,-7.065761566162109
1053,initial,pp,-7.189125061035156
1054,initial,pp,-6.648586273193359
1055,initial,pp,-5.697075366973877
1056,initial,pp,-5.9756083488464355
1057,initial,pp,-6.489632606506348
1058,initial,pp,-6.141242504119873
1059,initial,pp,-6.811994552612305
1060,initial,pp,-5.82997465133667
1061,initial,pp,-6.423475742340088
1062,initial,pp,-6.757735252380371
1063,initial,pp,-6.000341892242432
1064,initial,pp,-6.549432754516602
1065,initial,pp,-6.766372203826904
1066,initial,pp,-6.421778678894043
1067,initial,pp,-7.317970275878906
1068,initial,pp,-5.893509387969971
1069,initial,pp,-5.979930400848389
1070,initial,pp,-6.3704752922058105
1071,initial,pp,-6.323540210723877
1072,initial,pp,-6.184976577758789
1073,initial,pp,-5.9407806396484375
1074,initial,pp,-6.578519821166992
1075,initial,pp,-5.909853935241699
1076,initial,pp,-7.277897357940674
1077,initial,do,-8.690018653869629
1078,initial,do,-8.893872261047363
1079,initial,do,-8.681500434875488
1080,initial,do,-8.610316276550293
1081,initial,do,-7.890117168426514
1082,initial,do,-8.250842094421387
1083,initial,do,-8.2090425491333
1084,initial,do,-8.396132469177246
1085,initial,do,-8.158845901489258
1086,initial,do,-7.262068748474121
1087,initial,do,-8.16618824005127
1088,initial,do,-7.778642654418945
1089,initial,do,-8.012030601501465
1090,initial,do,-8.824833869934082
1091,initial,do,-8.632403373718262
1092,initial,do,-7.753324031829834
1093,initial,do,-8.342628479003906
1094,initial,do,-8.388108253479004
1095,initial,do,-6.915559768676758
1096,initial,do,-8.525812149047852
1097,initial,do,-8.749773979187012
1098,initial,do,-8.20438289642334
1099,initial,do,-8.912463188171387
1100,initial,do,-8.484633445739746
1101,initial,do,-8.696537971496582
1102,initial,do,-8.440068244934082
1103,initial,do,-8.356180191040039
1104,initial,do,-7.821373462677002
1105,initial,do,-8.303383827209473
1106,initial,do,-7.403478145599365
1107,initial,do,-8.20438289642334
1108,initial,do,-8.913506507873535
1109,initial,do,-6.378115177154541
1110,initial,do,-8.947128295898438
1111,initial,do,-7.5403733253479
1112,initial,do,-7.446634769439697
1113,initial,do,-8.442099571228027
1114,initial,do,-8.10592269897461
1115,initial,do,-8.44249439239502
1116,initial,do,-8.597620010375977
1117,initial,do,-8.505183219909668
1118,initial,do,-9.196216583251953
1119,initial,do,-7.101654529571533
1120,initial,pp,-7.731704235076904
1121,initial,pp,-7.867084503173828
1122,initial,pp,-7.811295509338379
1123,initial,pp,-7.038522243499756
1124,initial,pp,-6.764915943145752
1125,initial,pp,-7.4970011711120605
1126,initial,pp,-7.119276523590088
1127,initial,pp,-7.462078094482422
1128,initial,pp,-6.915992736816406
1129,initial,pp,-6.473221778869629
1130,initial,pp,-7.0145416259765625
1131,initial,pp,-6.446047782897949
1132,initial,pp,-7.391299724578857
1133,initial,pp,-7.908329010009766
1134,initial,pp,-7.629325866699219
1135,initial,pp,-7.125613689422607
1136,initial,pp,-7.331706523895264
1137,initial,pp,-7.10371732711792
1138,initial,pp,-6.7744293212890625
1139,initial,pp,-7.449684143066406
1140,initial,do,-8.489359855651855
1141,initial,do,-7.906839847564697
1142,initial,do,-6.535346031188965
1143,initial,do,-8.417450904846191
1144,initial,do,-6.961068630218506
1145,initial,do,-7.57006311416626
1146,initial,do,-8.489359855651855
1147,initial,do,-9.070552825927734
1148,initial,do,-8.076972007751465
1149,initial,do,-7.5592942237854
1150,initial,do,-7.4877448081970215
1151,initial,do,-8.93989372253418
1152,initial,do,-8.693180084228516
1153,initial,do,-9.0244722366333
1154,initial,do,-7.972431182861328
1155,initial,do,-6.909587860107422
1156,initial,do,-8.039312362670898
1157,initial,do,-7.045809268951416
1158,initial,do,-8.67471694946289
1159,initial,do,-8.43319034576416
1160,initial,do,-8.920284271240234
1161,initial,do,-6.741662502288818
1162,initial,do,-7.525725364685059
1163,initial,do,-7.177363395690918
1164,initial,do,-7.906839847564697
1165,initial,do,-7.357246398925781
1166,initial,do,-8.464885711669922
1167,initial,do,-7.543860912322998
1168,initial,do,-8.435687065124512
1169,initial,do,-7.774425506591797
1170,initial,do,-6.711284160614014
1171,initial,do,-8.009246826171875
1172,initial,do,-8.039312362670898
1173,initial,do,-8.205853462219238
1174,initial,do,-8.307219505310059
1175,initial,do,-8.307219505310059
1176,initial,do,-8.446934700012207
1177,initial,do,-8.723986625671387
1178,initial,do,-7.8504109382629395
1179,initial,do,-6.909587860107422
1180,initial,do,-7.525725364685059
1181,initial,do,-8.172956466674805
1182,initial,do,-7.543860912322998
1183,initial,pp,-7.883821964263916
1184,initial,pp,-7.433010101318359
1185,initial,pp,-6.359171390533447
1186,initial,pp,-7.524911403656006
1187,initial,pp,-6.485691070556641
1188,initial,pp,-7.013827800750732
1189,initial,pp,-7.883821964263916
1190,initial,pp,-8.36767292022705
1191,initial,pp,-7.369965553283691
1192,initial,pp,-6.939841270446777
1193,initial,pp,-7.116806983947754
1194,initial,pp,-8.125840187072754
1195,initial,pp,-7.863129615783691
1196,initial,pp,-8.148280143737793
1197,initial,pp,-7.3807902336120605
1198,initial,pp,-6.579533100128174
1199,initial,pp,-7.470761775970459
1200,initial,pp,-6.854808807373047
1201,initial,pp,-7.949261665344238
1202,initial,pp,-7.4632415771484375
1203,initial,do,-7.91851282119751
1204,initial,do,-7.022662162780762
1205,initial,do,-7.866637229919434
1206,initial,do,-7.338843822479248
1207,initial,do,-7.794218063354492
1208,initial,do,-6.86571741104126
1209,initial,do,-7.759779453277588
1210,initial,do,-7.02153205871582
1211,initial,do,-6.602587699890137
1212,initial,do,-7.150020599365234
1213,initial,do,-7.394712924957275
1214,initial,do,-6.646842002868652
1215,initial,do,-6.599928855895996
1216,initial,do,-7.204571723937988
1217,initial,do,-7.259790897369385
1218,initial,do,-6.906335830688477
1219,initial,do,-7.385501861572266
1220,initial,do,-7.422759056091309
1221,initial,do,-6.563908576965332
1222,initial,do,-6.4360809326171875
1223,initial,do,-8.278846740722656
1224,initial,do,-7.964749336242676
1225,initial,do,-8.012392044067383
1226,initial,do,-7.296594142913818
1227,initial,do,-7.495196342468262
1228,initial,do,-7.7276411056518555
1229,initial,do,-6.964035987854004
1230,initial,do,-7.503031253814697
1231,initial,do,-7.065285682678223
1232,initial,do,-7.061744213104248
1233,initial,do,-7.708310604095459
1234,initial,do,-7.450076103210449
1235,initial,do,-7.076143741607666
1236,initial,do,-7.345372200012207
1237,initial,do,-7.37979793548584
1238,initial,do,-7.612827301025391
1239,initial,do,-6.146207809448242
1240,initial,do,-7.0409770011901855
1241,initial,do,-7.634401321411133
1242,initial,do,-6.035682201385498
1243,initial,do,-6.771656513214111
1244,initial,do,-7.991371154785156
1245,initial,do,-7.071406364440918
1246,initial,pp,-7.795309066772461
1247,initial,pp,-6.581989765167236
1248,initial,pp,-7.398784160614014
1249,initial,pp,-7.158761978149414
1250,initial,pp,-7.17919397354126
1251,initial,pp,-6.404005527496338
1252,initial,pp,-7.341280460357666
1253,initial,pp,-6.845192909240723
1254,initial,pp,-6.259209156036377
1255,initial,pp,-7.147294998168945
1256,initial,pp,-7.0859832763671875
1257,initial,pp,-6.9454216957092285
1258,initial,pp,-6.772814750671387
1259,initial,pp,-6.720403671264648
1260,initial,pp,-6.952250003814697
1261,initial,pp,-6.434441566467285
1262,initial,pp,-7.008918762207031
1263,initial,pp,-7.061631679534912
1264,initial,pp,-6.444360733032227
1265,initial,pp,-6.1507158279418945
1266,initial,do,-7.483792781829834
1267,initial,do,-7.957337379455566
1268,initial,do,-8.062026023864746
1269,initial,do,-7.8119025230407715
1270,initial,do,-6.994613170623779
1271,initial,do,-8.665933609008789
1272,initial,do,-9.65534782409668
1273,initial,do,-8.498684883117676
1274,initial,do,-6.983871936798096
1275,initial,do,-9.48664379119873
1276,initial,do,-8.633832931518555
1277,initial,do,-7.318527698516846
1278,initial,do,-8.683836936950684
1279,initial,do,-8.906545639038086
1280,initial,do,-8.180021286010742
1281,initial,do,-9.262246131896973
1282,initial,do,-8.199851036071777
1283,initial,do,-8.380603790283203
1284,initial,do,-7.537766933441162
1285,initial,do,-8.536458015441895
1286,initial,do,-6.926076889038086
1287,initial,do,-8.167755126953125
1288,initial,do,-8.450966835021973
1289,initial,do,-9.0908784866333
1290,initial,do,-8.406671524047852
1291,initial,do,-8.414152145385742
1292,initial,do,-8.419721603393555
1293,initial,do,-9.643698692321777
1294,initial,do,-8.40514087677002
1295,initial,do,-8.210028648376465
1296,initial,do,-7.880546569824219
1297,initial,do,-9.155621528625488
1298,initial,do,-7.669100284576416
1299,initial,do,-6.39476203918457
1300,initial,do,-8.433747291564941
1301,initial,do,-9.403483390808105
1302,initial,do,-9.066174507141113
1303,initial,do,-7.894764423370361
1304,initial,do,-7.121488094329834
1305,initial,do,-8.850411415100098
1306,initial,do,-8.959569931030273
1307,initial,do,-7.99118709564209
1308,initial,do,-8.611763954162598
1309,initial,pp,-6.857006072998047
1310,initial,pp,-6.996724605560303
1311,initial,pp,-6.78079080581665
1312,initial,pp,-6.838027000427246
1313,initial,pp,-5.896376609802246
1314,initial,pp,-8.153144836425781
1315,initial,pp,-9.000662803649902
1316,initial,pp,-7.801737308502197
1317,initial,pp,-5.826298236846924
1318,initial,pp,-8.554214477539062
1319,initial,pp,-8.045698165893555
1320,initial,pp,-6.661128997802734
1321,initial,pp,-8.026175498962402
1322,initial,pp,-7.658747673034668
1323,initial,pp,-7.551079750061035
1324,initial,pp,-8.22428035736084
1325,initial,pp,-7.262575626373291
1326,initial,pp,-7.891324043273926
1327,initial,pp,-6.76038932800293
1328,initial,pp,-8.134546279907227
1329,initial,pp,-6.413037300109863
1330,initial,pp,-6.445228576660156
1331,initial,pp,-7.638557434082031
1332,initial,pp,-7.888679504394531
1333,initial,pp,-8.096477508544922
1334,initial,pp,-6.98520040512085
1335,initial,pp,-5.75689697265625
1336,initial,pp,-6.315029621124268
1337,initial,pp,-6.866525650024414
1338,initial,pp,-7.648285865783691
1339,initial,pp,-6.254478454589844
1340,initial,pp,-7.592440128326416
1341,initial,pp,-6.6673808097839355
1342,initial,pp,-8.461146354675293
1343,initial,pp,-8.00490665435791
1344,initial,pp,-6.2896599769592285
1345,initial,pp,-7.876445293426514
1346,initial,pp,-5.915494918823242
1347,initial,pp,-7.575974464416504
1348,initial,pp,-6.651028156280518
1349,initial,pp,-6.632330894470215
1350,initial,pp,-7.142316818237305
1351,initial,pp,-7.527494430541992
1352,initial,pp,-6.680317401885986
1353,initial,pp,-6.900501251220703
1354,initial,pp,-5.844156265258789
1355,initial,pp,-5.981026649475098
1356,initial,pp,-6.508764743804932
1357,initial,pp,-7.19719934463501
1358,initial,pp,-7.048472881317139
1359,initial,pp,-6.50874662399292
1360,initial,pp,-6.696907997131348
1361,initial,pp,-6.254302978515625
1362,initial,pp,-6.239478588104248
1363,initial,pp,-6.6783905029296875
1364,initial,pp,-6.676588535308838
1365,initial,pp,-7.428238391876221
1366,initial,pp,-6.961409568786621
1367,initial,pp,-6.212278366088867
1368,initial,pp,-6.7978129386901855
1,final,pp,-5.625382900238037
2,final,pp,-5.766125202178955
3,final,pp,-5.311252117156982
4,final,pp,-6.288609981536865
5,final,pp,-5.130934238433838
6,final,pp,-5.304758071899414
7,final,pp,-5.447556018829346
8,final,pp,-5.319762706756592
9,final,pp,-4.238582134246826
10,final,pp,-5.83074951171875
11,final,pp,-5.443996906280518
12,final,pp,-3.8420236110687256
13,final,pp,-5.147251605987549
14,final,pp,-3.9600038528442383
15,final,pp,-6.056950092315674
16,final,pp,-5.319762706756592
17,final,pp,-5.594815731048584
18,final,pp,-3.7951738834381104
19,final,pp,-4.934086799621582
20,final,pp,-4.6416096687316895
21,final,pp,-5.335910797119141
22,final,pp,-5.623703479766846
23,final,pp,-5.534712314605713
24,final,pp,-5.679837703704834
25,final,pp,-6.235829830169678
26,final,pp,-6.253230571746826
27,final,pp,-5.95520544052124
28,final,pp,-5.947076797485352
29,final,pp,-5.220898151397705
30,final,pp,-5.558896541595459
31,final,pp,-5.9451470375061035
32,final,pp,-5.679837703704834
33,final,pp,-6.036377429962158
34,final,pp,-6.090007305145264
35,final,pp,-4.199725151062012
36,final,pp,-4.336610794067383
37,final,pp,-5.220897674560547
38,final,pp,-4.4749298095703125
39,final,pp,-5.559475421905518
40,final,pp,-5.852991580963135
41,final,pp,-4.850901126861572
42,final,pp,-5.210263729095459
43,final,pp,-4.579161167144775
44,final,pp,-5.745357990264893
45,final,pp,-6.228274345397949
46,final,pp,-5.112630367279053
47,final,pp,-6.762201309204102
48,final,pp,-5.4139509201049805
49,final,pp,-5.056577205657959
50,final,pp,-5.042177200317383
51,final,pp,-5.789133071899414
52,final,pp,-4.428635597229004
53,final,pp,-6.365843772888184
54,final,pp,-5.442089080810547
55,final,pp,-5.111029624938965
56,final,pp,-3.598493814468384
57,final,pp,-4.48887825012207
58,final,pp,-6.183663845062256
59,final,pp,-5.180566787719727
60,final,pp,-5.552398204803467
61,final,pp,-5.538934230804443
62,final,pp,-6.013827323913574
63,final,pp,-4.7498779296875
64,final,pp,-5.548017978668213
65,final,pp,-6.157406806945801
66,final,pp,-6.462792873382568
67,final,pp,-4.154295921325684
68,final,pp,-6.072794437408447
69,final,pp,-6.368790149688721
70,final,pp,-6.002299785614014
71,final,pp,-4.224364280700684
72,final,pp,-5.932725429534912
73,final,pp,-5.605741024017334
74,final,pp,-6.905420780181885
75,final,pp,-5.946640491485596
76,final,pp,-5.721532344818115
77,final,pp,-5.495079040527344
78,final,pp,-4.13494873046875
79,final,pp,-5.66522216796875
80,final,pp,-5.68361234664917
81,final,pp,-4.569982051849365
82,final,pp,-5.508131504058838
83,final,pp,-5.633274555206299
84,final,pp,-5.315451622009277
85,final,pp,-5.508131504058838
86,final,pp,-5.383591651916504
87,final,pp,-4.346426963806152
88,final,pp,-4.581846714019775
89,final,pp,-5.350273132324219
90,final,pp,-4.961447238922119
91,final,pp,-5.010613441467285
92,final,pp,-6.330483913421631
93,final,pp,-5.789051055908203
94,final,pp,-5.293565273284912
95,final,pp,-4.8805670738220215
96,final,pp,-5.22661828994751
97,final,pp,-5.705766201019287
98,final,pp,-5.764537334442139
99,final,pp,-5.175952434539795
100,final,pp,-4.77241325378418
101,final,pp,-5.123127460479736
102,final,pp,-5.238918304443359
103,final,pp,-5.512045383453369
104,final,pp,-5.279895782470703
105,final,pp,-5.152212619781494
106,final,pp,-6.355312347412109
107,final,pp,-5.08688497543335
108,final,pp,-5.830618858337402
109,final,pp,-6.725286960601807
110,final,pp,-6.731323719024658
111,final,pp,-5.527474403381348
112,final,pp,-5.6416802406311035
113,final,pp,-6.095053195953369
114,final,pp,-5.325366973876953
115,final,pp,-5.724246025085449
116,final,pp,-3.3927526473999023
117,final,pp,-6.056323528289795
118,final,pp,-5.77805233001709
119,final,pp,-6.107669353485107
120,final,pp,-6.301437854766846
121,final,pp,-5.577981472015381
122,final,pp,-5.327060699462891
123,final,pp,-5.379107475280762
124,final,pp,-5.578269958496094
125,final,pp,-3.617802858352661
126,final,pp,-4.762784957885742
127,final,pp,-4.409893035888672
128,final,pp,-5.942573070526123
129,final,pp,-5.4257354736328125
130,final,pp,-4.444783687591553
131,final,pp,-5.4257354736328125
132,final,pp,-5.327060699462891
133,final,pp,-6.005901336669922
134,final,pp,-4.95109224319458
135,final,pp,-5.327060699462891
136,final,pp,-4.762784004211426
137,final,pp,-5.362649917602539
138,final,pp,-3.5759787559509277
139,final,pp,-4.522744178771973
140,final,pp,-5.0397047996521
141,final,pp,-5.19420051574707
142,final,pp,-5.760480880737305
143,final,pp,-5.411602973937988
144,final,pp,-6.480197906494141
145,final,pp,-3.9978253841400146
146,final,pp,-4.753509998321533
147,final,pp,-5.500439643859863
148,final,pp,-5.587034702301025
149,final,pp,-4.506704330444336
150,final,pp,-4.251788139343262
151,final,pp,-6.514493465423584
152,final,pp,-4.958633899688721
153,final,pp,-5.61065149307251
154,final,pp,-5.938591957092285
155,final,pp,-5.501826763153076
156,final,pp,-5.593189239501953
157,final,pp,-5.444557189941406
158,final,pp,-4.815534591674805
159,final,pp,-5.056351184844971
160,final,pp,-5.695137023925781
161,final,pp,-6.4914374351501465
162,final,pp,-4.829804420471191
163,final,pp,-5.239901542663574
164,final,pp,-3.4242935180664062
165,final,pp,-5.349244594573975
166,final,pp,-3.4475746154785156
167,final,pp,-5.682789325714111
168,final,pp,-6.414185047149658
169,final,pp,-4.6568284034729
170,final,pp,-5.176843643188477
171,final,pp,-5.239901542663574
172,final,pp,-3.757516860961914
173,final,pp,-4.33592414855957
174,final,pp,-6.537454128265381
175,final,pp,-4.214722156524658
176,final,pp,-5.349244594573975
177,final,pp,-4.883129119873047
178,final,pp,-5.934526443481445
179,final,pp,-5.238381385803223
180,final,pp,-6.4275288581848145
181,final,pp,-4.515235900878906
182,final,pp,-5.987528324127197
183,final,pp,-4.563003063201904
184,final,pp,-5.405256748199463
185,final,pp,-5.65378999710083
186,final,pp,-5.599429130554199
187,final,pp,-4.242029666900635
188,final,pp,-5.127154350280762
189,final,pp,-5.205846786499023
190,final,pp,-4.613205909729004
191,final,pp,-5.766979217529297
192,final,pp,-5.422863006591797
193,final,pp,-5.035848140716553
194,final,pp,-3.6836345195770264
195,final,pp,-5.460046768188477
196,final,pp,-4.8445725440979
197,final,pp,-5.137780666351318
198,final,pp,-4.785792350769043
199,final,pp,-5.4805426597595215
200,final,pp,-6.019712448120117
201,final,pp,-4.410391330718994
202,final,pp,-3.535088062286377
203,final,pp,-6.796924114227295
204,final,pp,-5.119737148284912
205,final,pp,-6.525417804718018
206,final,pp,-5.105258941650391
207,final,pp,-6.617292881011963
208,final,pp,-4.5136237144470215
209,final,pp,-5.130666255950928
210,final,pp,-4.332767963409424
211,final,pp,-5.567799091339111
212,final,pp,-5.765085220336914
213,final,pp,-4.016682147979736
214,final,pp,-6.2714080810546875
215,final,pp,-4.993753433227539
216,final,pp,-4.3954081535339355
217,final,pp,-4.462958812713623
218,final,pp,-5.8262457847595215
219,final,pp,-5.00034761428833
220,final,pp,-5.278602123260498
221,final,do,-6.8195390701293945
222,final,do,-6.1120076179504395
223,final,do,-5.968748569488525
224,final,do,-4.631322383880615
225,final,do,-6.31038236618042
226,final,do,-6.081268787384033
227,final,do,-6.537292957305908
228,final,do,-6.958248615264893
229,final,do,-6.836642265319824
230,final,do,-7.318467140197754
231,final,do,-6.443655967712402
232,final,do,-6.672274112701416
233,final,do,-7.170097351074219
234,final,do,-6.958248615264893
235,final,do,-3.982940673828125
236,final,do,-5.913322925567627
237,final,do,-6.290696620941162
238,final,do,-5.30016565322876
239,final,do,-7.064175605773926
240,final,do,-4.8906145095825195
241,final,do,-7.170097351074219
242,final,do,-6.2859673500061035
243,final,do,-6.716219902038574
244,final,do,-5.30016565322876
245,final,do,-6.375917911529541
246,final,do,-5.314496040344238
247,final,do,-6.477284908294678
248,final,do,-5.625791072845459
249,final,do,-5.587204456329346
250,final,do,-4.676535606384277
251,final,do,-6.218269348144531
252,final,do,-6.34154748916626
253,final,do,-6.826191425323486
254,final,do,-6.841064929962158
255,final,do,-6.320624828338623
256,final,do,-5.873284816741943
257,final,do,-6.31614875793457
258,final,do,-6.841064929962158
259,final,do,-4.822495460510254
260,final,do,-6.218269348144531
261,final,do,-4.676535606384277
262,final,do,-4.890485763549805
263,final,do,-6.425571441650391
264,final,pp,-5.771091938018799
265,final,pp,-5.41703987121582
266,final,pp,-5.308314800262451
267,final,pp,-3.947422981262207
268,final,pp,-5.552632808685303
269,final,pp,-5.606678485870361
270,final,pp,-5.703542232513428
271,final,pp,-6.04725980758667
272,final,pp,-6.239856243133545
273,final,pp,-6.4040069580078125
274,final,pp,-5.6960272789001465
275,final,pp,-5.547338008880615
276,final,pp,-6.225642681121826
277,final,pp,-6.04725980758667
278,final,pp,-3.682795524597168
279,final,pp,-5.22247314453125
280,final,pp,-5.647037029266357
281,final,pp,-4.59628438949585
282,final,pp,-6.119956970214844
283,final,pp,-4.442138195037842
284,final,do,-5.5648722648620605
285,final,do,-4.532854080200195
286,final,do,-6.890898704528809
287,final,do,-6.298689842224121
288,final,do,-6.190671443939209
289,final,do,-4.959244728088379
290,final,do,-5.981197834014893
291,final,do,-6.61932897567749
292,final,do,-6.190671443939209
293,final,do,-6.2716875076293945
294,final,do,-5.037971496582031
295,final,do,-5.964366436004639
296,final,do,-4.681469917297363
297,final,do,-6.494669437408447
298,final,do,-6.344081401824951
299,final,do,-6.064095497131348
300,final,do,-6.686190605163574
301,final,do,-4.500521659851074
302,final,do,-5.81011962890625
303,final,do,-5.234101295471191
304,final,do,-4.572669506072998
305,final,do,-5.981197834014893
306,final,do,-5.656032562255859
307,final,do,-5.2996649742126465
308,final,do,-6.298689842224121
309,final,do,-5.528961658477783
310,final,do,-4.671029567718506
311,final,do,-6.223747253417969
312,final,do,-6.298689842224121
313,final,do,-6.799946308135986
314,final,do,-5.461772918701172
315,final,do,-7.061049461364746
316,final,do,-5.890720367431641
317,final,do,-7.845215320587158
318,final,do,-4.671029567718506
319,final,do,-4.500521659851074
320,final,do,-4.788547039031982
321,final,do,-5.044711589813232
322,final,do,-6.890899658203125
323,final,do,-7.34437894821167
324,final,do,-6.423621654510498
325,final,do,-7.377015590667725
326,final,do,-6.333667278289795
327,final,pp,-4.808243751525879
328,final,pp,-4.097067832946777
329,final,pp,-6.119137287139893
330,final,pp,-5.7101521492004395
331,final,pp,-5.661206245422363
332,final,pp,-4.08804178237915
333,final,pp,-5.3510942459106445
334,final,pp,-5.9918365478515625
335,final,pp,-5.661206245422363
336,final,pp,-5.454778671264648
337,final,pp,-4.764288902282715
338,final,pp,-5.2755937576293945
339,final,pp,-4.346714496612549
340,final,pp,-5.839782238006592
341,final,pp,-5.590810775756836
342,final,pp,-5.558712482452393
343,final,pp,-6.18041467666626
344,final,pp,-3.985257387161255
345,final,pp,-5.221950531005859
346,final,pp,-4.651591777801514
347,final,do,-6.16526985168457
348,final,do,-4.71666955947876
349,final,do,-5.470223426818848
350,final,do,-4.933309555053711
351,final,do,-6.290353298187256
352,final,do,-5.865854263305664
353,final,do,-6.357751846313477
354,final,do,-5.62917947769165
355,final,do,-6.158003330230713
356,final,do,-6.272206783294678
357,final,do,-6.500951766967773
358,final,do,-6.5067138671875
359,final,do,-5.869273662567139
360,final,do,-6.415201187133789
361,final,do,-6.6297173500061035
362,final,do,-5.861372470855713
363,final,do,-6.909924030303955
364,final,do,-6.208345413208008
365,final,do,-7.106629848480225
366,final,do,-5.2338666915893555
367,final,do,-5.614870071411133
368,final,do,-5.244276523590088
369,final,do,-5.434924602508545
370,final,do,-4.903476238250732
371,final,do,-6.138305187225342
372,final,do,-7.190640926361084
373,final,do,-5.3775811195373535
374,final,do,-6.420957565307617
375,final,do,-4.682324409484863
376,final,do,-6.898589611053467
377,final,do,-5.003225326538086
378,final,do,-6.346649169921875
379,final,do,-5.779897689819336
380,final,do,-6.022824764251709
381,final,do,-6.945374011993408
382,final,do,-6.357294082641602
383,final,do,-5.268543720245361
384,final,do,-6.138305187225342
385,final,do,-5.113336563110352
386,final,do,-5.3775811195373535
387,final,do,-6.258356094360352
388,final,do,-4.719111919403076
389,final,do,-6.6518144607543945
390,final,pp,-5.5658979415893555
391,final,pp,-4.3454270362854
392,final,pp,-5.244503974914551
393,final,pp,-4.613805294036865
394,final,pp,-5.5263237953186035
395,final,pp,-5.185182094573975
396,final,pp,-5.78694486618042
397,final,pp,-5.133347511291504
398,final,pp,-5.480165481567383
399,final,pp,-5.4345383644104
400,final,pp,-5.97175407409668
401,final,pp,-6.055446624755859
402,final,pp,-5.489835262298584
403,final,pp,-6.015941143035889
404,final,pp,-5.769623756408691
405,final,pp,-5.050210475921631
406,final,pp,-6.120484352111816
407,final,pp,-5.664839744567871
408,final,pp,-6.70322322845459
409,final,pp,-4.935588836669922
410,final,do,-6.947353363037109
411,final,do,-6.399974346160889
412,final,do,-6.679654598236084
413,final,do,-8.132126808166504
414,final,do,-7.363919734954834
415,final,do,-6.3463215827941895
416,final,do,-6.604772090911865
417,final,do,-6.432788372039795
418,final,do,-4.66132926940918
419,final,do,-6.769200801849365
420,final,do,-7.565239906311035
421,final,do,-7.567368984222412
422,final,do,-7.495571613311768
423,final,do,-8.10522174835205
424,final,do,-6.440413951873779
425,final,do,-7.057689189910889
426,final,do,-5.423893928527832
427,final,do,-7.472114086151123
428,final,do,-6.396004676818848
429,final,do,-6.51271915435791
430,final,do,-8.000255584716797
431,final,do,-6.535419940948486
432,final,do,-7.472114086151123
433,final,do,-6.595417499542236
434,final,do,-8.451629638671875
435,final,do,-6.29699182510376
436,final,do,-7.268317222595215
437,final,do,-6.935489654541016
438,final,do,-6.028613567352295
439,final,do,-8.005533218383789
440,final,do,-7.3171491622924805
441,final,do,-6.736398220062256
442,final,do,-7.474305152893066
443,final,do,-6.936750888824463
444,final,do,-6.163941383361816
445,final,do,-6.820810794830322
446,final,do,-7.057689189910889
447,final,do,-7.825369358062744
448,final,do,-5.748213768005371
449,final,do,-5.662840843200684
450,final,do,-6.8114423751831055
451,final,do,-7.420895576477051
452,final,do,-6.746568202972412
453,final,pp,-6.017747402191162
454,final,pp,-5.09337854385376
455,final,pp,-5.492854118347168
456,final,pp,-7.097683429718018
457,final,pp,-5.989158630371094
458,final,pp,-5.456353664398193
459,final,pp,-5.396822452545166
460,final,pp,-4.968668460845947
461,final,pp,-4.1336565017700195
462,final,pp,-5.367038249969482
463,final,pp,-7.0843377113342285
464,final,pp,-6.440926551818848
465,final,pp,-6.056057453155518
466,final,pp,-6.880233287811279
467,final,pp,-5.326604843139648
468,final,pp,-6.234394073486328
469,final,pp,-4.381786346435547
470,final,pp,-6.493631362915039
471,final,pp,-5.270977973937988
472,final,pp,-5.311643600463867
473,final,pp,-6.306219100952148
474,final,pp,-6.4617414474487305
475,final,pp,-5.81864070892334
476,final,pp,-6.0755133628845215
477,final,pp,-4.408242702484131
478,final,pp,-5.041398048400879
479,final,pp,-5.852230548858643
480,final,pp,-6.157218933105469
481,final,pp,-5.947648525238037
482,final,pp,-5.53730583190918
483,final,pp,-4.487597942352295
484,final,pp,-6.348336219787598
485,final,pp,-6.789466857910156
486,final,pp,-5.115784168243408
487,final,pp,-5.923101425170898
488,final,pp,-4.699868679046631
489,final,pp,-5.329101085662842
490,final,pp,-6.005241394042969
491,final,pp,-5.02913236618042
492,final,pp,-5.98096227645874
493,final,do,-7.0958452224731445
494,final,do,-7.076086521148682
495,final,do,-6.885486602783203
496,final,do,-6.839703559875488
497,final,do,-8.657608032226562
498,final,do,-4.605804443359375
499,final,do,-6.4305524826049805
500,final,do,-7.154412746429443
501,final,do,-6.375457763671875
502,final,do,-4.90529727935791
503,final,do,-6.813192844390869
504,final,do,-6.074002742767334
505,final,do,-7.283541202545166
506,final,do,-6.453959941864014
507,final,do,-7.944737434387207
508,final,do,-7.432784080505371
509,final,do,-7.273656368255615
510,final,do,-6.611301422119141
511,final,do,-6.35125207901001
512,final,do,-6.733592987060547
513,final,do,-6.4685139656066895
514,final,do,-7.499926567077637
515,final,do,-7.1175994873046875
516,final,do,-7.826623439788818
517,final,do,-6.270162582397461
518,final,do,-7.2478179931640625
519,final,do,-8.133856773376465
520,final,do,-6.498865604400635
521,final,do,-7.425520420074463
522,final,do,-6.968760967254639
523,final,do,-6.532585620880127
524,final,do,-6.74065637588501
525,final,do,-7.739119052886963
526,final,do,-8.000864028930664
527,final,do,-5.5487236976623535
528,final,do,-7.181727409362793
529,final,do,-7.181727409362793
530,final,do,-7.875659942626953
531,final,do,-8.368038177490234
532,final,do,-7.367290496826172
533,final,do,-7.843312740325928
534,final,do,-5.730642318725586
535,final,do,-5.619160175323486
536,final,pp,-6.542872905731201
537,final,pp,-6.664947032928467
538,final,pp,-5.952935695648193
539,final,pp,-5.873803615570068
540,final,pp,-7.873887538909912
541,final,pp,-3.9209866523742676
542,final,pp,-5.653501033782959
543,final,pp,-6.524331569671631
544,final,pp,-5.779904365539551
545,final,pp,-4.791372299194336
546,final,pp,-5.750828266143799
547,final,pp,-5.588855266571045
548,final,pp,-6.663857936859131
549,final,pp,-5.789183139801025
550,final,pp,-6.830051422119141
551,final,pp,-6.077629089355469
552,final,pp,-6.047290325164795
553,final,pp,-6.252883434295654
554,final,pp,-5.214959144592285
555,final,pp,-5.979179859161377
556,final,do,-5.567050933837891
557,final,do,-6.982668399810791
558,final,do,-6.9726691246032715
559,final,do,-6.945551872253418
560,final,do,-7.502777099609375
561,final,do,-6.308065414428711
562,final,do,-6.4467573165893555
563,final,do,-7.2031097412109375
564,final,do,-6.982668399810791
565,final,do,-7.428946495056152
566,final,do,-3.8027915954589844
567,final,do,-5.9468674659729
568,final,do,-6.580048084259033
569,final,do,-6.896849155426025
570,final,do,-4.957191467285156
571,final,do,-7.234827995300293
572,final,do,-6.578440189361572
573,final,do,-6.4642157554626465
574,final,do,-6.4642157554626465
575,final,do,-7.4937424659729
576,final,do,-7.500892162322998
577,final,do,-5.05230188369751
578,final,do,-6.578440189361572
579,final,do,-7.0034356117248535
580,final,do,-6.200765132904053
581,final,do,-6.580048084259033
582,final,do,-7.545559883117676
583,final,do,-5.036030292510986
584,final,do,-4.503748893737793
585,final,do,-7.0707197189331055
586,final,do,-6.73410177230835
587,final,do,-7.222515106201172
588,final,do,-5.036030292510986
589,final,do,-6.652245998382568
590,final,do,-6.03595495223999
591,final,do,-5.927448272705078
592,final,do,-7.529873847961426
593,final,do,-5.927448272705078
594,final,do,-7.616619110107422
595,final,do,-6.9726691246032715
596,final,do,-7.2134528160095215
597,final,do,-6.580048084259033
598,final,do,-7.428946495056152
599,final,pp,-5.627067565917969
600,final,pp,-6.656274318695068
601,final,pp,-6.512941360473633
602,final,pp,-6.536391735076904
603,final,pp,-6.7616400718688965
604,final,pp,-6.341884136199951
605,final,pp,-6.090170860290527
606,final,pp,-6.133844375610352
607,final,pp,-6.656274318695068
608,final,pp,-6.316976547241211
609,final,pp,-4.094156742095947
610,final,pp,-5.15004825592041
611,final,pp,-5.98500919342041
612,final,pp,-6.584184646606445
613,final,pp,-4.4655351638793945
614,final,pp,-5.998021602630615
615,final,pp,-6.166958332061768
616,final,pp,-5.4417500495910645
617,final,pp,-5.4417500495910645
618,final,pp,-7.042445659637451
619,final,do,-5.707235336303711
620,final,do,-5.925281524658203
621,final,do,-5.862601280212402
622,final,do,-6.105887413024902
623,final,do,-6.814013481140137
624,final,do,-5.620570659637451
625,final,do,-6.209190368652344
626,final,do,-5.989615440368652
627,final,do,-6.068766117095947
628,final,do,-6.462403297424316
629,final,do,-6.6058197021484375
630,final,do,-4.519911766052246
631,final,do,-5.386508464813232
632,final,do,-5.942350387573242
633,final,do,-4.839079856872559
634,final,do,-6.899073123931885
635,final,do,-6.050683498382568
636,final,do,-7.002076625823975
637,final,do,-5.386508464813232
638,final,do,-5.380782127380371
639,final,do,-6.081562519073486
640,final,do,-6.0725579261779785
641,final,do,-6.701286315917969
642,final,do,-7.383406639099121
643,final,do,-7.168273448944092
644,final,do,-5.350342750549316
645,final,do,-7.641293525695801
646,final,do,-6.359281063079834
647,final,do,-7.002880096435547
648,final,do,-6.976546287536621
649,final,do,-6.650052070617676
650,final,do,-8.155868530273438
651,final,do,-7.5273332595825195
652,final,do,-6.638603687286377
653,final,do,-6.30572509765625
654,final,do,-5.663991928100586
655,final,do,-6.571250915527344
656,final,do,-6.739413261413574
657,final,do,-7.458258628845215
658,final,do,-5.386508464813232
659,final,do,-7.667794227600098
660,final,do,-7.969958782196045
661,final,do,-5.635129928588867
662,final,pp,-5.567831039428711
663,final,pp,-5.196448802947998
664,final,pp,-5.171737194061279
665,final,pp,-5.755625247955322
666,final,pp,-6.362069606781006
667,final,pp,-5.468318462371826
668,final,pp,-6.045633316040039
669,final,pp,-5.772125244140625
670,final,pp,-6.201111793518066
671,final,pp,-6.303073406219482
672,final,pp,-5.722860336303711
673,final,pp,-3.904287815093994
674,final,pp,-5.18007230758667
675,final,pp,-5.152920246124268
676,final,pp,-4.342144012451172
677,final,pp,-6.758570194244385
678,final,pp,-5.243976593017578
679,final,pp,-6.195046424865723
680,final,pp,-5.18007230758667
681,final,pp,-5.359734535217285
682,final,do,-7.071132659912109
683,final,do,-7.614309787750244
684,final,do,-5.750375747680664
685,final,do,-5.626237869262695
686,final,do,-7.48662805557251
687,final,do,-6.3878397941589355
688,final,do,-8.018664360046387
689,final,do,-8.396471977233887
690,final,do,-6.725776195526123
691,final,do,-7.358127117156982
692,final,do,-6.836608409881592
693,final,do,-7.7342071533203125
694,final,do,-7.085932731628418
695,final,do,-7.287197589874268
696,final,do,-7.4031982421875
697,final,do,-6.782460689544678
698,final,do,-7.37822151184082
699,final,do,-6.437435150146484
700,final,do,-7.422184944152832
701,final,do,-6.603176593780518
702,final,do,-7.342978000640869
703,final,do,-5.796998023986816
704,final,do,-8.616259574890137
705,final,do,-7.783111572265625
706,final,do,-5.5160441398620605
707,final,do,-8.87130069732666
708,final,do,-6.169597625732422
709,final,do,-6.423934459686279
710,final,do,-8.231622695922852
711,final,do,-7.143363952636719
712,final,do,-7.589420318603516
713,final,do,-7.619488716125488
714,final,do,-7.680471897125244
715,final,do,-8.86288833618164
716,final,do,-7.346472263336182
717,final,do,-9.044157028198242
718,final,do,-8.573122024536133
719,final,do,-7.764697074890137
720,final,do,-6.326183319091797
721,final,do,-7.148683071136475
722,final,do,-6.771252155303955
723,final,do,-6.837097644805908
724,final,do,-7.274343967437744
725,final,pp,-6.207518100738525
726,final,pp,-6.289823532104492
727,final,pp,-3.7002503871917725
728,final,pp,-4.937911033630371
729,final,pp,-7.256382465362549
730,final,pp,-4.997966289520264
731,final,pp,-7.386936187744141
732,final,pp,-6.752931594848633
733,final,pp,-6.223379135131836
734,final,pp,-6.362229824066162
735,final,pp,-5.8326311111450195
736,final,pp,-7.228285312652588
737,final,pp,-6.626325607299805
738,final,pp,-5.766643047332764
739,final,pp,-5.984785556793213
740,final,pp,-6.316040992736816
741,final,pp,-5.932377815246582
742,final,pp,-5.19573974609375
743,final,pp,-6.327822208404541
744,final,pp,-6.188745975494385
745,final,pp,-5.707383155822754
746,final,pp,-5.4448699951171875
747,final,pp,-5.671823501586914
748,final,pp,-5.597031116485596
749,final,pp,-7.2643022537231445
750,final,pp,-5.936224937438965
751,final,pp,-6.096922397613525
752,final,pp,-5.5396833419799805
753,final,pp,-6.287028789520264
754,final,pp,-5.6342668533325195
755,final,pp,-5.206637382507324
756,final,pp,-4.943619728088379
757,final,pp,-5.637063980102539
758,final,pp,-5.429764270782471
759,final,pp,-5.3245320320129395
760,final,pp,-6.164403438568115
761,final,pp,-6.273735523223877
762,final,pp,-7.254451274871826
763,final,pp,-5.650408744812012
764,final,pp,-6.156544208526611
765,final,pp,-4.79007625579834
766,final,pp,-6.116269588470459
767,final,pp,-6.705513954162598
768,final,pp,-6.096134185791016
769,final,pp,-6.315841197967529
770,final,pp,-5.585849285125732
771,final,pp,-5.548675537109375
772,final,pp,-6.793734550476074
773,final,pp,-5.9686102867126465
774,final,pp,-4.305635452270508
775,final,pp,-5.253066539764404
776,final,pp,-5.020226955413818
777,final,pp,-4.3354315757751465
778,final,pp,-5.494133949279785
779,final,pp,-5.615777015686035
780,final,pp,-5.312934875488281
781,final,pp,-6.182509422302246
782,final,pp,-6.6286468505859375
783,final,pp,-7.302713871002197
784,final,pp,-7.057804107666016
785,final,do,-5.84708309173584
786,final,do,-4.437140464782715
787,final,do,-5.97483491897583
788,final,do,-4.766144752502441
789,final,do,-5.238600730895996
790,final,do,-4.837130546569824
791,final,do,-5.615544319152832
792,final,do,-5.474048137664795
793,final,do,-5.680471897125244
794,final,do,-5.80341100692749
795,final,do,-5.130233287811279
796,final,do,-4.5408220291137695
797,final,do,-4.8567986488342285
798,final,do,-6.991011619567871
799,final,do,-4.269258975982666
800,final,do,-4.120145797729492
801,final,do,-6.1105427742004395
802,final,do,-5.3051018714904785
803,final,do,-7.333885192871094
804,final,do,-6.823658466339111
805,final,do,-6.483142375946045
806,final,do,-4.143496990203857
807,final,do,-5.5335845947265625
808,final,do,-7.431845188140869
809,final,do,-5.780429363250732
810,final,do,-4.89542818069458
811,final,do,-6.663168430328369
812,final,do,-5.804364204406738
813,final,do,-5.335721969604492
814,final,do,-5.668710708618164
815,final,do,-5.170538425445557
816,final,do,-5.318624019622803
817,final,do,-4.261544227600098
818,final,do,-4.266916275024414
819,final,do,-5.99373197555542
820,final,do,-4.120145797729492
821,final,do,-6.434078216552734
822,final,do,-5.633482933044434
823,final,do,-5.7041778564453125
824,final,do,-6.383688926696777
825,final,do,-5.496120929718018
826,final,do,-4.587968349456787
827,final,do,-6.481560707092285
828,final,pp,-5.0756402015686035
829,final,pp,-4.7071638107299805
830,final,pp,-5.717411994934082
831,final,pp,-4.631801605224609
832,final,pp,-4.9980669021606445
833,final,pp,-4.786684989929199
834,final,pp,-5.840707778930664
835,final,pp,-5.478151798248291
836,final,pp,-5.603917121887207
837,final,pp,-5.241279602050781
838,final,pp,-5.20964241027832
839,final,pp,-4.65030574798584
840,final,pp,-4.358511924743652
841,final,pp,-6.2414374351501465
842,final,pp,-4.320369243621826
843,final,pp,-4.298227787017822
844,final,pp,-5.536611080169678
845,final,pp,-5.207481384277344
846,final,pp,-6.559229850769043
847,final,pp,-5.964590072631836
848,final,do,-5.661994457244873
849,final,do,-5.814365863800049
850,final,do,-4.706973552703857
851,final,do,-7.509208679199219
852,final,do,-5.073302745819092
853,final,do,-6.351397514343262
854,final,do,-6.698399066925049
855,final,do,-5.73105001449585
856,final,do,-5.396197319030762
857,final,do,-3.9071764945983887
858,final,do,-5.215814113616943
859,final,do,-5.868180751800537
860,final,do,-4.903088569641113
861,final,do,-4.055563449859619
862,final,do,-5.240089416503906
863,final,do,-4.925197601318359
864,final,do,-4.4464640617370605
865,final,do,-7.3824238777160645
866,final,do,-4.539205074310303
867,final,do,-5.78808069229126
868,final,do,-5.259507656097412
869,final,do,-5.055537700653076
870,final,do,-6.682454586029053
871,final,do,-4.990025520324707
872,final,do,-5.412083148956299
873,final,do,-6.042619705200195
874,final,do,-5.39619779586792
875,final,do,-5.553750514984131
876,final,do,-5.742173671722412
877,final,do,-5.499444484710693
878,final,do,-5.8263092041015625
879,final,do,-4.1466593742370605
880,final,do,-6.715900897979736
881,final,do,-5.66782808303833
882,final,do,-5.990029335021973
883,final,do,-5.202912330627441
884,final,do,-5.661993980407715
885,final,do,-5.672652244567871
886,final,do,-4.657626152038574
887,final,do,-5.457161903381348
888,final,do,-6.254464149475098
889,final,do,-6.056639671325684
890,final,do,-4.748209476470947
891,final,pp,-5.133338451385498
892,final,pp,-5.528289794921875
893,final,pp,-4.534685134887695
894,final,pp,-6.699428558349609
895,final,pp,-4.978286266326904
896,final,pp,-5.799136161804199
897,final,pp,-6.46675968170166
898,final,pp,-5.568174362182617
899,final,pp,-5.093130111694336
900,final,pp,-3.89096736907959
901,final,pp,-4.814197063446045
902,final,pp,-5.966562271118164
903,final,pp,-4.600545406341553
904,final,pp,-4.099405288696289
905,final,pp,-5.354102611541748
906,final,pp,-5.092375755310059
907,final,pp,-4.717461109161377
908,final,pp,-6.686886787414551
909,final,pp,-4.5262956619262695
910,final,pp,-5.493837356567383
911,final,do,-6.462418556213379
912,final,do,-5.775173187255859
913,final,do,-5.041346549987793
914,final,do,-5.51870584487915
915,final,do,-5.830635070800781
916,final,do,-4.975507736206055
917,final,do,-6.824200630187988
918,final,do,-6.386411190032959
919,final,do,-5.07469367980957
920,final,do,-6.0321173667907715
921,final,do,-6.523590564727783
922,final,do,-5.8136091232299805
923,final,do,-6.965401649475098
924,final,do,-5.7451043128967285
925,final,do,-6.024221420288086
926,final,do,-5.793267250061035
927,final,do,-6.319179058074951
928,final,do,-5.9958086013793945
929,final,do,-5.906220436096191
930,final,do,-4.398045539855957
931,final,do,-5.758501052856445
932,final,do,-5.271644592285156
933,final,do,-4.710831165313721
934,final,do,-4.341861248016357
935,final,do,-5.32499361038208
936,final,do,-5.266890048980713
937,final,do,-3.9309005737304688
938,final,do,-4.157777786254883
939,final,do,-6.860445499420166
940,final,do,-5.571346759796143
941,final,do,-5.489053726196289
942,final,do,-7.439014911651611
943,final,do,-5.876704692840576
944,final,do,-6.367892742156982
945,final,do,-5.051286220550537
946,final,do,-6.9921393394470215
947,final,do,-5.955359935760498
948,final,do,-4.466411590576172
949,final,do,-6.03211784362793
950,final,do,-5.371668338775635
951,final,do,-6.860664367675781
952,final,do,-5.665894031524658
953,final,do,-5.751546859741211
954,final,pp,-6.130194187164307
955,final,pp,-5.631270408630371
956,final,pp,-5.0739216804504395
957,final,pp,-5.381318092346191
958,final,pp,-5.6450114250183105
959,final,pp,-5.254363536834717
960,final,pp,-6.72078275680542
961,final,pp,-5.980982780456543
962,final,pp,-4.961459636688232
963,final,pp,-5.672387599945068
964,final,pp,-6.638736724853516
965,final,pp,-5.610326766967773
966,final,pp,-6.726553916931152
967,final,pp,-5.6196208000183105
968,final,pp,-6.137577056884766
969,final,pp,-5.400516033172607
970,final,pp,-5.969869136810303
971,final,pp,-5.879798889160156
972,final,pp,-5.900326728820801
973,final,pp,-4.701587677001953
974,final,do,-5.431498050689697
975,final,do,-4.949225902557373
976,final,do,-7.754892826080322
977,final,do,-6.103996276855469
978,final,do,-6.1782450675964355
979,final,do,-5.772462844848633
980,final,do,-6.859945774078369
981,final,do,-4.850019454956055
982,final,do,-6.501263618469238
983,final,do,-5.025810718536377
984,final,do,-6.449558734893799
985,final,do,-6.518646240234375
986,final,do,-6.995312213897705
987,final,do,-5.884207725524902
988,final,do,-6.639235973358154
989,final,do,-7.883863925933838
990,final,do,-7.214102268218994
991,final,do,-5.751259803771973
992,final,do,-5.971498489379883
993,final,do,-6.293744087219238
994,final,do,-5.016933917999268
995,final,do,-6.679198741912842
996,final,do,-5.180511474609375
997,final,do,-6.6494927406311035
998,final,do,-6.81620454788208
999,final,do,-5.85272741317749
1000,final,do,-4.739171504974365
1001,final,do,-5.705000400543213
1002,final,do,-6.072047233581543
1003,final,do,-6.293744087219238
1004,final,do,-5.832472801208496
1005,final,do,-5.990887641906738
1006,final,do,-6.726155757904053
1007,final,do,-5.735410690307617
1008,final,do,-5.90986967086792
1009,final,do,-5.664128303527832
1010,final,do,-6.179769039154053
1011,final,do,-6.6490607261657715
1012,final,do,-6.632323741912842
1013,final,do,-7.212128162384033
1014,final,do,-6.632323741912842
1015,final,do,-5.639805316925049
1016,final,do,-4.36818265914917
1017,final,pp,-4.210080623626709
1018,final,pp,-4.5399675369262695
1019,final,pp,-6.720602989196777
1020,final,pp,-5.314411163330078
1021,final,pp,-5.438902854919434
1022,final,pp,-5.272245407104492
1023,final,pp,-5.952354907989502
1024,final,pp,-4.397634506225586
1025,final,pp,-5.593344211578369
1026,final,pp,-4.75875186920166
1027,final,pp,-6.199316024780273
1028,final,pp,-6.259899616241455
1029,final,pp,-5.799058437347412
1030,final,pp,-5.28692102432251
1031,final,pp,-5.882221698760986
1032,final,pp,-6.545548915863037
1033,final,pp,-6.523879051208496
1034,final,pp,-5.246978282928467
1035,final,pp,-5.32882022857666
1036,final,pp,-5.601567268371582
1037,final,pp,-5.151218891143799
1038,final,pp,-4.561708450317383
1039,final,pp,-6.380125045776367
1040,final,pp,-5.8231892585754395
1041,final,pp,-4.883649826049805
1042,final,pp,-6.30178689956665
1043,final,pp,-6.5523223876953125
1044,final,pp,-4.169275283813477
1045,final,pp,-6.287322998046875
1046,final,pp,-5.713953495025635
1047,final,pp,-6.617474555969238
1048,final,pp,-5.41100549697876
1049,final,pp,-5.494211673736572
1050,final,pp,-5.206912040710449
1051,final,pp,-4.573063850402832
1052,final,pp,-6.00322961807251
1053,final,pp,-6.132596492767334
1054,final,pp,-5.326663494110107
1055,final,pp,-4.725894927978516
1056,final,pp,-5.318546772003174
1057,final,pp,-5.660328388214111
1058,final,pp,-5.057038307189941
1059,final,pp,-5.844754695892334
1060,final,pp,-5.306533336639404
1061,final,pp,-5.0640482902526855
1062,final,pp,-4.73401403427124
1063,final,pp,-4.521576881408691
1064,final,pp,-4.809373378753662
1065,final,pp,-6.333874225616455
1066,final,pp,-4.588977336883545
1067,final,pp,-5.602258682250977
1068,final,pp,-4.477455139160156
1069,final,pp,-4.461860656738281
1070,final,pp,-5.869794845581055
1071,final,pp,-5.110568523406982
1072,final,pp,-4.9484639167785645
1073,final,pp,-3.5242300033569336
1074,final,pp,-5.416993141174316
1075,final,pp,-4.966473579406738
1076,final,pp,-6.5469183921813965
1077,final,do,-7.047061443328857
1078,final,do,-6.638134002685547
1079,final,do,-7.483870983123779
1080,final,do,-5.937555313110352
1081,final,do,-4.875358581542969
1082,final,do,-6.169503688812256
1083,final,do,-6.1075119972229
1084,final,do,-6.2833571434021
1085,final,do,-5.8394293785095215
1086,final,do,-4.452895641326904
1087,final,do,-6.100061416625977
1088,final,do,-5.12187385559082
1089,final,do,-5.366990566253662
1090,final,do,-6.504543304443359
1091,final,do,-6.833818435668945
1092,final,do,-5.826642990112305
1093,final,do,-5.791898250579834
1094,final,do,-6.219542980194092
1095,final,do,-5.661478519439697
1096,final,do,-6.079385757446289
1097,final,do,-7.019893169403076
1098,final,do,-6.528465270996094
1099,final,do,-7.363624572753906
1100,final,do,-6.962329864501953
1101,final,do,-6.920257568359375
1102,final,do,-6.986394882202148
1103,final,do,-5.328409671783447
1104,final,do,-5.216531276702881
1105,final,do,-5.690999984741211
1106,final,do,-5.105369567871094
1107,final,do,-6.528465270996094
1108,final,do,-7.706844806671143
1109,final,do,-4.231335163116455
1110,final,do,-7.545511722564697
1111,final,do,-6.7900543212890625
1112,final,do,-4.549018383026123
1113,final,do,-6.096025466918945
1114,final,do,-5.263421535491943
1115,final,do,-5.636627674102783
1116,final,do,-6.640866756439209
1117,final,do,-7.215818405151367
1118,final,do,-6.6823201179504395
1119,final,do,-3.6445372104644775
1120,final,pp,-6.11167573928833
1121,final,pp,-6.198771953582764
1122,final,pp,-6.805258750915527
1123,final,pp,-5.056649208068848
1124,final,pp,-4.10403299331665
1125,final,pp,-5.271552085876465
1126,final,pp,-5.357472896575928
1127,final,pp,-5.412593841552734
1128,final,pp,-4.933964252471924
1129,final,pp,-3.943173408508301
1130,final,pp,-5.354956150054932
1131,final,pp,-4.366373062133789
1132,final,pp,-4.744822978973389
1133,final,pp,-5.908683776855469
1134,final,pp,-5.7776570320129395
1135,final,pp,-5.000842094421387
1136,final,pp,-4.922144412994385
1137,final,pp,-5.311207294464111
1138,final,pp,-5.411964416503906
1139,final,pp,-5.154404163360596
1140,final,do,-7.199066162109375
1141,final,do,-6.557283401489258
1142,final,do,-4.387091636657715
1143,final,do,-5.5574774742126465
1144,final,do,-5.8470611572265625
1145,final,do,-5.370018005371094
1146,final,do,-7.199066162109375
1147,final,do,-7.015449523925781
1148,final,do,-6.062311172485352
1149,final,do,-5.027016639709473
1150,final,do,-5.080319404602051
1151,final,do,-7.482019424438477
1152,final,do,-6.323726654052734
1153,final,do,-7.184621810913086
1154,final,do,-6.33390998840332
1155,final,do,-4.4292402267456055
1156,final,do,-5.490344524383545
1157,final,do,-5.528382301330566
1158,final,do,-6.9874420166015625
1159,final,do,-5.888702392578125
1160,final,do,-6.933135986328125
1161,final,do,-3.79510235786438
1162,final,do,-6.81680154800415
1163,final,do,-5.959882736206055
1164,final,do,-6.557283401489258
1165,final,do,-5.206846237182617
1166,final,do,-7.397202968597412
1167,final,do,-4.59432315826416
1168,final,do,-6.0266289710998535
1169,final,do,-5.683339595794678
1170,final,do,-4.858434677124023
1171,final,do,-5.914247512817383
1172,final,do,-5.490344524383545
1173,final,do,-6.8622612953186035
1174,final,do,-6.167840480804443
1175,final,do,-6.167840480804443
1176,final,do,-7.089851379394531
1177,final,do,-6.7607598304748535
1178,final,do,-5.056633949279785
1179,final,do,-4.4292402267456055
1180,final,do,-6.81680154800415
1181,final,do,-6.498632907867432
1182,final,do,-4.59432315826416
1183,final,pp,-6.552554607391357
1184,final,pp,-6.1465229988098145
1185,final,pp,-4.068929672241211
1186,final,pp,-4.851773262023926
1187,final,pp,-5.74727201461792
1188,final,pp,-4.576004981994629
1189,final,pp,-6.552553653717041
1190,final,pp,-6.415165901184082
1191,final,pp,-5.3651123046875
1192,final,pp,-4.40589714050293
1193,final,pp,-4.968005657196045
1194,final,pp,-7.070404529571533
1195,final,pp,-5.448731899261475
1196,final,pp,-6.62445068359375
1197,final,pp,-5.481821537017822
1198,final,pp,-3.7807624340057373
1199,final,pp,-5.344785690307617
1200,final,pp,-5.5105109214782715
1201,final,pp,-6.528662204742432
1202,final,pp,-4.937838554382324
1203,final,do,-6.8378167152404785
1204,final,do,-5.399287223815918
1205,final,do,-6.641873836517334
1206,final,do,-6.245233535766602
1207,final,do,-7.1279296875
1208,final,do,-6.112149238586426
1209,final,do,-7.060398578643799
1210,final,do,-6.05594539642334
1211,final,do,-5.080752372741699
1212,final,do,-6.5897674560546875
1213,final,do,-6.394472122192383
1214,final,do,-4.481799125671387
1215,final,do,-4.9179463386535645
1216,final,do,-5.731330394744873
1217,final,do,-6.260043621063232
1218,final,do,-5.659327507019043
1219,final,do,-6.280546188354492
1220,final,do,-6.589498996734619
1221,final,do,-4.872871398925781
1222,final,do,-4.862818717956543
1223,final,do,-7.109169006347656
1224,final,do,-6.42596435546875
1225,final,do,-7.383273124694824
1226,final,do,-6.501075744628906
1227,final,do,-7.194782257080078
1228,final,do,-6.669514179229736
1229,final,do,-5.395954132080078
1230,final,do,-6.0553083419799805
1231,final,do,-5.492356300354004
1232,final,do,-5.437071800231934
1233,final,do,-5.922957420349121
1234,final,do,-6.4399285316467285
1235,final,do,-6.266869068145752
1236,final,do,-6.622478485107422
1237,final,do,-6.126142978668213
1238,final,do,-7.23219633102417
1239,final,do,-3.749537229537964
1240,final,do,-5.87223482131958
1241,final,do,-6.659921646118164
1242,final,do,-4.6610517501831055
1243,final,do,-5.098864555358887
1244,final,do,-6.172113418579102
1245,final,do,-4.9525146484375
1246,final,pp,-6.614936828613281
1247,final,pp,-4.627207279205322
1248,final,pp,-6.227858066558838
1249,final,pp,-5.349477291107178
1250,final,pp,-5.959966659545898
1251,final,pp,-5.568484306335449
1252,final,pp,-6.739371299743652
1253,final,pp,-5.614988803863525
1254,final,pp,-4.292276859283447
1255,final,pp,-6.2141313552856445
1256,final,pp,-5.892736434936523
1257,final,pp,-4.244142055511475
1258,final,pp,-4.491873741149902
1259,final,pp,-5.073762893676758
1260,final,pp,-5.25405216217041
1261,final,pp,-4.687972068786621
1262,final,pp,-5.627870082855225
1263,final,pp,-5.986105918884277
1264,final,pp,-4.805294990539551
1265,final,pp,-4.510188579559326
1266,final,do,-6.041329860687256
1267,final,do,-7.010687351226807
1268,final,do,-6.008453845977783
1269,final,do,-4.639283657073975
1270,final,do,-5.320921897888184
1271,final,do,-7.362855434417725
1272,final,do,-8.75858211517334
1273,final,do,-8.137969970703125
1274,final,do,-5.10455846786499
1275,final,do,-7.836549758911133
1276,final,do,-7.412193298339844
1277,final,do,-5.407238960266113
1278,final,do,-7.80475378036499
1279,final,do,-6.14452600479126
1280,final,do,-7.052846431732178
1281,final,do,-7.26123571395874
1282,final,do,-5.643258571624756
1283,final,do,-7.983832836151123
1284,final,do,-5.988261699676514
1285,final,do,-7.536369323730469
1286,final,do,-5.976628303527832
1287,final,do,-7.403029918670654
1288,final,do,-8.364690780639648
1289,final,do,-7.514519214630127
1290,final,do,-6.359147548675537
1291,final,do,-7.697962760925293
1292,final,do,-6.915083408355713
1293,final,do,-8.262236595153809
1294,final,do,-6.212482452392578
1295,final,do,-6.346864223480225
1296,final,do,-6.302744388580322
1297,final,do,-7.259162425994873
1298,final,do,-6.495408535003662
1299,final,do,-4.600896835327148
1300,final,do,-7.065375804901123
1301,final,do,-8.095190048217773
1302,final,do,-6.98993444442749
1303,final,do,-7.638528823852539
1304,final,do,-6.13283634185791
1305,final,do,-6.153778076171875
1306,final,do,-6.784689426422119
1307,final,do,-6.7881317138671875
1308,final,do,-6.9976959228515625
1309,final,pp,-5.051100254058838
1310,final,pp,-5.947975158691406
1311,final,pp,-4.466840744018555
1312,final,pp,-3.20987868309021
1313,final,pp,-3.8645224571228027
1314,final,pp,-5.909988880157471
1315,final,pp,-7.967156887054443
1316,final,pp,-7.114003658294678
1317,final,pp,-3.6668944358825684
1318,final,pp,-7.155961036682129
1319,final,pp,-5.87418270111084
1320,final,pp,-4.957127094268799
1321,final,pp,-6.426621437072754
1322,final,pp,-4.6516594886779785
1323,final,pp,-5.597699165344238
1324,final,pp,-5.629787445068359
1325,final,pp,-4.259360313415527
1326,final,pp,-7.067900657653809
1327,final,pp,-4.466026306152344
1328,final,pp,-5.62119197845459
1329,final,pp,-4.6368231773376465
1330,final,pp,-4.3888773918151855
1331,final,pp,-5.850969314575195
1332,final,pp,-5.7193169593811035
1333,final,pp,-5.428767681121826
1334,final,pp,-5.220785140991211
1335,final,pp,-4.31765079498291
1336,final,pp,-5.270345211029053
1337,final,pp,-5.276318550109863
1338,final,pp,-5.520529747009277
1339,final,pp,-4.53896427154541
1340,final,pp,-5.148068428039551
1341,final,pp,-5.466858386993408
1342,final,pp,-6.135467529296875
1343,final,pp,-6.335891246795654
1344,final,pp,-4.847167015075684
1345,final,pp,-6.453046798706055
1346,final,pp,-4.0071024894714355
1347,final,pp,-6.825765609741211
1348,final,pp,-5.271590232849121
1349,final,pp,-4.506114959716797
1350,final,pp,-5.165717124938965
1351,final,pp,-5.432470798492432
1352,final,pp,-4.856905937194824
1353,final,pp,-5.224968910217285
1354,final,pp,-3.4308831691741943
1355,final,pp,-3.2859535217285156
1356,final,pp,-4.911799430847168
1357,final,pp,-5.6415910720825195
1358,final,pp,-5.624449253082275
1359,final,pp,-4.3575310707092285
1360,final,pp,-4.83969783782959
1361,final,pp,-5.2305908203125
1362,final,pp,-5.618140697479248
1363,final,pp,-4.809096336364746
1364,final,pp,-5.190338611602783
1365,final,pp,-6.029916286468506
1366,final,pp,-5.508556842803955
1367,final,pp,-4.804790496826172
1368,final,pp,-5.321203231811523
1,best,pp,-4.893101692199707
2,best,pp,-5.3508172035217285
3,best,pp,-4.921499729156494
4,best,pp,-5.512472152709961
5,best,pp,-4.584108829498291
6,best,pp,-4.777207851409912
7,best,pp,-4.816683292388916
8,best,pp,-4.5110650062561035
9,best,pp,-3.7689082622528076
10,best,pp,-4.777511119842529
11,best,pp,-5.288534164428711
12,best,pp,-3.531726837158203
13,best,pp,-4.704742431640625
14,best,pp,-3.6161231994628906
15,best,pp,-5.3959641456604
16,best,pp,-4.5110650062561035
17,best,pp,-5.1525421142578125
18,best,pp,-3.4940872192382812
19,best,pp,-4.880842685699463
20,best,pp,-4.0948967933654785
21,best,pp,-5.006937503814697
22,best,pp,-5.621608257293701
23,best,pp,-5.192627429962158
24,best,pp,-5.182662487030029
25,best,pp,-5.721591949462891
26,best,pp,-5.7060160636901855
27,best,pp,-5.4880242347717285
28,best,pp,-5.591823101043701
29,best,pp,-4.799495220184326
30,best,pp,-5.36719274520874
31,best,pp,-5.460468292236328
32,best,pp,-5.182662487030029
33,best,pp,-5.460823059082031
34,best,pp,-5.5131659507751465
35,best,pp,-4.07008695602417
36,best,pp,-4.147475719451904
37,best,pp,-4.799495697021484
38,best,pp,-4.095846652984619
39,best,pp,-5.796846389770508
40,best,pp,-5.118524074554443
41,best,pp,-4.668260097503662
42,best,pp,-4.696243762969971
43,best,pp,-3.8774490356445312
44,best,pp,-5.363339424133301
45,best,pp,-5.976152420043945
46,best,pp,-4.618403911590576
47,best,pp,-6.051611423492432
48,best,pp,-4.789502143859863
49,best,pp,-4.514279365539551
50,best,pp,-4.523334980010986
51,best,pp,-5.220120429992676
52,best,pp,-4.319332122802734
53,best,pp,-5.762846946716309
54,best,pp,-5.075170040130615
55,best,pp,-4.69376277923584
56,best,pp,-3.261751413345337
57,best,pp,-4.104779243469238
58,best,pp,-5.475839138031006
59,best,pp,-4.819326400756836
60,best,pp,-5.387054920196533
61,best,pp,-4.936176300048828
62,best,pp,-5.188050746917725
63,best,pp,-4.634970188140869
64,best,pp,-5.233597278594971
65,best,pp,-5.819949150085449
66,best,pp,-5.239339351654053
67,best,pp,-3.9294276237487793
68,best,pp,-5.392093181610107
69,best,pp,-5.552639484405518
70,best,pp,-5.169525623321533
71,best,pp,-3.8685595989227295
72,best,pp,-5.388693332672119
73,best,pp,-5.037914276123047
74,best,pp,-6.184848308563232
75,best,pp,-5.082547664642334
76,best,pp,-4.725024700164795
77,best,pp,-5.24899435043335
78,best,pp,-3.718320608139038
79,best,pp,-5.228331089019775
80,best,pp,-5.178840160369873
81,best,pp,-4.558613300323486
82,best,pp,-5.157224655151367
83,best,pp,-5.268685817718506
84,best,pp,-5.125245094299316
85,best,pp,-5.157224655151367
86,best,pp,-5.080711364746094
87,best,pp,-4.347856044769287
88,best,pp,-4.378188133239746
89,best,pp,-4.886895656585693
90,best,pp,-4.7256083488464355
91,best,pp,-4.634367942810059
92,best,pp,-5.935912132263184
93,best,pp,-5.418808937072754
94,best,pp,-4.862354755401611
95,best,pp,-4.61569881439209
96,best,pp,-4.907418727874756
97,best,pp,-5.437820911407471
98,best,pp,-5.671694755554199
99,best,pp,-5.063724994659424
100,best,pp,-4.912214756011963
101,best,pp,-5.029568672180176
102,best,pp,-4.733423709869385
103,best,pp,-5.1183929443359375
104,best,pp,-4.883004665374756
105,best,pp,-4.904934406280518
106,best,pp,-5.855861186981201
107,best,pp,-4.379329204559326
108,best,pp,-5.377677917480469
109,best,pp,-6.2015910148620605
110,best,pp,-6.05446720123291
111,best,pp,-4.897037029266357
112,best,pp,-5.314911842346191
113,best,pp,-5.5493316650390625
114,best,pp,-5.191067218780518
115,best,pp,-5.178487300872803
116,best,pp,-3.196242094039917
117,best,pp,-5.637095928192139
118,best,pp,-5.45697546005249
119,best,pp,-5.61538028717041
120,best,pp,-5.539941310882568
121,best,pp,-4.656978607177734
122,best,pp,-4.6974711418151855
123,best,pp,-5.188581466674805
124,best,pp,-4.782139778137207
125,best,pp,-3.364678144454956
126,best,pp,-4.232534885406494
127,best,pp,-3.3455088138580322
128,best,pp,-4.9657721519470215
129,best,pp,-4.384701728820801
130,best,pp,-3.357802152633667
131,best,pp,-4.384701728820801
132,best,pp,-4.697470188140869
133,best,pp,-5.216293811798096
134,best,pp,-4.080973148345947
135,best,pp,-4.697470188140869
136,best,pp,-4.232534885406494
137,best,pp,-4.6744279861450195
138,best,pp,-3.251521587371826
139,best,pp,-3.8858368396759033
140,best,pp,-4.208996295928955
141,best,pp,-4.427831649780273
142,best,pp,-5.043326377868652
143,best,pp,-4.489186763763428
144,best,pp,-5.541012763977051
145,best,pp,-3.490839719772339
146,best,pp,-4.151193141937256
147,best,pp,-4.786747932434082
148,best,pp,-4.661262035369873
149,best,pp,-4.251561641693115
150,best,pp,-3.9934401512145996
151,best,pp,-5.678723335266113
152,best,pp,-4.314736366271973
153,best,pp,-4.846311092376709
154,best,pp,-5.173206329345703
155,best,pp,-4.800877571105957
156,best,pp,-5.295487880706787
157,best,pp,-4.731138229370117
158,best,pp,-4.399564743041992
159,best,pp,-4.54661750793457
160,best,pp,-5.135740756988525
161,best,pp,-5.765975475311279
162,best,pp,-4.3046793937683105
163,best,pp,-4.528304576873779
164,best,pp,-2.7988226413726807
165,best,pp,-4.349005222320557
166,best,pp,-3.1449742317199707
167,best,pp,-5.567228317260742
168,best,pp,-5.550124645233154
169,best,pp,-4.245847225189209
170,best,pp,-4.543177604675293
171,best,pp,-4.528304576873779
172,best,pp,-3.1800432205200195
173,best,pp,-4.101222515106201
174,best,pp,-5.600252628326416
175,best,pp,-3.634291410446167
176,best,pp,-4.349005222320557
177,best,pp,-4.528756618499756
178,best,pp,-5.4248785972595215
179,best,pp,-4.39797830581665
180,best,pp,-5.531803131103516
181,best,pp,-4.162148475646973
182,best,pp,-5.394961833953857
183,best,pp,-4.40327787399292
184,best,pp,-5.142190456390381
185,best,pp,-5.167375564575195
186,best,pp,-5.073295593261719
187,best,pp,-4.026247501373291
188,best,pp,-4.267004489898682
189,best,pp,-4.54604434967041
190,best,pp,-4.307120323181152
191,best,pp,-5.108607769012451
192,best,pp,-4.929385662078857
193,best,pp,-4.562136650085449
194,best,pp,-3.37398624420166
195,best,pp,-4.94504451751709
196,best,pp,-4.285149574279785
197,best,pp,-4.748693943023682
198,best,pp,-4.505430698394775
199,best,pp,-5.326197624206543
200,best,pp,-5.443075180053711
201,best,pp,-3.8407819271087646
202,best,pp,-2.881868839263916
203,best,pp,-5.949432373046875
204,best,pp,-4.455012321472168
205,best,pp,-5.348968029022217
206,best,pp,-4.293347358703613
207,best,pp,-5.83571720123291
208,best,pp,-4.246396064758301
209,best,pp,-4.51681661605835
210,best,pp,-3.73750638961792
211,best,pp,-4.73157262802124
212,best,pp,-5.454849720001221
213,best,pp,-3.4861721992492676
214,best,pp,-5.533908367156982
215,best,pp,-4.599682807922363
216,best,pp,-3.8263204097747803
217,best,pp,-4.098331928253174
218,best,pp,-5.000629901885986
219,best,pp,-4.34385347366333
220,best,pp,-4.644747257232666
221,best,do,-6.093960285186768
222,best,do,-5.787026405334473
223,best,do,-5.11575984954834
224,best,do,-4.173036575317383
225,best,do,-5.70459508895874
226,best,do,-5.406584739685059
227,best,do,-5.819569110870361
228,best,do,-6.474442958831787
229,best,do,-6.143119812011719
230,best,do,-6.256958961486816
231,best,do,-5.975345611572266
232,best,do,-5.834413051605225
233,best,do,-6.540732383728027
234,best,do,-6.474442958831787
235,best,do,-3.7346739768981934
236,best,do,-5.099180698394775
237,best,do,-5.771228313446045
238,best,do,-4.8956193923950195
239,best,do,-6.211680889129639
240,best,do,-4.821416854858398
241,best,do,-6.540732383728027
242,best,do,-5.663666725158691
243,best,do,-6.19515323638916
244,best,do,-4.8956193923950195
245,best,do,-5.6338372230529785
246,best,do,-4.884599208831787
247,best,do,-5.814627647399902
248,best,do,-4.852560520172119
249,best,do,-5.021984577178955
250,best,do,-4.0270843505859375
251,best,do,-5.664206504821777
252,best,do,-6.298720836639404
253,best,do,-6.40169620513916
254,best,do,-5.791987895965576
255,best,do,-5.960331439971924
256,best,do,-5.260265827178955
257,best,do,-6.211932182312012
258,best,do,-5.791987895965576
259,best,do,-4.651676654815674
260,best,do,-5.664206504821777
261,best,do,-4.0270843505859375
262,best,do,-4.681164741516113
263,best,do,-5.613616943359375
264,best,pp,-5.189516067504883
265,best,pp,-5.040467739105225
266,best,pp,-4.488755226135254
267,best,pp,-3.507918119430542
268,best,pp,-5.073646068572998
269,best,pp,-4.77534294128418
270,best,pp,-5.126165390014648
271,best,pp,-5.476405620574951
272,best,pp,-5.613960266113281
273,best,pp,-5.397077560424805
274,best,pp,-5.099850654602051
275,best,pp,-4.840946674346924
276,best,pp,-5.464344024658203
277,best,pp,-5.476405620574951
278,best,pp,-3.3920774459838867
279,best,pp,-4.4707794189453125
280,best,pp,-5.197232723236084
281,best,pp,-4.332409858703613
282,best,pp,-5.413717269897461
283,best,pp,-4.366264343261719
284,best,do,-5.1672282218933105
285,best,do,-4.294146537780762
286,best,do,-6.316148281097412
287,best,do,-5.667912006378174
288,best,do,-5.50717306137085
289,best,do,-4.562747955322266
290,best,do,-5.43619966506958
291,best,do,-6.271843433380127
292,best,do,-5.50717306137085
293,best,do,-5.390186309814453
294,best,do,-4.675504207611084
295,best,do,-5.483611106872559
296,best,do,-4.459346294403076
297,best,do,-5.958322048187256
298,best,do,-5.5336012840271
299,best,do,-5.55502462387085
300,best,do,-6.090449333190918
301,best,do,-4.428771495819092
302,best,do,-5.327435493469238
303,best,do,-5.209593296051025
304,best,do,-4.664809226989746
305,best,do,-5.43619966506958
306,best,do,-5.245589256286621
307,best,do,-4.811001300811768
308,best,do,-5.667912006378174
309,best,do,-5.377952575683594
310,best,do,-4.593842506408691
311,best,do,-5.788010597229004
312,best,do,-5.667912006378174
313,best,do,-6.288913726806641
314,best,do,-5.067692279815674
315,best,do,-6.134451866149902
316,best,do,-5.517182350158691
317,best,do,-7.141786098480225
318,best,do,-4.593842506408691
319,best,do,-4.428771495819092
320,best,do,-4.625315189361572
321,best,do,-5.017986297607422
322,best,do,-6.316148281097412
323,best,do,-6.653181552886963
324,best,do,-5.855683326721191
325,best,do,-6.638585567474365
326,best,do,-6.316407203674316
327,best,pp,-4.547760963439941
328,best,pp,-3.950953245162964
329,best,pp,-5.527514934539795
330,best,pp,-5.11060905456543
331,best,pp,-5.08347225189209
332,best,pp,-3.8512933254241943
333,best,pp,-4.9479146003723145
334,best,pp,-5.659102439880371
335,best,pp,-5.08347225189209
336,best,pp,-4.7894697189331055
337,best,pp,-4.406339645385742
338,best,pp,-4.830665588378906
339,best,pp,-4.081197261810303
340,best,pp,-5.417863845825195
341,best,pp,-4.952054977416992
342,best,pp,-5.119358539581299
343,best,pp,-5.58873176574707
344,best,pp,-4.0194783210754395
345,best,pp,-4.764288902282715
346,best,pp,-4.666390419006348
347,best,do,-5.630615234375
348,best,do,-4.698207378387451
349,best,do,-5.37976598739624
350,best,do,-4.912652969360352
351,best,do,-5.8589606285095215
352,best,do,-5.188137531280518
353,best,do,-5.94242525100708
354,best,do,-5.371766567230225
355,best,do,-5.753950119018555
356,best,do,-5.722120761871338
357,best,do,-5.864901065826416
358,best,do,-6.056857585906982
359,best,do,-5.879971504211426
360,best,do,-5.842084884643555
361,best,do,-5.862205505371094
362,best,do,-5.513373374938965
363,best,do,-6.313244819641113
364,best,do,-5.920318603515625
365,best,do,-6.497713088989258
366,best,do,-5.01765251159668
367,best,do,-5.48734188079834
368,best,do,-4.960203170776367
369,best,do,-5.268499851226807
370,best,do,-4.346782207489014
371,best,do,-5.63801383972168
372,best,do,-6.527779579162598
373,best,do,-4.997880458831787
374,best,do,-5.965461730957031
375,best,do,-4.518893241882324
376,best,do,-6.307732582092285
377,best,do,-4.896052837371826
378,best,do,-5.708637237548828
379,best,do,-5.2727227210998535
380,best,do,-5.542577266693115
381,best,do,-6.781457424163818
382,best,do,-6.001778602600098
383,best,do,-5.004643440246582
384,best,do,-5.63801383972168
385,best,do,-4.698578357696533
386,best,do,-4.997880458831787
387,best,do,-5.7924699783325195
388,best,do,-4.686969757080078
389,best,do,-6.576970100402832
390,best,pp,-4.844534873962402
391,best,pp,-4.189781665802002
392,best,pp,-4.817679405212402
393,best,pp,-4.398530006408691
394,best,pp,-5.068723678588867
395,best,pp,-4.632655143737793
396,best,pp,-5.303923606872559
397,best,pp,-4.678276538848877
398,best,pp,-4.97566032409668
399,best,pp,-4.60817813873291
400,best,pp,-5.27152156829834
401,best,pp,-5.629810810089111
402,best,pp,-5.302095890045166
403,best,pp,-5.206819534301758
404,best,pp,-5.009280681610107
405,best,pp,-4.7813825607299805
406,best,pp,-5.479999542236328
407,best,pp,-5.234037399291992
408,best,pp,-5.9840593338012695
409,best,pp,-4.6180739402771
410,best,do,-6.152270317077637
411,best,do,-5.4983320236206055
412,best,do,-6.041723728179932
413,best,do,-7.1736650466918945
414,best,do,-7.008083343505859
415,best,do,-6.169760704040527
416,best,do,-6.195822715759277
417,best,do,-5.607524871826172
418,best,do,-4.532060623168945
419,best,do,-6.308290481567383
420,best,do,-7.269571304321289
421,best,do,-6.7770819664001465
422,best,do,-6.5945281982421875
423,best,do,-7.607736110687256
424,best,do,-5.949278831481934
425,best,do,-6.311624050140381
426,best,do,-4.896359920501709
427,best,do,-6.611062049865723
428,best,do,-6.197361469268799
429,best,do,-6.354220867156982
430,best,do,-7.510703086853027
431,best,do,-6.466578483581543
432,best,do,-6.611062049865723
433,best,do,-6.079039573669434
434,best,do,-7.967095375061035
435,best,do,-6.082372188568115
436,best,do,-6.402797222137451
437,best,do,-6.080958366394043
438,best,do,-6.087459564208984
439,best,do,-7.593005180358887
440,best,do,-7.154746055603027
441,best,do,-6.339064121246338
442,best,do,-6.522894859313965
443,best,do,-6.2038044929504395
444,best,do,-5.7353997230529785
445,best,do,-6.604133129119873
446,best,do,-6.311624050140381
447,best,do,-6.923001766204834
448,best,do,-5.4084577560424805
449,best,do,-4.722747802734375
450,best,do,-6.3084540367126465
451,best,do,-7.2052226066589355
452,best,do,-6.2216339111328125
453,best,pp,-5.209482192993164
454,best,pp,-4.371559143066406
455,best,pp,-4.796199798583984
456,best,pp,-6.282236099243164
457,best,pp,-5.587399482727051
458,best,pp,-5.120595932006836
459,best,pp,-4.934183120727539
460,best,pp,-4.412204742431641
461,best,pp,-3.910660982131958
462,best,pp,-4.988615036010742
463,best,pp,-6.760035037994385
464,best,pp,-5.755127906799316
465,best,pp,-5.468449115753174
466,best,pp,-6.057949066162109
467,best,pp,-4.926985740661621
468,best,pp,-5.6250810623168945
469,best,pp,-3.798405408859253
470,best,pp,-5.4611310958862305
471,best,pp,-4.986605167388916
472,best,pp,-4.985987663269043
473,best,pp,-5.458271503448486
474,best,pp,-5.897665023803711
475,best,pp,-5.332479476928711
476,best,pp,-5.402976989746094
477,best,pp,-4.283340930938721
478,best,pp,-4.757055282592773
479,best,pp,-5.276581764221191
480,best,pp,-5.881575107574463
481,best,pp,-5.499223709106445
482,best,pp,-5.264920234680176
483,best,pp,-4.465070724487305
484,best,pp,-5.854246139526367
485,best,pp,-6.116111755371094
486,best,pp,-4.6727423667907715
487,best,pp,-5.462037086486816
488,best,pp,-4.517841815948486
489,best,pp,-4.716552257537842
490,best,pp,-5.435235500335693
491,best,pp,-4.656473159790039
492,best,pp,-5.389136791229248
493,best,do,-6.848236560821533
494,best,do,-6.691134452819824
495,best,do,-6.03877592086792
496,best,do,-6.2849297523498535
497,best,do,-7.701545715332031
498,best,do,-4.353793621063232
499,best,do,-6.249943733215332
500,best,do,-6.969273567199707
501,best,do,-5.766960144042969
502,best,do,-4.8834967613220215
503,best,do,-6.573575019836426
504,best,do,-5.761299133300781
505,best,do,-7.0882110595703125
506,best,do,-5.946225643157959
507,best,do,-7.23623514175415
508,best,do,-6.321965217590332
509,best,do,-6.510960578918457
510,best,do,-6.419925212860107
511,best,do,-5.37562370300293
512,best,do,-6.57891845703125
513,best,do,-6.334155559539795
514,best,do,-6.848184108734131
515,best,do,-6.3340935707092285
516,best,do,-6.790545463562012
517,best,do,-5.591650485992432
518,best,do,-6.363875865936279
519,best,do,-7.220990180969238
520,best,do,-5.998408794403076
521,best,do,-6.931431770324707
522,best,do,-6.226595401763916
523,best,do,-6.124944686889648
524,best,do,-6.113872528076172
525,best,do,-6.8939666748046875
526,best,do,-6.8626227378845215
527,best,do,-5.003927230834961
528,best,do,-6.843821048736572
529,best,do,-6.843821048736572
530,best,do,-7.252194404602051
531,best,do,-7.727481842041016
532,best,do,-6.538227081298828
533,best,do,-7.433490753173828
534,best,do,-5.660977840423584
535,best,do,-5.196531295776367
536,best,pp,-6.547119617462158
537,best,pp,-6.524969100952148
538,best,pp,-4.988394737243652
539,best,pp,-5.293086528778076
540,best,pp,-6.962003231048584
541,best,pp,-3.6722984313964844
542,best,pp,-4.850788116455078
543,best,pp,-5.92632532119751
544,best,pp,-5.063579082489014
545,best,pp,-4.313491344451904
546,best,pp,-5.331961154937744
547,best,pp,-5.02360200881958
548,best,pp,-6.147670745849609
549,best,pp,-5.0800604820251465
550,best,pp,-6.162940979003906
551,best,pp,-5.220646381378174
552,best,pp,-4.930140018463135
553,best,pp,-6.089783668518066
554,best,pp,-4.519379138946533
555,best,pp,-5.416785717010498
556,best,do,-5.268334865570068
557,best,do,-6.6133222579956055
558,best,do,-6.871896266937256
559,best,do,-6.728391170501709
560,best,do,-7.085062503814697
561,best,do,-5.847731113433838
562,best,do,-6.3163251876831055
563,best,do,-6.350528717041016
564,best,do,-6.6133222579956055
565,best,do,-6.574198246002197
566,best,do,-3.3783671855926514
567,best,do,-5.3740081787109375
568,best,do,-6.358668804168701
569,best,do,-6.605481147766113
570,best,do,-4.6352691650390625
571,best,do,-6.270600318908691
572,best,do,-5.610074996948242
573,best,do,-6.216238975524902
574,best,do,-6.216238975524902
575,best,do,-7.222962856292725
576,best,do,-6.728043079376221
577,best,do,-4.938802719116211
578,best,do,-5.610074996948242
579,best,do,-6.258076190948486
580,best,do,-5.284832954406738
581,best,do,-6.358668804168701
582,best,do,-6.875998020172119
583,best,do,-4.774816036224365
584,best,do,-3.8871207237243652
585,best,do,-6.502633094787598
586,best,do,-6.229103088378906
587,best,do,-6.195125579833984
588,best,do,-4.774816036224365
589,best,do,-6.061546325683594
590,best,do,-5.912312984466553
591,best,do,-5.382665634155273
592,best,do,-6.232469081878662
593,best,do,-5.382665634155273
594,best,do,-6.363612174987793
595,best,do,-6.871896266937256
596,best,do,-6.763853549957275
597,best,do,-6.358668804168701
598,best,do,-6.574198246002197
599,best,pp,-5.085052490234375
600,best,pp,-6.304523468017578
601,best,pp,-6.5195488929748535
602,best,pp,-6.060032367706299
603,best,pp,-6.364572525024414
604,best,pp,-5.5253586769104
605,best,pp,-6.081312656402588
606,best,pp,-5.335299015045166
607,best,pp,-6.304523468017578
608,best,pp,-5.602748394012451
609,best,pp,-3.51629376411438
610,best,pp,-4.786299705505371
611,best,pp,-5.833528518676758
612,best,pp,-6.498752593994141
613,best,pp,-4.233182430267334
614,best,pp,-5.274890899658203
615,best,pp,-5.3482232093811035
616,best,pp,-5.230332851409912
617,best,pp,-5.230332851409912
618,best,pp,-6.551363468170166
619,best,do,-5.487292289733887
620,best,do,-5.466047286987305
621,best,do,-5.619822025299072
622,best,do,-5.656708717346191
623,best,do,-6.02064847946167
624,best,do,-5.057709693908691
625,best,do,-5.718702793121338
626,best,do,-5.857252597808838
627,best,do,-5.827873229980469
628,best,do,-6.350290775299072
629,best,do,-5.80817985534668
630,best,do,-4.459503650665283
631,best,do,-5.235773086547852
632,best,do,-5.391197204589844
633,best,do,-4.7599592208862305
634,best,do,-6.368541240692139
635,best,do,-5.6244635581970215
636,best,do,-6.541706085205078
637,best,do,-5.235773086547852
638,best,do,-5.418170928955078
639,best,do,-5.71945858001709
640,best,do,-5.649238586425781
641,best,do,-6.102933406829834
642,best,do,-6.9845476150512695
643,best,do,-6.6048150062561035
644,best,do,-4.732619285583496
645,best,do,-7.197041988372803
646,best,do,-6.152365684509277
647,best,do,-6.5057806968688965
648,best,do,-6.534388542175293
649,best,do,-6.052685260772705
650,best,do,-7.318110466003418
651,best,do,-7.113979339599609
652,best,do,-6.396188259124756
653,best,do,-6.321016788482666
654,best,do,-5.002175807952881
655,best,do,-6.619132041931152
656,best,do,-6.51902437210083
657,best,do,-7.408993244171143
658,best,do,-5.235773086547852
659,best,do,-7.021639823913574
660,best,do,-7.372242450714111
661,best,do,-5.331257343292236
662,best,pp,-5.075024127960205
663,best,pp,-4.554243087768555
664,best,pp,-4.55224609375
665,best,pp,-5.260937213897705
666,best,pp,-5.549167633056641
667,best,pp,-4.779285907745361
668,best,pp,-5.539259910583496
669,best,pp,-5.281601905822754
670,best,pp,-5.517484664916992
671,best,pp,-5.805394172668457
672,best,pp,-5.228769302368164
673,best,pp,-3.733167886734009
674,best,pp,-4.6539626121521
675,best,pp,-4.3975958824157715
676,best,pp,-4.226941108703613
677,best,pp,-5.74871826171875
678,best,pp,-4.596721172332764
679,best,pp,-5.299062252044678
680,best,pp,-4.6539626121521
681,best,pp,-5.22807502746582
682,best,do,-6.727105140686035
683,best,do,-6.801487922668457
684,best,do,-4.6756911277771
685,best,do,-5.47405481338501
686,best,do,-6.930886745452881
687,best,do,-5.877264499664307
688,best,do,-7.436541557312012
689,best,do,-7.2255449295043945
690,best,do,-6.6956658363342285
691,best,do,-7.212483882904053
692,best,do,-6.569283485412598
693,best,do,-7.796175956726074
694,best,do,-7.0017547607421875
695,best,do,-6.467737197875977
696,best,do,-7.295285224914551
697,best,do,-6.597724914550781
698,best,do,-6.70332670211792
699,best,do,-5.727099895477295
700,best,do,-6.675601005554199
701,best,do,-6.3547492027282715
702,best,do,-6.802855014801025
703,best,do,-5.153816223144531
704,best,do,-7.49155330657959
705,best,do,-7.2756242752075195
706,best,do,-4.5199432373046875
707,best,do,-8.206182479858398
708,best,do,-6.16278600692749
709,best,do,-6.146901607513428
710,best,do,-7.645562171936035
711,best,do,-6.814958095550537
712,best,do,-6.662099361419678
713,best,do,-6.966416835784912
714,best,do,-7.165509223937988
715,best,do,-7.793776035308838
716,best,do,-6.835992336273193
717,best,do,-8.584306716918945
718,best,do,-7.9768781661987305
719,best,do,-6.816135406494141
720,best,do,-5.87975549697876
721,best,do,-7.019364833831787
722,best,do,-5.98342752456665
723,best,do,-6.039076328277588
724,best,do,-6.80309534072876
725,best,pp,-5.626813888549805
726,best,pp,-5.424702167510986
727,best,pp,-3.2553822994232178
728,best,pp,-4.608739376068115
729,best,pp,-6.403594970703125
730,best,pp,-4.6023101806640625
731,best,pp,-6.826246738433838
732,best,pp,-6.060326099395752
733,best,pp,-6.1398701667785645
734,best,pp,-5.830543518066406
735,best,pp,-5.7689208984375
736,best,pp,-6.75083589553833
737,best,pp,-6.355993270874023
738,best,pp,-5.24891996383667
739,best,pp,-5.4999823570251465
740,best,pp,-5.570095539093018
741,best,pp,-5.567684173583984
742,best,pp,-4.649696350097656
743,best,pp,-5.2916083335876465
744,best,pp,-5.685481548309326
745,best,pp,-5.408250331878662
746,best,pp,-5.13239049911499
747,best,pp,-5.484228134155273
748,best,pp,-4.928376197814941
749,best,pp,-6.635788917541504
750,best,pp,-5.463421821594238
751,best,pp,-6.078365325927734
752,best,pp,-5.236220359802246
753,best,pp,-6.306869983673096
754,best,pp,-5.276648998260498
755,best,pp,-4.749895095825195
756,best,pp,-4.393883228302002
757,best,pp,-5.300841331481934
758,best,pp,-4.803808212280273
759,best,pp,-5.177708148956299
760,best,pp,-5.799480438232422
761,best,pp,-5.9396209716796875
762,best,pp,-6.9112019538879395
763,best,pp,-5.857941150665283
764,best,pp,-5.904864311218262
765,best,pp,-4.316397190093994
766,best,pp,-5.3496270179748535
767,best,pp,-5.925843715667725
768,best,pp,-5.37974739074707
769,best,pp,-5.658368110656738
770,best,pp,-5.380545616149902
771,best,pp,-5.1458563804626465
772,best,pp,-6.086880683898926
773,best,pp,-5.416658401489258
774,best,pp,-3.9066786766052246
775,best,pp,-4.741660118103027
776,best,pp,-4.450498580932617
777,best,pp,-3.9139151573181152
778,best,pp,-4.8808698654174805
779,best,pp,-4.9047675132751465
780,best,pp,-4.576981544494629
781,best,pp,-5.378623962402344
782,best,pp,-5.884781837463379
783,best,pp,-6.2203521728515625
784,best,pp,-6.5708184242248535
785,best,do,-5.233851432800293
786,best,do,-4.055843353271484
787,best,do,-5.145092487335205
788,best,do,-3.9693386554718018
789,best,do,-4.768280982971191
790,best,do,-4.021233558654785
791,best,do,-5.501398086547852
792,best,do,-4.850374698638916
793,best,do,-5.414882659912109
794,best,do,-5.1301727294921875
795,best,do,-4.472067832946777
796,best,do,-3.9075698852539062
797,best,do,-4.321118354797363
798,best,do,-6.2148590087890625
799,best,do,-3.507505416870117
800,best,do,-3.675680637359619
801,best,do,-5.434654235839844
802,best,do,-4.519903182983398
803,best,do,-6.375595569610596
804,best,do,-5.890148162841797
805,best,do,-5.8251776695251465
806,best,do,-3.618375301361084
807,best,do,-4.732358455657959
808,best,do,-6.6074538230896
809,best,do,-5.149845600128174
810,best,do,-4.343237400054932
811,best,do,-6.484640121459961
812,best,do,-5.159368515014648
813,best,do,-4.821383953094482
814,best,do,-4.8856682777404785
815,best,do,-4.31934118270874
816,best,do,-4.965083122253418
817,best,do,-3.9496893882751465
818,best,do,-3.6653037071228027
819,best,do,-5.347501277923584
820,best,do,-3.675680637359619
821,best,do,-5.8377203941345215
822,best,do,-4.64805793762207
823,best,do,-4.91282844543457
824,best,do,-5.480559349060059
825,best,do,-4.959767818450928
826,best,do,-4.144503593444824
827,best,do,-5.777859210968018
828,best,pp,-4.657825469970703
829,best,pp,-4.3969879150390625
830,best,pp,-5.271113395690918
831,best,pp,-3.931729316711426
832,best,pp,-4.5711870193481445
833,best,pp,-4.115139484405518
834,best,pp,-5.803779602050781
835,best,pp,-4.832559585571289
836,best,pp,-5.266251087188721
837,best,pp,-4.792304039001465
838,best,pp,-4.680911064147949
839,best,pp,-4.185887813568115
840,best,pp,-3.942903757095337
841,best,pp,-5.77366828918457
842,best,pp,-3.5827314853668213
843,best,pp,-3.8556039333343506
844,best,pp,-5.154778957366943
845,best,pp,-4.6724348068237305
846,best,pp,-5.9054856300354
847,best,pp,-5.387358665466309
848,best,do,-4.812272071838379
849,best,do,-5.097288608551025
850,best,do,-4.396756649017334
851,best,do,-6.9449286460876465
852,best,do,-4.241600036621094
853,best,do,-5.586845874786377
854,best,do,-6.476429462432861
855,best,do,-5.467315196990967
856,best,do,-4.650673866271973
857,best,do,-3.6750917434692383
858,best,do,-5.088974475860596
859,best,do,-5.538824081420898
860,best,do,-4.299325466156006
861,best,do,-3.653435468673706
862,best,do,-4.620068073272705
863,best,do,-4.337813377380371
864,best,do,-4.082142353057861
865,best,do,-6.80742883682251
866,best,do,-3.9091873168945312
867,best,do,-4.949712753295898
868,best,do,-4.8340325355529785
869,best,do,-4.15847110748291
870,best,do,-6.121837139129639
871,best,do,-4.28830623626709
872,best,do,-4.569616794586182
873,best,do,-5.303622722625732
874,best,do,-4.650674819946289
875,best,do,-4.4202470779418945
876,best,do,-4.959475517272949
877,best,do,-4.8968000411987305
878,best,do,-4.886129379272461
879,best,do,-3.5039422512054443
880,best,do,-5.891456604003906
881,best,do,-5.209838390350342
882,best,do,-5.038736820220947
883,best,do,-4.901882171630859
884,best,do,-4.812272071838379
885,best,do,-4.939204692840576
886,best,do,-4.2993340492248535
887,best,do,-5.236992359161377
888,best,do,-5.727474689483643
889,best,do,-5.447277545928955
890,best,do,-4.126437664031982
891,best,pp,-4.683151721954346
892,best,pp,-5.047955513000488
893,best,pp,-4.4030351638793945
894,best,pp,-6.31813383102417
895,best,pp,-4.537112236022949
896,best,pp,-5.36798095703125
897,best,pp,-6.40178918838501
898,best,pp,-5.566483974456787
899,best,pp,-4.463810920715332
900,best,pp,-3.79843807220459
901,best,pp,-4.666389465332031
902,best,pp,-5.9008402824401855
903,best,pp,-4.262696266174316
904,best,pp,-3.6140639781951904
905,best,pp,-5.101846218109131
906,best,pp,-4.810242652893066
907,best,pp,-4.552891254425049
908,best,pp,-6.1506195068359375
909,best,pp,-4.188686370849609
910,best,pp,-5.012982368469238
911,best,do,-5.545528411865234
912,best,do,-5.484827041625977
913,best,do,-4.498347282409668
914,best,do,-5.232961177825928
915,best,do,-5.147690773010254
916,best,do,-4.564423084259033
917,best,do,-5.9978485107421875
918,best,do,-5.985995292663574
919,best,do,-4.591873645782471
920,best,do,-5.5439133644104
921,best,do,-5.827960014343262
922,best,do,-5.469293594360352
923,best,do,-6.450565814971924
924,best,do,-4.989138603210449
925,best,do,-5.288020133972168
926,best,do,-5.480281829833984
927,best,do,-5.705570697784424
928,best,do,-5.369787216186523
929,best,do,-5.7463274002075195
930,best,do,-4.038900375366211
931,best,do,-5.163428783416748
932,best,do,-4.632236480712891
933,best,do,-4.420695781707764
934,best,do,-3.9458675384521484
935,best,do,-4.748871326446533
936,best,do,-4.779760837554932
937,best,do,-3.351095199584961
938,best,do,-4.042315483093262
939,best,do,-6.45514440536499
940,best,do,-4.999390125274658
941,best,do,-5.084536552429199
942,best,do,-6.487419605255127
943,best,do,-5.054959297180176
944,best,do,-5.609071254730225
945,best,do,-4.6580681800842285
946,best,do,-6.430633544921875
947,best,do,-5.327419757843018
948,best,do,-4.110212326049805
949,best,do,-5.543912887573242
950,best,do,-5.020700454711914
951,best,do,-6.26307487487793
952,best,do,-4.954644680023193
953,best,do,-5.3674492835998535
954,best,pp,-5.485441207885742
955,best,pp,-5.431426525115967
956,best,pp,-4.644895553588867
957,best,pp,-4.938052177429199
958,best,pp,-5.190576553344727
959,best,pp,-5.007535934448242
960,best,pp,-6.2592549324035645
961,best,pp,-5.7085862159729
962,best,pp,-4.608872890472412
963,best,pp,-5.299197673797607
964,best,pp,-6.01907205581665
965,best,pp,-5.22089147567749
966,best,pp,-6.209831237792969
967,best,pp,-4.993298053741455
968,best,pp,-5.755207538604736
969,best,pp,-5.195294380187988
970,best,pp,-5.479958534240723
971,best,pp,-5.574278354644775
972,best,pp,-5.883305549621582
973,best,pp,-4.309593677520752
974,best,do,-5.191730499267578
975,best,do,-4.666127681732178
976,best,do,-6.8254780769348145
977,best,do,-5.446728229522705
978,best,do,-5.4165825843811035
979,best,do,-5.061439514160156
980,best,do,-6.146922588348389
981,best,do,-4.073526382446289
982,best,do,-6.052111625671387
983,best,do,-4.280717372894287
984,best,do,-5.958348751068115
985,best,do,-5.934086799621582
986,best,do,-6.127808570861816
987,best,do,-4.9793500900268555
988,best,do,-6.454617023468018
989,best,do,-7.518925666809082
990,best,do,-6.685852527618408
991,best,do,-5.119912147521973
992,best,do,-5.016824245452881
993,best,do,-5.805562973022461
994,best,do,-4.552371978759766
995,best,do,-6.417983531951904
996,best,do,-5.007561206817627
997,best,do,-6.123061656951904
998,best,do,-6.3007330894470215
999,best,do,-5.661698818206787
1000,best,do,-4.338948726654053
1001,best,do,-5.466221332550049
1002,best,do,-5.228371620178223
1003,best,do,-5.805562973022461
1004,best,do,-5.470708847045898
1005,best,do,-5.1745452880859375
1006,best,do,-6.012917995452881
1007,best,do,-5.395997047424316
1008,best,do,-5.269680500030518
1009,best,do,-4.9265289306640625
1010,best,do,-5.64422082901001
1011,best,do,-6.0800628662109375
1012,best,do,-6.164123058319092
1013,best,do,-6.516989707946777
1014,best,do,-6.164123058319092
1015,best,do,-5.1251068115234375
1016,best,do,-3.4695847034454346
1017,best,pp,-4.084638595581055
1018,best,pp,-4.314950942993164
1019,best,pp,-6.058267593383789
1020,best,pp,-4.629611968994141
1021,best,pp,-4.628129005432129
1022,best,pp,-4.840319633483887
1023,best,pp,-5.484621047973633
1024,best,pp,-3.749195098876953
1025,best,pp,-5.2472991943359375
1026,best,pp,-4.345952987670898
1027,best,pp,-5.850589275360107
1028,best,pp,-5.6175618171691895
1029,best,pp,-5.0045952796936035
1030,best,pp,-4.515232563018799
1031,best,pp,-5.7409138679504395
1032,best,pp,-6.303839683532715
1033,best,pp,-6.313597202301025
1034,best,pp,-4.884949684143066
1035,best,pp,-4.794602394104004
1036,best,pp,-5.27161979675293
1037,best,pp,-5.24929666519165
1038,best,pp,-4.299803733825684
1039,best,pp,-6.268900394439697
1040,best,pp,-5.446583271026611
1041,best,pp,-4.651230812072754
1042,best,pp,-5.918701171875
1043,best,pp,-6.29509973526001
1044,best,pp,-3.7849438190460205
1045,best,pp,-6.427834987640381
1046,best,pp,-5.512845516204834
1047,best,pp,-6.530055046081543
1048,best,pp,-5.0833916664123535
1049,best,pp,-5.1739373207092285
1050,best,pp,-4.902978420257568
1051,best,pp,-4.127734184265137
1052,best,pp,-5.590307235717773
1053,best,pp,-6.0681023597717285
1054,best,pp,-5.023383617401123
1055,best,pp,-4.441873550415039
1056,best,pp,-4.914647102355957
1057,best,pp,-5.338033199310303
1058,best,pp,-4.483588218688965
1059,best,pp,-5.28668737411499
1060,best,pp,-5.0666184425354
1061,best,pp,-4.917662143707275
1062,best,pp,-4.401590347290039
1063,best,pp,-4.244112014770508
1064,best,pp,-4.5262675285339355
1065,best,pp,-6.187314510345459
1066,best,pp,-4.42192268371582
1067,best,pp,-5.19419527053833
1068,best,pp,-4.15125846862793
1069,best,pp,-4.05050802230835
1070,best,pp,-5.545381546020508
1071,best,pp,-4.8959059715271
1072,best,pp,-4.600528240203857
1073,best,pp,-3.3925082683563232
1074,best,pp,-4.970633029937744
1075,best,pp,-4.455852508544922
1076,best,pp,-6.140377521514893
1077,best,do,-6.007382869720459
1078,best,do,-5.828088283538818
1079,best,do,-6.57933235168457
1080,best,do,-5.1700758934021
1081,best,do,-4.308589935302734
1082,best,do,-5.323694705963135
1083,best,do,-5.279702663421631
1084,best,do,-5.9168782234191895
1085,best,do,-5.046523094177246
1086,best,do,-4.154024124145508
1087,best,do,-5.4177165031433105
1088,best,do,-4.343892574310303
1089,best,do,-5.2973408699035645
1090,best,do,-5.925251007080078
1091,best,do,-5.764200210571289
1092,best,do,-4.765285968780518
1093,best,do,-5.105993747711182
1094,best,do,-5.361789226531982
1095,best,do,-5.274049758911133
1096,best,do,-5.302988052368164
1097,best,do,-5.904900074005127
1098,best,do,-5.346807479858398
1099,best,do,-6.052720546722412
1100,best,do,-5.7451171875
1101,best,do,-6.4170823097229
1102,best,do,-6.430505275726318
1103,best,do,-4.827434062957764
1104,best,do,-4.451797008514404
1105,best,do,-4.945759296417236
1106,best,do,-4.422577381134033
1107,best,do,-5.346807479858398
1108,best,do,-6.833810329437256
1109,best,do,-3.964891195297241
1110,best,do,-6.8290114402771
1111,best,do,-6.242165565490723
1112,best,do,-4.0788373947143555
1113,best,do,-5.563384532928467
1114,best,do,-4.697718143463135
1115,best,do,-5.200122833251953
1116,best,do,-5.548062801361084
1117,best,do,-6.423820495605469
1118,best,do,-5.7442474365234375
1119,best,do,-3.3414180278778076
1120,best,pp,-5.00274133682251
1121,best,pp,-5.563897609710693
1122,best,pp,-5.992917060852051
1123,best,pp,-4.316395282745361
1124,best,pp,-3.572563648223877
1125,best,pp,-4.692852973937988
1126,best,pp,-4.522493839263916
1127,best,pp,-4.850177764892578
1128,best,pp,-4.213979244232178
1129,best,pp,-3.7117831707000732
1130,best,pp,-4.523758888244629
1131,best,pp,-3.7525296211242676
1132,best,pp,-4.322798728942871
1133,best,pp,-5.460354804992676
1134,best,pp,-5.007634162902832
1135,best,pp,-4.333705425262451
1136,best,pp,-4.381546974182129
1137,best,pp,-4.593295574188232
1138,best,pp,-4.934317588806152
1139,best,pp,-4.462882041931152
1140,best,do,-6.683814525604248
1141,best,do,-5.858806133270264
1142,best,do,-4.299844264984131
1143,best,do,-5.131889820098877
1144,best,do,-5.539674282073975
1145,best,do,-4.716259956359863
1146,best,do,-6.683814525604248
1147,best,do,-6.402846813201904
1148,best,do,-5.159209728240967
1149,best,do,-4.568089485168457
1150,best,do,-4.479282855987549
1151,best,do,-6.591526508331299
1152,best,do,-5.328837871551514
1153,best,do,-6.5407023429870605
1154,best,do,-5.732490062713623
1155,best,do,-3.670581579208374
1156,best,do,-5.178956031799316
1157,best,do,-5.330073833465576
1158,best,do,-6.562005996704102
1159,best,do,-5.567288875579834
1160,best,do,-6.3226237297058105
1161,best,do,-3.2295989990234375
1162,best,do,-6.618192195892334
1163,best,do,-5.8495612144470215
1164,best,do,-5.858806133270264
1165,best,do,-4.913095951080322
1166,best,do,-6.364376544952393
1167,best,do,-4.421163082122803
1168,best,do,-5.5971221923828125
1169,best,do,-5.439604759216309
1170,best,do,-4.313196659088135
1171,best,do,-5.014343738555908
1172,best,do,-5.178956031799316
1173,best,do,-5.697204113006592
1174,best,do,-5.4015583992004395
1175,best,do,-5.4015583992004395
1176,best,do,-6.244653224945068
1177,best,do,-6.4286041259765625
1178,best,do,-4.513268947601318
1179,best,do,-3.670581579208374
1180,best,do,-6.618192195892334
1181,best,do,-5.700141906738281
1182,best,do,-4.421163082122803
1183,best,pp,-6.1313347816467285
1184,best,pp,-5.669602870941162
1185,best,pp,-3.7484402656555176
1186,best,pp,-4.472729682922363
1187,best,pp,-5.306057929992676
1188,best,pp,-4.095200538635254
1189,best,pp,-6.1313347816467285
1190,best,pp,-5.645701885223389
1191,best,pp,-4.546741008758545
1192,best,pp,-4.098121166229248
1193,best,pp,-4.391931056976318
1194,best,pp,-6.07848596572876
1195,best,pp,-4.766391754150391
1196,best,pp,-6.1610941886901855
1197,best,pp,-4.904557228088379
1198,best,pp,-3.299626111984253
1199,best,pp,-4.879525661468506
1200,best,pp,-5.008597373962402
1201,best,pp,-6.129403591156006
1202,best,pp,-4.651703357696533
1203,best,do,-6.560691833496094
1204,best,do,-5.222256660461426
1205,best,do,-6.342458724975586
1206,best,do,-6.059586524963379
1207,best,do,-6.2445526123046875
1208,best,do,-6.085533618927002
1209,best,do,-6.766564846038818
1210,best,do,-5.472192764282227
1211,best,do,-4.751859188079834
1212,best,do,-6.345114707946777
1213,best,do,-5.6183295249938965
1214,best,do,-4.384225845336914
1215,best,do,-4.591986656188965
1216,best,do,-5.260599136352539
1217,best,do,-5.764817237854004
1218,best,do,-5.119145393371582
1219,best,do,-5.693430423736572
1220,best,do,-6.069695949554443
1221,best,do,-4.76477575302124
1222,best,do,-4.693892478942871
1223,best,do,-6.591142654418945
1224,best,do,-6.0080108642578125
1225,best,do,-6.818619728088379
1226,best,do,-5.995608806610107
1227,best,do,-6.250613212585449
1228,best,do,-5.935738563537598
1229,best,do,-4.923278331756592
1230,best,do,-5.510775566101074
1231,best,do,-5.290895462036133
1232,best,do,-5.412100791931152
1233,best,do,-5.563220024108887
1234,best,do,-5.932316780090332
1235,best,do,-6.155961036682129
1236,best,do,-5.92832612991333
1237,best,do,-5.883399486541748
1238,best,do,-6.130195617675781
1239,best,do,-3.854670286178589
1240,best,do,-5.141853332519531
1241,best,do,-5.889533996582031
1242,best,do,-4.557947635650635
1243,best,do,-4.453859329223633
1244,best,do,-5.866175651550293
1245,best,do,-4.695792198181152
1246,best,pp,-6.33762788772583
1247,best,pp,-4.189760684967041
1248,best,pp,-5.620113849639893
1249,best,pp,-4.986078262329102
1250,best,pp,-5.217504024505615
1251,best,pp,-5.420386791229248
1252,best,pp,-6.175633907318115
1253,best,pp,-5.068620681762695
1254,best,pp,-4.114609718322754
1255,best,pp,-5.956463813781738
1256,best,pp,-5.055105209350586
1257,best,pp,-3.985037326812744
1258,best,pp,-4.13594388961792
1259,best,pp,-4.432327747344971
1260,best,pp,-4.766948223114014
1261,best,pp,-4.2446064949035645
1262,best,pp,-4.969535827636719
1263,best,pp,-5.191027641296387
1264,best,pp,-4.517860412597656
1265,best,pp,-4.1439104080200195
1266,best,do,-5.7718706130981445
1267,best,do,-6.2396745681762695
1268,best,do,-6.00661039352417
1269,best,do,-3.6343300342559814
1270,best,do,-4.640697479248047
1271,best,do,-7.112603664398193
1272,best,do,-8.412504196166992
1273,best,do,-6.945970058441162
1274,best,do,-4.678769588470459
1275,best,do,-7.409618377685547
1276,best,do,-6.754234313964844
1277,best,do,-5.102138996124268
1278,best,do,-7.4830451011657715
1279,best,do,-5.703054904937744
1280,best,do,-6.3338236808776855
1281,best,do,-6.012274265289307
1282,best,do,-4.655206680297852
1283,best,do,-7.150161266326904
1284,best,do,-5.530635356903076
1285,best,do,-6.925111770629883
1286,best,do,-5.685275554656982
1287,best,do,-6.905222415924072
1288,best,do,-7.360118865966797
1289,best,do,-7.121706485748291
1290,best,do,-5.505802154541016
1291,best,do,-7.247164726257324
1292,best,do,-5.86896276473999
1293,best,do,-8.0361328125
1294,best,do,-5.837229251861572
1295,best,do,-5.66743278503418
1296,best,do,-6.301493167877197
1297,best,do,-7.196373462677002
1298,best,do,-6.2312140464782715
1299,best,do,-4.463162899017334
1300,best,do,-6.579345226287842
1301,best,do,-7.601730823516846
1302,best,do,-6.426209926605225
1303,best,do,-7.270804405212402
1304,best,do,-5.074408531188965
1305,best,do,-5.590946197509766
1306,best,do,-5.679870128631592
1307,best,do,-6.6330976486206055
1308,best,do,-6.3629584312438965
1309,best,pp,-4.484710216522217
1310,best,pp,-4.9707417488098145
1311,best,pp,-4.28314733505249
1312,best,pp,-2.760540008544922
1313,best,pp,-3.551373243331909
1314,best,pp,-5.463771343231201
1315,best,pp,-7.443733215332031
1316,best,pp,-5.884102821350098
1317,best,pp,-3.4688448905944824
1318,best,pp,-6.807755470275879
1319,best,pp,-5.220454216003418
1320,best,pp,-4.188734531402588
1321,best,pp,-6.241658687591553
1322,best,pp,-4.318439960479736
1323,best,pp,-4.911608695983887
1324,best,pp,-5.029723644256592
1325,best,pp,-3.662036180496216
1326,best,pp,-6.3238205909729
1327,best,pp,-4.06793212890625
1328,best,pp,-5.23574161529541
1329,best,pp,-4.180938720703125
1330,best,pp,-4.263944149017334
1331,best,pp,-5.676477909088135
1332,best,pp,-5.459113597869873
1333,best,pp,-5.3359375
1334,best,pp,-4.894031047821045
1335,best,pp,-3.8880276679992676
1336,best,pp,-5.104733943939209
1337,best,pp,-4.917154312133789
1338,best,pp,-5.43140172958374
1339,best,pp,-4.607651233673096
1340,best,pp,-4.876985549926758
1341,best,pp,-5.02982759475708
1342,best,pp,-5.884980201721191
1343,best,pp,-6.260476112365723
1344,best,pp,-4.323657035827637
1345,best,pp,-6.267751693725586
1346,best,pp,-3.591732978820801
1347,best,pp,-6.319253444671631
1348,best,pp,-5.0040998458862305
1349,best,pp,-4.009328842163086
1350,best,pp,-4.630800724029541
1351,best,pp,-4.7983078956604
1352,best,pp,-4.276576995849609
1353,best,pp,-4.719211578369141
1354,best,pp,-2.862489700317383
1355,best,pp,-3.121842622756958
1356,best,pp,-4.405984401702881
1357,best,pp,-5.092862606048584
1358,best,pp,-4.942093849182129
1359,best,pp,-3.997854232788086
1360,best,pp,-4.234530448913574
1361,best,pp,-5.032462120056152
1362,best,pp,-5.29443359375
1363,best,pp,-4.22911262512207
1364,best,pp,-4.4153265953063965
1365,best,pp,-5.306186199188232
1366,best,pp,-5.305436134338379
1367,best,pp,-4.127882957458496
1368,best,pp,-4.496638774871826
