item_id,model_state,score
0,initial,-6.869783401489258
1,initial,-8.864625930786133
2,initial,-7.3436808586120605
3,initial,-7.446772575378418
4,initial,-6.573450088500977
5,initial,-8.29865550994873
6,initial,-7.236629009246826
7,initial,-8.218920707702637
8,initial,-6.16596794128418
9,initial,-6.8639960289001465
10,initial,-8.09752368927002
11,initial,-6.857600688934326
12,initial,-6.577624797821045
13,initial,-6.38960599899292
14,initial,-7.02586555480957
15,initial,-6.945009708404541
16,initial,-8.581988334655762
17,initial,-6.857600688934326
18,initial,-7.835298538208008
19,initial,-7.3436808586120605
20,initial,-8.220806121826172
21,initial,-8.633109092712402
22,initial,-8.518532752990723
23,initial,-7.530118465423584
24,initial,-7.053101062774658
25,initial,-8.633109092712402
26,initial,-8.186283111572266
27,initial,-7.589851379394531
28,initial,-6.345222473144531
29,initial,-8.186283111572266
30,initial,-6.971170902252197
31,initial,-8.527713775634766
32,initial,-7.1313157081604
33,initial,-8.604968070983887
34,initial,-8.72801685333252
35,initial,-7.372372627258301
36,initial,-6.988192081451416
37,initial,-8.38757610321045
38,initial,-6.753004550933838
39,initial,-8.45401382446289
40,initial,-7.746496200561523
41,initial,-6.176419258117676
42,initial,-7.768176555633545
43,initial,-6.703799247741699
44,initial,-7.366915225982666
45,initial,-8.113576889038086
46,initial,-6.898681163787842
47,initial,-7.459381103515625
48,initial,-8.121819496154785
49,initial,-8.037386894226074
50,initial,-7.451031684875488
51,initial,-7.95126485824585
52,initial,-6.380016803741455
53,initial,-7.50739860534668
54,initial,-7.232194900512695
55,initial,-7.19640588760376
56,initial,-7.459847927093506
57,initial,-6.888298034667969
58,initial,-6.664030075073242
59,initial,-7.04999303817749
60,initial,-6.426532745361328
61,initial,-7.960241317749023
62,initial,-8.539125442504883
63,initial,-8.996962547302246
64,initial,-8.715481758117676
65,initial,-7.612671375274658
66,initial,-7.315435409545898
67,initial,-6.638443946838379
68,initial,-7.895321846008301
69,initial,-5.929973125457764
70,initial,-8.165576934814453
71,initial,-6.412232875823975
72,initial,-7.711170673370361
73,initial,-8.318329811096191
74,initial,-8.197876930236816
75,initial,-8.767207145690918
76,initial,-8.477055549621582
77,initial,-7.109488487243652
78,initial,-7.392620086669922
79,initial,-7.072646617889404
80,initial,-6.429848670959473
81,initial,-8.185051918029785
82,initial,-7.091888427734375
83,initial,-6.586698532104492
84,initial,-6.780512809753418
85,initial,-6.705380439758301
86,initial,-6.8108954429626465
87,initial,-7.828153610229492
88,initial,-8.401330947875977
89,initial,-6.448869705200195
90,initial,-7.133694171905518
91,initial,-7.03619384765625
92,initial,-6.813230514526367
93,initial,-6.0695271492004395
94,initial,-7.1605987548828125
95,initial,-7.1394219398498535
96,initial,-7.533845901489258
97,initial,-5.697408199310303
98,initial,-6.86677360534668
99,initial,-5.953835487365723
100,initial,-7.8860650062561035
101,initial,-6.567812919616699
102,initial,-6.518105506896973
103,initial,-7.030688285827637
104,initial,-6.874619960784912
105,initial,-7.419657230377197
106,initial,-5.988986492156982
107,initial,-7.21986722946167
108,initial,-6.874619960784912
109,initial,-5.9298834800720215
110,initial,-8.411529541015625
111,initial,-7.663480281829834
112,initial,-6.755480766296387
113,initial,-7.518520355224609
114,initial,-7.526346683502197
115,initial,-6.453513145446777
116,initial,-7.676918983459473
117,initial,-8.261129379272461
118,initial,-7.016502857208252
119,initial,-7.735844135284424
120,initial,-8.109989166259766
121,initial,-7.560707092285156
122,initial,-5.739189624786377
123,initial,-6.7043776512146
124,initial,-7.292212963104248
125,initial,-5.739189624786377
126,initial,-8.01026439666748
127,initial,-6.884637355804443
128,initial,-7.172771453857422
129,initial,-6.350978374481201
130,initial,-6.781228065490723
131,initial,-6.2228240966796875
132,initial,-7.328660488128662
133,initial,-7.522853851318359
134,initial,-5.787715435028076
135,initial,-7.979040622711182
136,initial,-6.92230224609375
137,initial,-8.16138744354248
138,initial,-6.933912754058838
139,initial,-8.069405555725098
140,initial,-7.179150104522705
141,initial,-6.864072322845459
142,initial,-7.847048282623291
143,initial,-6.305419921875
144,initial,-7.737785816192627
145,initial,-8.010293006896973
146,initial,-7.147579669952393
147,initial,-7.0477094650268555
148,initial,-7.7758378982543945
149,initial,-7.28900671005249
150,initial,-7.905719757080078
151,initial,-7.616798400878906
152,initial,-6.678584575653076
153,initial,-6.4412078857421875
154,initial,-7.155608177185059
155,initial,-7.089339256286621
156,initial,-7.155608177185059
157,initial,-7.195467948913574
158,initial,-7.743233680725098
159,initial,-6.638920783996582
160,initial,-6.421209812164307
161,initial,-7.552333354949951
162,initial,-7.861688137054443
163,initial,-8.786383628845215
164,initial,-7.726420879364014
165,initial,-7.605757236480713
166,initial,-6.265195369720459
167,initial,-7.5903143882751465
168,initial,-8.784050941467285
169,initial,-6.935452938079834
170,initial,-8.054167747497559
171,initial,-7.538856506347656
172,initial,-8.479400634765625
173,initial,-8.32133960723877
174,initial,-6.74215841293335
175,initial,-7.7810235023498535
176,initial,-8.307331085205078
177,initial,-8.34101676940918
178,initial,-5.901205539703369
179,initial,-8.057572364807129
180,initial,-5.765329360961914
181,initial,-6.400810718536377
182,initial,-6.486332893371582
183,initial,-6.033293724060059
184,initial,-7.46899938583374
185,initial,-7.261242866516113
186,initial,-7.002778053283691
187,initial,-7.907431602478027
188,initial,-7.349616050720215
189,initial,-7.862400531768799
190,initial,-8.65886116027832
191,initial,-7.773111820220947
192,initial,-6.849936485290527
193,initial,-7.902390956878662
194,initial,-6.959546089172363
195,initial,-5.149110317230225
196,initial,-8.207657814025879
197,initial,-6.821904182434082
198,initial,-7.516364574432373
199,initial,-5.979176044464111
200,initial,-6.111514091491699
201,initial,-7.933557987213135
202,initial,-6.219264984130859
203,initial,-6.20118522644043
204,initial,-5.506062984466553
205,initial,-5.506062984466553
206,initial,-6.482358455657959
207,initial,-7.095091819763184
208,initial,-8.392470359802246
209,initial,-7.8102498054504395
210,initial,-7.913046836853027
211,initial,-7.537239074707031
212,initial,-7.5855231285095215
213,initial,-7.07193660736084
214,initial,-5.964306354522705
215,initial,-7.3473405838012695
216,initial,-7.109241008758545
217,initial,-7.690048694610596
218,initial,-8.152165412902832
219,initial,-7.766074180603027
220,initial,-6.642066478729248
221,initial,-6.895387172698975
222,initial,-7.562901020050049
223,initial,-8.576205253601074
224,initial,-6.907470226287842
225,initial,-8.108217239379883
226,initial,-7.802417278289795
227,initial,-7.2033610343933105
228,initial,-7.550115585327148
229,initial,-8.420788764953613
230,initial,-7.58790922164917
231,initial,-7.298317909240723
232,initial,-7.382052421569824
233,initial,-7.522263526916504
234,initial,-7.013442516326904
235,initial,-8.168115615844727
236,initial,-8.514713287353516
237,initial,-8.540316581726074
238,initial,-7.556461334228516
239,initial,-6.889013290405273
240,initial,-7.079275608062744
241,initial,-8.150520324707031
242,initial,-7.91281795501709
243,initial,-7.016819000244141
244,initial,-8.06977367401123
245,initial,-7.956364154815674
246,initial,-8.456343650817871
247,initial,-8.272505760192871
248,initial,-7.423329830169678
249,initial,-7.8734588623046875
250,initial,-8.455217361450195
251,initial,-7.422675132751465
252,initial,-7.013442516326904
253,initial,-6.895387172698975
254,initial,-6.895387172698975
255,initial,-8.420788764953613
256,initial,-8.08833122253418
257,initial,-7.115271091461182
258,initial,-8.370823860168457
259,initial,-7.04583740234375
260,initial,-8.006651878356934
261,initial,-7.836672306060791
262,initial,-6.96397066116333
263,initial,-6.587532043457031
264,initial,-6.999377727508545
265,initial,-6.813121318817139
266,initial,-7.928403377532959
267,initial,-6.580836296081543
268,initial,-7.786269664764404
269,initial,-7.082979202270508
270,initial,-7.152475357055664
271,initial,-7.326942443847656
272,initial,-7.8676629066467285
273,initial,-7.572032928466797
274,initial,-6.663585186004639
275,initial,-7.197953224182129
276,initial,-7.156177043914795
277,initial,-6.525693893432617
278,initial,-7.658600807189941
279,initial,-7.784529209136963
280,initial,-7.505613803863525
281,initial,-7.03013801574707
282,initial,-6.515435218811035
283,initial,-6.620617389678955
284,initial,-8.068963050842285
285,initial,-7.574624538421631
286,initial,-6.93345308303833
287,initial,-7.2056989669799805
288,initial,-8.564508438110352
289,initial,-7.567317485809326
290,initial,-7.819823265075684
291,initial,-8.380910873413086
292,initial,-8.182808876037598
293,initial,-7.415227890014648
294,initial,-8.158133506774902
295,initial,-7.667198181152344
296,initial,-8.34816837310791
297,initial,-6.843997955322266
298,initial,-7.081482887268066
299,initial,-7.332319259643555
300,initial,-7.081482887268066
301,initial,-7.630863666534424
302,initial,-7.549084186553955
303,initial,-7.020428657531738
304,initial,-6.85974645614624
305,initial,-7.837908744812012
306,initial,-6.710628509521484
307,initial,-6.7795090675354
308,initial,-7.792212009429932
309,initial,-7.8511505126953125
310,initial,-7.667198181152344
311,initial,-8.11445426940918
312,initial,-8.473589897155762
313,initial,-8.564508438110352
314,initial,-8.284798622131348
315,initial,-6.7795090675354
316,initial,-7.172653675079346
317,initial,-7.661800384521484
318,initial,-6.591768741607666
319,initial,-7.97528600692749
320,initial,-6.789063453674316
321,initial,-8.564508438110352
322,initial,-7.187561988830566
323,initial,-7.723755836486816
324,initial,-6.457640171051025
325,initial,-8.087929725646973
326,initial,-6.784383773803711
327,initial,-7.780126571655273
328,initial,-7.468632698059082
329,initial,-6.84988260269165
330,initial,-6.996503829956055
331,initial,-8.157995223999023
332,initial,-7.455366134643555
333,initial,-7.660761833190918
334,initial,-8.038275718688965
335,initial,-7.9262590408325195
336,initial,-7.198079586029053
337,initial,-8.01328182220459
338,initial,-7.5952935218811035
339,initial,-8.1459379196167
340,initial,-7.022143840789795
341,initial,-7.165823936462402
342,initial,-7.26544713973999
343,initial,-7.165823936462402
344,initial,-7.5138630867004395
345,initial,-7.5299458503723145
346,initial,-6.932559490203857
347,initial,-7.66070556640625
348,initial,-7.103670120239258
349,initial,-7.265169620513916
350,initial,-6.174628734588623
351,initial,-7.389994144439697
352,initial,-6.067112445831299
353,initial,-6.902588844299316
354,initial,-6.530222415924072
355,initial,-6.976118087768555
356,initial,-6.636694431304932
357,initial,-7.26417350769043
358,initial,-6.910340309143066
359,initial,-6.925525188446045
360,initial,-6.880218505859375
361,initial,-6.565577983856201
362,initial,-6.813119888305664
363,initial,-6.636538028717041
364,initial,-7.500496864318848
365,initial,-6.7551140785217285
366,initial,-7.218595027923584
367,initial,-7.219675064086914
368,initial,-7.207827091217041
369,initial,-7.031744480133057
370,initial,-6.3898749351501465
371,initial,-6.928842544555664
372,initial,-5.8510236740112305
373,initial,-6.964301109313965
374,initial,-7.063368797302246
375,initial,-6.4021525382995605
376,initial,-7.2722954750061035
377,initial,-6.396405220031738
378,initial,-7.15026330947876
379,initial,-5.794004440307617
380,initial,-6.023177146911621
381,initial,-7.195408344268799
382,initial,-6.464719772338867
383,initial,-6.305795669555664
384,initial,-6.581084251403809
385,initial,-6.759273529052734
386,initial,-7.219675064086914
387,initial,-6.735712051391602
388,initial,-7.424206256866455
389,initial,-6.640750885009766
390,initial,-7.5183234214782715
391,initial,-6.979025363922119
392,initial,-6.742926120758057
393,initial,-6.238940715789795
394,initial,-7.200064182281494
395,initial,-6.369057655334473
396,initial,-6.937620639801025
397,initial,-6.792583465576172
398,initial,-7.168720245361328
399,initial,-6.674738883972168
400,initial,-7.108050346374512
401,initial,-7.157304286956787
402,initial,-7.011116981506348
403,initial,-6.893852233886719
404,initial,-6.673760890960693
405,initial,-6.76101016998291
406,initial,-7.054024696350098
407,initial,-7.37686014175415
408,initial,-6.764663219451904
409,initial,-6.826786994934082
410,initial,-7.233802795410156
411,initial,-7.578685760498047
412,initial,-8.480862617492676
413,initial,-7.940655708312988
414,initial,-7.7787346839904785
415,initial,-7.174971103668213
416,initial,-7.338723182678223
417,initial,-7.430195331573486
418,initial,-7.167137145996094
419,initial,-5.748632431030273
420,initial,-6.99448823928833
421,initial,-8.14284610748291
422,initial,-8.575385093688965
423,initial,-7.602173805236816
424,initial,-8.052532196044922
425,initial,-7.381322383880615
426,initial,-7.664607524871826
427,initial,-7.028906345367432
428,initial,-7.937226295471191
429,initial,-7.465456485748291
430,initial,-8.471843719482422
431,initial,-8.006941795349121
432,initial,-7.775784492492676
433,initial,-8.405533790588379
434,initial,-7.696998596191406
435,initial,-6.9360480308532715
436,initial,-6.368840217590332
437,initial,-6.827800273895264
438,initial,-6.879153728485107
439,initial,-8.245819091796875
440,initial,-7.105332374572754
441,initial,-7.7915191650390625
442,initial,-6.991739749908447
443,initial,-6.853912353515625
444,initial,-8.264005661010742
445,initial,-7.654026985168457
446,initial,-8.822513580322266
447,initial,-8.479775428771973
448,initial,-9.083272933959961
449,initial,-7.334156036376953
450,initial,-7.79871940612793
451,initial,-6.788179874420166
452,initial,-6.898618698120117
453,initial,-6.742321491241455
454,initial,-7.687694549560547
455,initial,-8.416176795959473
456,initial,-7.499810218811035
457,initial,-7.574632167816162
458,initial,-6.80668830871582
459,initial,-7.138494491577148
460,initial,-7.4046101570129395
461,initial,-6.830648422241211
462,initial,-6.041010856628418
463,initial,-6.764641761779785
464,initial,-8.02242374420166
465,initial,-8.129267692565918
466,initial,-7.020938396453857
467,initial,-7.920492649078369
468,initial,-6.724438667297363
469,initial,-7.3158159255981445
470,initial,-6.9146528244018555
471,initial,-8.119004249572754
472,initial,-6.261965751647949
473,initial,-7.484457015991211
474,initial,-6.832869052886963
475,initial,-7.364330768585205
476,initial,-7.152311325073242
477,initial,-6.219661235809326
478,initial,-6.612035751342773
479,initial,-6.913362979888916
480,initial,-6.599743366241455
481,initial,-7.01326847076416
482,initial,-6.559476375579834
483,initial,-6.8369140625
484,initial,-6.923799991607666
485,initial,-6.138742923736572
486,initial,-6.702689170837402
487,initial,-7.281522750854492
488,initial,-6.85026741027832
489,initial,-6.501470565795898
490,initial,-7.1752824783325195
491,initial,-6.39646053314209
492,initial,-9.491365432739258
493,initial,-8.42920970916748
494,initial,-7.313262939453125
495,initial,-7.725077152252197
496,initial,-9.699678421020508
497,initial,-7.7495574951171875
498,initial,-7.3151750564575195
499,initial,-8.447542190551758
500,initial,-8.318670272827148
501,initial,-6.969334125518799
502,initial,-9.88249397277832
503,initial,-8.539284706115723
504,initial,-7.416082382202148
505,initial,-7.724123477935791
506,initial,-9.609768867492676
507,initial,-9.16615104675293
508,initial,-6.9910173416137695
509,initial,-8.243025779724121
510,initial,-8.384803771972656
511,initial,-10.096879959106445
512,initial,-9.412212371826172
513,initial,-8.27942943572998
514,initial,-9.836860656738281
515,initial,-8.301621437072754
516,initial,-7.728687763214111
517,initial,-8.531859397888184
518,initial,-7.228261947631836
519,initial,-6.912948131561279
520,initial,-7.232250213623047
521,initial,-7.5341949462890625
522,initial,-7.555664539337158
523,initial,-9.833536148071289
524,initial,-8.439934730529785
525,initial,-7.793902397155762
526,initial,-6.618314266204834
527,initial,-7.653661727905273
528,initial,-9.764250755310059
529,initial,-7.663564682006836
530,initial,-8.870559692382812
531,initial,-7.778763771057129
532,initial,-8.59670352935791
533,initial,-9.324586868286133
534,initial,-9.497678756713867
535,initial,-8.706570625305176
536,initial,-8.069138526916504
537,initial,-6.91715669631958
538,initial,-7.636104583740234
539,initial,-8.137604713439941
540,initial,-7.465687274932861
541,initial,-6.9262285232543945
542,initial,-8.280251502990723
543,initial,-7.825682640075684
544,initial,-7.240707874298096
545,initial,-8.487292289733887
546,initial,-7.84772253036499
547,initial,-7.527807712554932
548,initial,-7.344892978668213
549,initial,-8.397934913635254
550,initial,-8.361966133117676
551,initial,-6.4900407791137695
552,initial,-7.589910507202148
553,initial,-7.727880954742432
554,initial,-8.636809349060059
555,initial,-7.965909957885742
556,initial,-6.426059722900391
557,initial,-8.046146392822266
558,initial,-7.720000743865967
559,initial,-8.150960922241211
560,initial,-9.659482955932617
561,initial,-8.518021583557129
562,initial,-7.004189968109131
563,initial,-7.853527069091797
564,initial,-7.828007698059082
565,initial,-7.171082973480225
566,initial,-8.169028282165527
567,initial,-7.930470943450928
568,initial,-7.642971038818359
569,initial,-7.665811061859131
570,initial,-8.011877059936523
571,initial,-8.125000953674316
572,initial,-7.774682521820068
573,initial,-8.06877326965332
574,initial,-8.969295501708984
575,initial,-7.930485248565674
576,initial,-9.556783676147461
577,initial,-7.587759971618652
578,initial,-7.587759971618652
579,initial,-6.618466377258301
580,initial,-8.150960922241211
581,initial,-9.49944019317627
582,initial,-7.8088059425354
583,initial,-9.387777328491211
584,initial,-7.4096198081970215
585,initial,-8.573108673095703
586,initial,-9.642297744750977
587,initial,-7.733114242553711
588,initial,-9.144447326660156
589,initial,-7.576586723327637
590,initial,-9.405603408813477
591,initial,-7.6724677085876465
592,initial,-8.204641342163086
593,initial,-7.930485248565674
594,initial,-7.948895454406738
595,initial,-8.628503799438477
596,initial,-9.520230293273926
597,initial,-6.614614486694336
598,initial,-7.7419891357421875
599,initial,-6.392108917236328
600,initial,-8.104583740234375
601,initial,-7.707542896270752
602,initial,-7.837882995605469
603,initial,-9.10299301147461
604,initial,-8.389290809631348
605,initial,-7.172170162200928
606,initial,-7.592464923858643
607,initial,-8.043240547180176
608,initial,-7.0910844802856445
609,initial,-8.072076797485352
610,initial,-7.611885070800781
611,initial,-7.446130275726318
612,initial,-7.2688751220703125
613,initial,-7.9326982498168945
614,initial,-7.809834957122803
615,initial,-7.742084980010986
616,initial,-7.7638726234436035
617,initial,-8.682945251464844
618,initial,-7.498499393463135
619,initial,-8.160404205322266
620,initial,-7.009847164154053
621,initial,-6.97474479675293
622,initial,-7.119110107421875
623,initial,-7.784064769744873
624,initial,-8.489192008972168
625,initial,-7.347472190856934
626,initial,-7.163125514984131
627,initial,-7.361424922943115
628,initial,-7.401740550994873
629,initial,-7.574389934539795
630,initial,-7.333171367645264
631,initial,-7.170350551605225
632,initial,-6.884588718414307
633,initial,-7.648981094360352
634,initial,-7.402113914489746
635,initial,-7.729691505432129
636,initial,-8.345327377319336
637,initial,-8.130924224853516
638,initial,-8.458404541015625
639,initial,-8.506077766418457
640,initial,-6.81055212020874
641,initial,-8.295825004577637
642,initial,-7.037524223327637
643,initial,-7.504171848297119
644,initial,-7.700997352600098
645,initial,-6.527951717376709
646,initial,-7.563849449157715
647,initial,-7.225107669830322
648,initial,-6.7393293380737305
649,initial,-8.757247924804688
650,initial,-7.783446311950684
651,initial,-6.122900009155273
652,initial,-8.133630752563477
653,initial,-8.345833778381348
654,initial,-7.436928749084473
655,initial,-8.560013771057129
656,initial,-6.661952018737793
657,initial,-6.422280311584473
658,initial,-8.90719223022461
659,initial,-7.390602111816406
660,initial,-6.789862632751465
661,initial,-7.474549293518066
662,initial,-7.9022088050842285
663,initial,-6.6440019607543945
664,initial,-7.038426399230957
665,initial,-7.168591022491455
666,initial,-7.77890682220459
667,initial,-8.146323204040527
668,initial,-7.486745357513428
669,initial,-7.312134742736816
670,initial,-7.232929229736328
671,initial,-7.3788580894470215
672,initial,-7.477452278137207
673,initial,-7.174038887023926
674,initial,-6.952118873596191
675,initial,-6.980465888977051
676,initial,-7.485837459564209
677,initial,-7.892539978027344
678,initial,-7.871582984924316
679,initial,-8.191452980041504
680,initial,-7.679226875305176
681,initial,-8.5175142288208
682,initial,-8.320634841918945
683,initial,-7.836767673492432
684,initial,-7.689826488494873
685,initial,-8.584439277648926
686,initial,-8.190632820129395
687,initial,-6.734025478363037
688,initial,-7.858741760253906
689,initial,-8.876843452453613
690,initial,-8.727508544921875
691,initial,-8.012236595153809
692,initial,-9.248187065124512
693,initial,-7.00075626373291
694,initial,-8.528210639953613
695,initial,-9.732735633850098
696,initial,-7.247323513031006
697,initial,-10.071889877319336
698,initial,-9.37120246887207
699,initial,-9.588109970092773
700,initial,-7.99948263168335
701,initial,-9.107892990112305
702,initial,-9.034974098205566
703,initial,-10.330930709838867
704,initial,-6.153557300567627
705,initial,-8.135974884033203
706,initial,-8.526217460632324
707,initial,-9.756686210632324
708,initial,-7.092567443847656
709,initial,-9.084660530090332
710,initial,-7.114490509033203
711,initial,-8.214576721191406
712,initial,-8.162898063659668
713,initial,-8.803016662597656
714,initial,-6.973693370819092
715,initial,-8.341179847717285
716,initial,-7.690940856933594
717,initial,-8.276283264160156
718,initial,-8.30878734588623
719,initial,-8.02301025390625
720,initial,-7.598792552947998
721,initial,-9.084689140319824
722,initial,-8.035744667053223
723,initial,-7.375916957855225
724,initial,-8.187875747680664
725,initial,-8.315516471862793
726,initial,-7.5272698402404785
727,initial,-7.27069091796875
728,initial,-7.7393412590026855
729,initial,-8.24701976776123
730,initial,-6.319470405578613
731,initial,-7.391478538513184
732,initial,-8.569672584533691
733,initial,-8.339850425720215
734,initial,-7.644652843475342
735,initial,-9.223601341247559
736,initial,-7.0433220863342285
737,initial,-8.392876625061035
738,initial,-9.659382820129395
739,initial,-7.7948479652404785
740,initial,-9.302678108215332
741,initial,-8.646122932434082
742,initial,-8.505219459533691
743,initial,-7.78902530670166
744,initial,-8.599733352661133
745,initial,-6.459203720092773
746,initial,-7.535855770111084
747,initial,-7.048597812652588
748,initial,-6.458163261413574
749,initial,-7.481773376464844
750,initial,-7.169300079345703
751,initial,-5.9159440994262695
752,initial,-7.065392017364502
753,initial,-6.733270645141602
754,initial,-8.608448028564453
755,initial,-6.00562047958374
756,initial,-6.851870536804199
757,initial,-8.584221839904785
758,initial,-8.925620079040527
759,initial,-7.626477241516113
760,initial,-7.890170097351074
761,initial,-8.085685729980469
762,initial,-8.748615264892578
763,initial,-7.210807800292969
764,initial,-7.544543743133545
765,initial,-7.3987274169921875
766,initial,-6.796860694885254
767,initial,-7.252780914306641
768,initial,-7.0721330642700195
769,initial,-7.629297733306885
770,initial,-7.902665615081787
771,initial,-6.857169151306152
772,initial,-7.760554313659668
773,initial,-7.2131781578063965
774,initial,-8.091151237487793
775,initial,-8.495183944702148
776,initial,-7.211169719696045
777,initial,-6.7546706199646
778,initial,-6.749046802520752
779,initial,-9.239129066467285
780,initial,-7.237637996673584
781,initial,-8.382868766784668
782,initial,-7.2449493408203125
783,initial,-7.648275852203369
784,initial,-5.8409600257873535
785,initial,-6.757081985473633
786,initial,-6.5338568687438965
787,initial,-7.407320499420166
788,initial,-6.419349670410156
789,initial,-6.648044109344482
790,initial,-6.564529895782471
791,initial,-6.034444332122803
792,initial,-7.558564186096191
793,initial,-7.827208042144775
794,initial,-5.685229301452637
795,initial,-6.299170970916748
796,initial,-6.619229316711426
797,initial,-6.103265762329102
798,initial,-7.759331226348877
799,initial,-6.804657936096191
800,initial,-7.11432409286499
801,initial,-6.800838470458984
802,initial,-5.902385711669922
803,initial,-8.798321723937988
804,initial,-7.532052516937256
805,initial,-7.902218341827393
806,initial,-7.1833648681640625
807,initial,-6.057729721069336
808,initial,-5.910069465637207
809,initial,-7.094112396240234
810,initial,-6.397177696228027
811,initial,-8.624105453491211
812,initial,-6.614130973815918
813,initial,-7.256948947906494
814,initial,-7.8087029457092285
815,initial,-8.152970314025879
816,initial,-7.250367164611816
817,initial,-5.938035011291504
818,initial,-6.894316673278809
819,initial,-7.0350871086120605
820,initial,-6.26258659362793
821,initial,-7.301882266998291
822,initial,-7.086176872253418
823,initial,-7.6563944816589355
824,initial,-8.166078567504883
825,initial,-6.3920416831970215
826,initial,-6.751564979553223
827,initial,-5.920501232147217
828,initial,-6.543698787689209
829,initial,-6.261806011199951
830,initial,-7.199294567108154
831,initial,-6.201260089874268
832,initial,-6.5511956214904785
833,initial,-6.499548435211182
834,initial,-5.994386196136475
835,initial,-7.015316486358643
836,initial,-7.054899215698242
837,initial,-5.82711935043335
838,initial,-6.1366400718688965
839,initial,-6.334327220916748
840,initial,-6.013272285461426
841,initial,-7.495876312255859
842,initial,-6.706433296203613
843,initial,-6.631422996520996
844,initial,-6.636622428894043
845,initial,-5.845189571380615
846,initial,-8.275489807128906
847,initial,-7.249253749847412
848,initial,-5.793036460876465
849,initial,-8.058382987976074
850,initial,-7.779936790466309
851,initial,-6.673038482666016
852,initial,-6.937617301940918
853,initial,-6.648362636566162
854,initial,-7.791707515716553
855,initial,-6.722175121307373
856,initial,-7.759380340576172
857,initial,-5.6797614097595215
858,initial,-8.396688461303711
859,initial,-5.6797614097595215
860,initial,-5.757750034332275
861,initial,-6.893733024597168
862,initial,-7.003023624420166
863,initial,-7.294276714324951
864,initial,-7.006124019622803
865,initial,-6.697672367095947
866,initial,-8.248600959777832
867,initial,-5.213033199310303
868,initial,-6.918405055999756
869,initial,-6.395541191101074
870,initial,-6.798221111297607
871,initial,-7.806235313415527
872,initial,-5.883882999420166
873,initial,-8.066941261291504
874,initial,-7.112241744995117
875,initial,-6.697672367095947
876,initial,-6.635556697845459
877,initial,-6.530519008636475
878,initial,-6.491067886352539
879,initial,-6.8031110763549805
880,initial,-7.108240127563477
881,initial,-8.667765617370605
882,initial,-8.470538139343262
883,initial,-5.7406005859375
884,initial,-6.363577842712402
885,initial,-6.395541191101074
886,initial,-7.043178081512451
887,initial,-7.144317626953125
888,initial,-8.058382987976074
889,initial,-7.378035545349121
890,initial,-6.709312438964844
891,initial,-5.8082594871521
892,initial,-7.822147369384766
893,initial,-6.949585914611816
894,initial,-6.4235382080078125
895,initial,-6.84795618057251
896,initial,-6.6866455078125
897,initial,-7.409826755523682
898,initial,-6.552125930786133
899,initial,-7.52446174621582
900,initial,-5.805233955383301
901,initial,-8.07973575592041
902,initial,-5.805233955383301
903,initial,-5.773776054382324
904,initial,-6.739208221435547
905,initial,-6.558646202087402
906,initial,-7.031248569488525
907,initial,-6.9785590171813965
908,initial,-6.662717342376709
909,initial,-7.866398334503174
910,initial,-6.266085147857666
911,initial,-6.01959753036499
912,initial,-5.998298168182373
913,initial,-6.59873628616333
914,initial,-6.89863395690918
915,initial,-5.998298168182373
916,initial,-7.28593111038208
917,initial,-6.649621963500977
918,initial,-6.141515731811523
919,initial,-6.182939052581787
920,initial,-6.744260311126709
921,initial,-6.812507629394531
922,initial,-5.678434371948242
923,initial,-6.347384929656982
924,initial,-6.684762954711914
925,initial,-6.626087188720703
926,initial,-6.767733573913574
927,initial,-6.399006366729736
928,initial,-6.746730327606201
929,initial,-5.820060729980469
930,initial,-6.315047740936279
931,initial,-6.730653285980225
932,initial,-5.998135566711426
933,initial,-5.933935165405273
934,initial,-6.701019287109375
935,initial,-8.152274131774902
936,initial,-6.683955669403076
937,initial,-6.2326979637146
938,initial,-6.222024440765381
939,initial,-7.1158013343811035
940,initial,-7.199293613433838
941,initial,-7.243495941162109
942,initial,-8.326725006103516
943,initial,-6.102721691131592
944,initial,-6.537075042724609
945,initial,-6.306407451629639
946,initial,-6.716146945953369
947,initial,-6.565622806549072
948,initial,-5.880768299102783
949,initial,-6.475523471832275
950,initial,-7.1538262367248535
951,initial,-6.426388740539551
952,initial,-5.778054237365723
953,initial,-6.437336444854736
954,initial,-6.218419551849365
955,initial,-6.379711627960205
956,initial,-6.716104507446289
957,initial,-6.854572296142578
958,initial,-6.379711627960205
959,initial,-7.323180198669434
960,initial,-6.648765563964844
961,initial,-6.1608123779296875
962,initial,-6.238396167755127
963,initial,-6.569469928741455
964,initial,-6.743746757507324
965,initial,-5.67966890335083
966,initial,-6.4735188484191895
967,initial,-6.708218097686768
968,initial,-6.58027458190918
969,initial,-6.720827102661133
970,initial,-6.635337829589844
971,initial,-6.365602493286133
972,initial,-5.805088043212891
973,initial,-6.360712051391602
974,initial,-9.041671752929688
975,initial,-7.476806640625
976,initial,-7.031984329223633
977,initial,-6.740840911865234
978,initial,-7.82307767868042
979,initial,-7.69153356552124
980,initial,-6.587441444396973
981,initial,-8.404394149780273
982,initial,-5.693047046661377
983,initial,-6.083826541900635
984,initial,-6.300970554351807
985,initial,-6.599694728851318
986,initial,-6.5282816886901855
987,initial,-8.184089660644531
988,initial,-6.312289714813232
989,initial,-7.243298053741455
990,initial,-7.46950626373291
991,initial,-6.506985664367676
992,initial,-7.040777206420898
993,initial,-7.181155681610107
994,initial,-7.088466167449951
995,initial,-7.067569732666016
996,initial,-8.007794380187988
997,initial,-7.68371057510376
998,initial,-7.5899658203125
999,initial,-6.607978820800781
1000,initial,-7.043827533721924
1001,initial,-8.777148246765137
1002,initial,-6.831175327301025
1003,initial,-6.496386528015137
1004,initial,-8.649621963500977
1005,initial,-6.892702579498291
1006,initial,-6.0229339599609375
1007,initial,-8.295117378234863
1008,initial,-7.175203800201416
1009,initial,-7.781576633453369
1010,initial,-6.186355113983154
1011,initial,-6.875449180603027
1012,initial,-6.813305854797363
1013,initial,-6.57358980178833
1014,initial,-7.475927352905273
1015,initial,-8.490394592285156
1016,initial,-6.177061557769775
1017,initial,-8.444344520568848
1018,initial,-7.210214138031006
1019,initial,-6.604085922241211
1020,initial,-7.004846572875977
1021,initial,-6.907354354858398
1022,initial,-7.444352626800537
1023,initial,-6.457154750823975
1024,initial,-7.687545299530029
1025,initial,-5.986063480377197
1026,initial,-6.360957622528076
1027,initial,-6.205503940582275
1028,initial,-6.4697265625
1029,initial,-6.125847816467285
1030,initial,-7.508550643920898
1031,initial,-6.6439056396484375
1032,initial,-6.784619331359863
1033,initial,-7.088437080383301
1034,initial,-6.614558696746826
1035,initial,-6.6217756271362305
1036,initial,-7.634089946746826
1037,initial,-6.957496643066406
1038,initial,-5.99246072769165
1039,initial,-5.751018524169922
1040,initial,-7.1509857177734375
1041,initial,-6.502564907073975
1042,initial,-6.167438507080078
1043,initial,-6.639820575714111
1044,initial,-6.536396503448486
1045,initial,-6.100897789001465
1046,initial,-7.47174072265625
1047,initial,-6.693459987640381
1048,initial,-5.563756465911865
1049,initial,-7.1154584884643555
1050,initial,-5.816932201385498
1051,initial,-6.183873653411865
1052,initial,-8.17000961303711
1053,initial,-6.690558910369873
1054,initial,-6.3515777587890625
1055,initial,-6.4378132820129395
1056,initial,-5.7059125900268555
1057,initial,-7.469789505004883
1058,initial,-7.900651931762695
1059,initial,-6.543415546417236
1060,initial,-7.056362628936768
1061,initial,-5.951202392578125
1062,initial,-6.579439163208008
1063,initial,-7.237215518951416
1064,initial,-6.823887348175049
1065,initial,-7.088256359100342
1066,initial,-6.5937371253967285
1067,initial,-6.133134365081787
1068,initial,-5.964083194732666
1069,initial,-5.6903300285339355
1070,initial,-6.369728088378906
1071,initial,-6.402574062347412
1072,initial,-5.61673641204834
1073,initial,-6.915472030639648
1074,initial,-6.590078353881836
1075,initial,-5.269135475158691
1076,initial,-6.9507365226745605
1077,initial,-6.442829608917236
1078,initial,-7.621078968048096
1079,initial,-7.6925482749938965
1080,initial,-7.808098316192627
1081,initial,-7.9398512840271
1082,initial,-8.548789978027344
1083,initial,-7.226590633392334
1084,initial,-7.226590633392334
1085,initial,-8.283108711242676
1086,initial,-7.679653644561768
1087,initial,-8.438584327697754
1088,initial,-7.86653470993042
1089,initial,-7.257688522338867
1090,initial,-7.716838836669922
1091,initial,-8.690352439880371
1092,initial,-7.441919803619385
1093,initial,-8.119643211364746
1094,initial,-8.050387382507324
1095,initial,-7.838624477386475
1096,initial,-6.624011993408203
1097,initial,-8.691794395446777
1098,initial,-7.497331142425537
1099,initial,-7.904388904571533
1100,initial,-7.621179103851318
1101,initial,-7.408786773681641
1102,initial,-8.636542320251465
1103,initial,-7.113776683807373
1104,initial,-8.9053316116333
1105,initial,-7.482069492340088
1106,initial,-7.945518493652344
1107,initial,-8.392632484436035
1108,initial,-7.723957538604736
1109,initial,-8.510132789611816
1110,initial,-9.114518165588379
1111,initial,-7.0839409828186035
1112,initial,-8.656987190246582
1113,initial,-8.317696571350098
1114,initial,-7.356766223907471
1115,initial,-7.072179317474365
1116,initial,-8.392632484436035
1117,initial,-6.820343017578125
1118,initial,-6.900782108306885
1119,initial,-6.275532245635986
1120,initial,-5.759232997894287
1121,initial,-6.6207594871521
1122,initial,-6.970017433166504
1123,initial,-7.189323902130127
1124,initial,-7.068943500518799
1125,initial,-7.195276737213135
1126,initial,-6.8210554122924805
1127,initial,-6.8210554122924805
1128,initial,-7.072324275970459
1129,initial,-6.55215311050415
1130,initial,-7.15657901763916
1131,initial,-6.9359002113342285
1132,initial,-6.353278636932373
1133,initial,-6.858002185821533
1134,initial,-7.632292747497559
1135,initial,-6.772566795349121
1136,initial,-7.230076789855957
1137,initial,-7.141562461853027
1138,initial,-7.098326683044434
1139,initial,-8.398114204406738
1140,initial,-7.9896392822265625
1141,initial,-7.154038429260254
1142,initial,-6.590366840362549
1143,initial,-7.578641414642334
1144,initial,-8.68786907196045
1145,initial,-7.749804973602295
1146,initial,-6.544904708862305
1147,initial,-7.484170913696289
1148,initial,-7.521780967712402
1149,initial,-7.282587051391602
1150,initial,-8.77258014678955
1151,initial,-8.3627290725708
1152,initial,-8.431342124938965
1153,initial,-8.419058799743652
1154,initial,-6.982266902923584
1155,initial,-8.3627290725708
1156,initial,-8.726089477539062
1157,initial,-8.288633346557617
1158,initial,-7.899885177612305
1159,initial,-7.51426362991333
1160,initial,-8.19228458404541
1161,initial,-8.256278038024902
1162,initial,-6.990665435791016
1163,initial,-7.537292957305908
1164,initial,-8.428421974182129
1165,initial,-8.698073387145996
1166,initial,-8.256278038024902
1167,initial,-6.703102111816406
1168,initial,-8.450416564941406
1169,initial,-9.375603675842285
1170,initial,-8.270648002624512
1171,initial,-7.501648902893066
1172,initial,-8.442695617675781
1173,initial,-8.442695617675781
1174,initial,-8.262072563171387
1175,initial,-6.893531322479248
1176,initial,-6.76602840423584
1177,initial,-6.705660343170166
1178,initial,-7.351263523101807
1179,initial,-7.386573314666748
1180,initial,-8.477416038513184
1181,initial,-8.428421974182129
1182,initial,-7.773693561553955
1183,initial,-7.328411102294922
1184,initial,-6.671161651611328
1185,initial,-6.14139461517334
1186,initial,-6.994184494018555
1187,initial,-7.862800121307373
1188,initial,-7.398890495300293
1189,initial,-6.165050506591797
1190,initial,-7.1171875
1191,initial,-7.357174396514893
1192,initial,-6.819713592529297
1193,initial,-7.93338680267334
1194,initial,-7.886716365814209
1195,initial,-7.587532997131348
1196,initial,-7.314507484436035
1197,initial,-6.490687370300293
1198,initial,-7.886716365814209
1199,initial,-7.901181697845459
1200,initial,-7.562206268310547
1201,initial,-7.430696964263916
1202,initial,-7.280749320983887
1203,initial,-7.292893886566162
1204,initial,-7.099339485168457
1205,initial,-7.137590408325195
1206,initial,-6.635867118835449
1207,initial,-6.540842533111572
1208,initial,-7.351345062255859
1209,initial,-7.465260982513428
1210,initial,-6.859559535980225
1211,initial,-6.856904983520508
1212,initial,-7.962696552276611
1213,initial,-7.150679111480713
1214,initial,-7.299203872680664
1215,initial,-6.335086822509766
1216,initial,-7.536492347717285
1217,initial,-6.871811866760254
1218,initial,-6.796435356140137
1219,initial,-7.371119976043701
1220,initial,-6.314265251159668
1221,initial,-6.753403663635254
1222,initial,-7.23203182220459
1223,initial,-6.742676734924316
1224,initial,-6.589470863342285
1225,initial,-7.678372859954834
1226,initial,-7.236542224884033
1227,initial,-6.8415656089782715
1228,initial,-6.842833995819092
1229,initial,-6.56758975982666
1230,initial,-6.828514575958252
1231,initial,-7.3139472007751465
1232,initial,-7.2233452796936035
1233,initial,-7.153514385223389
1234,initial,-6.587632179260254
1235,initial,-8.14301872253418
1236,initial,-6.411909580230713
1237,initial,-7.509873867034912
1238,initial,-7.572755336761475
1239,initial,-6.819750785827637
1240,initial,-6.322289943695068
1241,initial,-6.70803689956665
1242,initial,-6.934444904327393
1243,initial,-7.073510646820068
1244,initial,-6.659902572631836
1245,initial,-6.569235324859619
1246,initial,-6.977982521057129
1247,initial,-6.250326156616211
1248,initial,-6.8229522705078125
1249,initial,-6.544395446777344
1250,initial,-6.219876289367676
1251,initial,-7.106912612915039
1252,initial,-7.138988018035889
1253,initial,-6.427763938903809
1254,initial,-6.934626579284668
1255,initial,-7.721803665161133
1256,initial,-6.600606918334961
1257,initial,-6.7389702796936035
1258,initial,-6.0734052658081055
1259,initial,-7.3580780029296875
1260,initial,-6.276230335235596
1261,initial,-6.385534763336182
1262,initial,-7.180536270141602
1263,initial,-5.862675189971924
1264,initial,-6.652841567993164
1265,initial,-8.130436897277832
1266,initial,-7.554351329803467
1267,initial,-8.227445602416992
1268,initial,-7.9869608879089355
1269,initial,-8.457902908325195
1270,initial,-7.657754421234131
1271,initial,-9.544754028320312
1272,initial,-8.058479309082031
1273,initial,-7.722782135009766
1274,initial,-7.943837642669678
1275,initial,-7.753921031951904
1276,initial,-8.805710792541504
1277,initial,-7.060996055603027
1278,initial,-6.680090427398682
1279,initial,-8.363070487976074
1280,initial,-7.2803168296813965
1281,initial,-8.127644538879395
1282,initial,-8.607392311096191
1283,initial,-8.080076217651367
1284,initial,-7.426361083984375
1285,initial,-8.93896198272705
1286,initial,-7.519379138946533
1287,initial,-9.30981731414795
1288,initial,-7.940554618835449
1289,initial,-9.132372856140137
1290,initial,-7.845998287200928
1291,initial,-7.7759552001953125
1292,initial,-7.660404205322266
1293,initial,-8.872294425964355
1294,initial,-8.916000366210938
1295,initial,-8.227446556091309
1296,initial,-8.26271915435791
1297,initial,-8.604186058044434
1298,initial,-7.279041767120361
1299,initial,-7.455006122589111
1300,initial,-7.2803168296813965
1301,initial,-7.142895221710205
1302,initial,-9.498059272766113
1303,initial,-7.511960983276367
1304,initial,-7.974691867828369
1305,initial,-8.598677635192871
1306,initial,-8.153321266174316
1307,initial,-7.1242194175720215
1308,initial,-7.374953269958496
1309,initial,-6.286561012268066
1310,initial,-7.689218044281006
1311,initial,-6.931230068206787
1312,initial,-7.800539970397949
1313,initial,-6.692172050476074
1314,initial,-8.632172584533691
1315,initial,-6.77659273147583
1316,initial,-7.0848493576049805
1317,initial,-7.119978904724121
1318,initial,-6.891940593719482
1319,initial,-7.9482011795043945
1320,initial,-6.568546772003174
1321,initial,-6.22908353805542
1322,initial,-7.7463698387146
1323,initial,-6.501040458679199
1324,initial,-7.129183292388916
1325,initial,-7.637059688568115
1326,initial,-7.468071937561035
1327,initial,-6.653738498687744
1328,initial,-6.342829704284668
1329,initial,-6.558709621429443
1330,initial,-6.558709621429443
1331,initial,-7.807194232940674
1332,initial,-7.704793930053711
1333,initial,-6.475797653198242
1334,initial,-7.636241436004639
1335,initial,-6.353578567504883
1336,initial,-6.825828552246094
1337,initial,-6.76279354095459
1338,initial,-5.787749767303467
1339,initial,-6.928879261016846
1340,initial,-7.1134233474731445
1341,initial,-7.706033706665039
1342,initial,-6.892075538635254
1343,initial,-6.172929763793945
1344,initial,-7.324449062347412
1345,initial,-6.645641326904297
1346,initial,-5.951623439788818
1347,initial,-6.281496047973633
1348,initial,-7.070687294006348
1349,initial,-7.546086311340332
1350,initial,-6.77290153503418
1351,initial,-6.275729656219482
1352,initial,-7.709014892578125
1353,initial,-5.908360481262207
1354,initial,-6.827271461486816
1355,initial,-6.268749237060547
1356,initial,-7.0683488845825195
1357,initial,-6.351884841918945
1358,initial,-6.447051525115967
1359,initial,-6.640896797180176
1360,initial,-6.675835609436035
1361,initial,-5.563302040100098
1362,initial,-6.1453447341918945
1363,initial,-7.513364315032959
1364,initial,-6.965569019317627
1365,initial,-7.430961608886719
1366,initial,-6.001156806945801
1367,initial,-6.642836570739746
0,final,-3.6934125423431396
1,final,-6.148717403411865
2,final,-4.025108337402344
3,final,-5.64252233505249
4,final,-3.677051305770874
5,final,-6.334146976470947
6,final,-3.8468704223632812
7,final,-6.11010217666626
8,final,-3.154838800430298
9,final,-4.18120813369751
10,final,-4.3575897216796875
11,final,-4.39139461517334
12,final,-3.3109660148620605
13,final,-3.8640480041503906
14,final,-4.082760334014893
15,final,-4.88751220703125
16,final,-5.231727600097656
17,final,-4.39139461517334
18,final,-5.117424488067627
19,final,-4.025108337402344
20,final,-4.577976226806641
21,final,-4.471642971038818
22,final,-4.628568172454834
23,final,-4.784731388092041
24,final,-3.9505574703216553
25,final,-4.471642971038818
26,final,-4.40077543258667
27,final,-4.021118640899658
28,final,-3.8029305934906006
29,final,-4.40077543258667
30,final,-5.8158183097839355
31,final,-4.7411627769470215
32,final,-3.600574493408203
33,final,-5.332462310791016
34,final,-5.823233127593994
35,final,-5.8326945304870605
36,final,-3.534824848175049
37,final,-4.556310176849365
38,final,-3.0677945613861084
39,final,-4.563103199005127
40,final,-4.86491584777832
41,final,-3.7612414360046387
42,final,-4.519412517547607
43,final,-4.1001739501953125
44,final,-4.936049938201904
45,final,-5.647357940673828
46,final,-4.470780372619629
47,final,-4.89405632019043
48,final,-5.463723659515381
49,final,-4.493058681488037
50,final,-4.679924011230469
51,final,-4.984420299530029
52,final,-3.7601373195648193
53,final,-4.623064994812012
54,final,-4.936707496643066
55,final,-4.607907295227051
56,final,-4.2362236976623535
57,final,-5.6049652099609375
58,final,-4.71589469909668
59,final,-4.190670490264893
60,final,-3.5506174564361572
61,final,-4.780566692352295
62,final,-5.489002704620361
63,final,-4.890916347503662
64,final,-5.339097499847412
65,final,-4.564241886138916
66,final,-4.300159454345703
67,final,-5.407171726226807
68,final,-5.905699729919434
69,final,-3.7677981853485107
70,final,-5.362889289855957
71,final,-3.9615683555603027
72,final,-4.403637409210205
73,final,-3.841402769088745
74,final,-6.440523147583008
75,final,-4.3453803062438965
76,final,-5.219927787780762
77,final,-3.5910227298736572
78,final,-4.673903465270996
79,final,-3.6606147289276123
80,final,-4.854473114013672
81,final,-5.064516067504883
82,final,-4.330715179443359
83,final,-5.129014015197754
84,final,-4.5890889167785645
85,final,-4.668963432312012
86,final,-5.22606897354126
87,final,-4.93480110168457
88,final,-5.744726657867432
89,final,-4.725807189941406
90,final,-4.193490982055664
91,final,-4.368612289428711
92,final,-5.627377033233643
93,final,-4.569768905639648
94,final,-5.417594909667969
95,final,-5.5548624992370605
96,final,-4.820651054382324
97,final,-4.577599048614502
98,final,-4.486838340759277
99,final,-5.193108558654785
100,final,-5.034998893737793
101,final,-4.173800468444824
102,final,-4.26855993270874
103,final,-4.547794818878174
104,final,-4.281320095062256
105,final,-4.037174224853516
106,final,-3.0965960025787354
107,final,-6.021965980529785
108,final,-4.281320095062256
109,final,-3.451389789581299
110,final,-4.9549689292907715
111,final,-4.218083381652832
112,final,-4.328865051269531
113,final,-4.83449649810791
114,final,-4.422775745391846
115,final,-3.3299880027770996
116,final,-4.864012718200684
117,final,-4.800960063934326
118,final,-4.260288715362549
119,final,-3.9769139289855957
120,final,-4.09123420715332
121,final,-4.533177852630615
122,final,-3.3144237995147705
123,final,-3.114795684814453
124,final,-3.3089611530303955
125,final,-3.3144237995147705
126,final,-4.4895477294921875
127,final,-3.721973419189453
128,final,-4.053586959838867
129,final,-3.003385543823242
130,final,-3.5240495204925537
131,final,-3.35986065864563
132,final,-3.747856855392456
133,final,-4.300862789154053
134,final,-2.966019868850708
135,final,-4.5403971672058105
136,final,-5.540319919586182
137,final,-4.918301582336426
138,final,-3.418172597885132
139,final,-4.496158123016357
140,final,-4.566546440124512
141,final,-3.4753260612487793
142,final,-4.659750461578369
143,final,-3.799039840698242
144,final,-4.6341552734375
145,final,-4.62664794921875
146,final,-4.399142742156982
147,final,-4.254233360290527
148,final,-4.22591495513916
149,final,-3.9935407638549805
150,final,-4.015934944152832
151,final,-4.938595771789551
152,final,-3.4066224098205566
153,final,-3.8957271575927734
154,final,-4.3497724533081055
155,final,-5.336551666259766
156,final,-4.3497724533081055
157,final,-3.9502317905426025
158,final,-4.171332359313965
159,final,-5.2855424880981445
160,final,-3.492253065109253
161,final,-3.644014835357666
162,final,-4.125553607940674
163,final,-5.353011608123779
164,final,-3.797673463821411
165,final,-4.53778600692749
166,final,-3.7618520259857178
167,final,-3.7314884662628174
168,final,-5.597810745239258
169,final,-4.446529388427734
170,final,-4.692166805267334
171,final,-6.189578056335449
172,final,-4.157662868499756
173,final,-3.8673346042633057
174,final,-4.402351379394531
175,final,-4.238955974578857
176,final,-5.029930591583252
177,final,-4.4260478019714355
178,final,-2.916889190673828
179,final,-4.088912487030029
180,final,-3.5657894611358643
181,final,-4.490910053253174
182,final,-4.379999160766602
183,final,-4.835537910461426
184,final,-4.360421180725098
185,final,-4.83611536026001
186,final,-4.725514888763428
187,final,-5.305357933044434
188,final,-4.052418231964111
189,final,-4.571284294128418
190,final,-5.306184768676758
191,final,-4.746619701385498
192,final,-5.4865546226501465
193,final,-5.570711612701416
194,final,-5.2268385887146
195,final,-3.889895439147949
196,final,-5.689040660858154
197,final,-5.288034915924072
198,final,-3.987421989440918
199,final,-3.6382205486297607
200,final,-2.635989189147949
201,final,-4.448254108428955
202,final,-2.9178357124328613
203,final,-2.734185218811035
204,final,-2.781386613845825
205,final,-2.781386613845825
206,final,-3.525280475616455
207,final,-3.9226231575012207
208,final,-4.320652484893799
209,final,-4.094366550445557
210,final,-4.1671671867370605
211,final,-4.106884956359863
212,final,-4.570675849914551
213,final,-5.354421615600586
214,final,-3.221583127975464
215,final,-3.897082805633545
216,final,-3.105020523071289
217,final,-4.673361778259277
218,final,-4.656280994415283
219,final,-4.763954162597656
220,final,-4.054128170013428
221,final,-5.038439750671387
222,final,-4.415545463562012
223,final,-5.362555503845215
224,final,-4.714719295501709
225,final,-4.862967491149902
226,final,-4.065006732940674
227,final,-5.191343784332275
228,final,-6.2747063636779785
229,final,-6.217627048492432
230,final,-5.3269805908203125
231,final,-4.929120063781738
232,final,-5.277878761291504
233,final,-4.986911296844482
234,final,-4.067874908447266
235,final,-4.653561592102051
236,final,-5.020690441131592
237,final,-4.914956092834473
238,final,-5.195578575134277
239,final,-4.379837989807129
240,final,-4.34279727935791
241,final,-4.768852233886719
242,final,-5.33083963394165
243,final,-4.098788738250732
244,final,-4.643820762634277
245,final,-4.93137788772583
246,final,-5.787037372589111
247,final,-5.106429100036621
248,final,-6.028817653656006
249,final,-4.954409122467041
250,final,-5.211586952209473
251,final,-6.263393402099609
252,final,-4.067874908447266
253,final,-5.038439750671387
254,final,-5.038439750671387
255,final,-6.217627048492432
256,final,-5.396568298339844
257,final,-4.682753562927246
258,final,-4.613755702972412
259,final,-4.22767972946167
260,final,-4.954274654388428
261,final,-5.532647132873535
262,final,-4.388217449188232
263,final,-4.0417680740356445
264,final,-4.571751594543457
265,final,-4.325336456298828
266,final,-5.072051048278809
267,final,-4.299091815948486
268,final,-4.383976459503174
269,final,-4.172939300537109
270,final,-4.677533149719238
271,final,-5.842451095581055
272,final,-5.826836585998535
273,final,-4.746408939361572
274,final,-4.901850700378418
275,final,-5.035163402557373
276,final,-4.383929252624512
277,final,-4.173726558685303
278,final,-4.526892185211182
279,final,-4.9428019523620605
280,final,-4.706397533416748
281,final,-5.109276294708252
282,final,-4.09217643737793
283,final,-3.6919784545898438
284,final,-5.432158470153809
285,final,-5.516993522644043
286,final,-4.0869855880737305
287,final,-4.589325428009033
288,final,-6.445201873779297
289,final,-5.015753746032715
290,final,-4.823077201843262
291,final,-4.912607669830322
292,final,-6.192557334899902
293,final,-5.370802402496338
294,final,-5.394256591796875
295,final,-5.0463457107543945
296,final,-6.310245990753174
297,final,-4.4052839279174805
298,final,-5.000638484954834
299,final,-6.3024396896362305
300,final,-5.000638484954834
301,final,-5.704061985015869
302,final,-5.297881126403809
303,final,-4.096836090087891
304,final,-6.27337646484375
305,final,-4.612148284912109
306,final,-4.399183750152588
307,final,-4.300537586212158
308,final,-4.932621002197266
309,final,-5.181209087371826
310,final,-5.0463457107543945
311,final,-5.6120405197143555
312,final,-5.138167858123779
313,final,-6.445201873779297
314,final,-6.013226509094238
315,final,-4.300537586212158
316,final,-4.744984149932861
317,final,-5.426086902618408
318,final,-3.98449444770813
319,final,-5.264218807220459
320,final,-4.735297203063965
321,final,-6.445201873779297
322,final,-4.23183012008667
323,final,-4.348175048828125
324,final,-4.2377095222473145
325,final,-5.361044883728027
326,final,-3.7258405685424805
327,final,-4.831576824188232
328,final,-5.083060264587402
329,final,-4.060634136199951
330,final,-4.408623695373535
331,final,-5.872555732727051
332,final,-4.506824970245361
333,final,-4.616659641265869
334,final,-4.55490255355835
335,final,-5.6377363204956055
336,final,-4.956727504730225
337,final,-4.941454887390137
338,final,-4.469581604003906
339,final,-5.772052764892578
340,final,-4.2108154296875
341,final,-4.700543403625488
342,final,-5.906004905700684
343,final,-4.700543403625488
344,final,-5.083484649658203
345,final,-5.006911277770996
346,final,-4.990664482116699
347,final,-6.105376243591309
348,final,-5.448025703430176
349,final,-5.241702079772949
350,final,-4.00937032699585
351,final,-5.545426845550537
352,final,-4.32995080947876
353,final,-5.006922245025635
354,final,-4.690896987915039
355,final,-5.243223190307617
356,final,-5.183626174926758
357,final,-5.088382720947266
358,final,-5.053090572357178
359,final,-4.9299798011779785
360,final,-5.25657844543457
361,final,-4.679563045501709
362,final,-4.863821983337402
363,final,-4.764825344085693
364,final,-5.096147537231445
365,final,-4.426064968109131
366,final,-4.944394111633301
367,final,-5.082446575164795
368,final,-5.225076675415039
369,final,-6.198645114898682
370,final,-4.74549674987793
371,final,-4.546110153198242
372,final,-4.214693069458008
373,final,-4.806766033172607
374,final,-4.921613693237305
375,final,-5.465091228485107
376,final,-5.004739284515381
377,final,-4.202498435974121
378,final,-4.940587997436523
379,final,-4.163261413574219
380,final,-4.490211486816406
381,final,-5.188620090484619
382,final,-4.80975341796875
383,final,-5.622342586517334
384,final,-5.225024223327637
385,final,-4.938810348510742
386,final,-5.082446575164795
387,final,-4.719082355499268
388,final,-5.124860763549805
389,final,-4.224352836608887
390,final,-5.6741719245910645
391,final,-4.737660884857178
392,final,-4.499599456787109
393,final,-3.6518075466156006
394,final,-4.889385223388672
395,final,-3.8666739463806152
396,final,-4.519671440124512
397,final,-4.040718078613281
398,final,-4.902499198913574
399,final,-5.048745632171631
400,final,-4.814606666564941
401,final,-4.686480522155762
402,final,-4.314234733581543
403,final,-4.913339614868164
404,final,-4.311841011047363
405,final,-4.625898361206055
406,final,-4.407580852508545
407,final,-4.905119895935059
408,final,-4.3171892166137695
409,final,-5.365385055541992
410,final,-4.622235298156738
411,final,-6.634531497955322
412,final,-6.222419738769531
413,final,-6.233529567718506
414,final,-5.00380802154541
415,final,-5.254758358001709
416,final,-5.7834906578063965
417,final,-5.574615001678467
418,final,-5.673862457275391
419,final,-3.8090553283691406
420,final,-4.443549156188965
421,final,-5.334781646728516
422,final,-5.939570903778076
423,final,-4.525561332702637
424,final,-5.3271484375
425,final,-5.3827128410339355
426,final,-5.332364082336426
427,final,-5.232054710388184
428,final,-6.5157246589660645
429,final,-6.6871442794799805
430,final,-6.131298542022705
431,final,-5.494760036468506
432,final,-5.825305938720703
433,final,-6.6786394119262695
434,final,-5.815464496612549
435,final,-5.401777267456055
436,final,-3.792865037918091
437,final,-4.351073741912842
438,final,-4.868682861328125
439,final,-6.064711570739746
440,final,-4.313736915588379
441,final,-5.267850399017334
442,final,-6.892752647399902
443,final,-5.082229137420654
444,final,-6.415680885314941
445,final,-6.114718437194824
446,final,-6.596747398376465
447,final,-6.037642955780029
448,final,-6.368683815002441
449,final,-5.469428062438965
450,final,-5.942342758178711
451,final,-6.529254913330078
452,final,-4.40692138671875
453,final,-4.042580604553223
454,final,-5.620649337768555
455,final,-5.251256465911865
456,final,-4.994887351989746
457,final,-4.190330505371094
458,final,-4.131371021270752
459,final,-4.9059271812438965
460,final,-4.896406173706055
461,final,-5.1594648361206055
462,final,-3.5930323600769043
463,final,-3.718975067138672
464,final,-4.613531112670898
465,final,-5.015214443206787
466,final,-4.020834445953369
467,final,-4.606418609619141
468,final,-4.692882061004639
469,final,-4.295012474060059
470,final,-4.388784408569336
471,final,-5.420652389526367
472,final,-4.221245765686035
473,final,-5.018071174621582
474,final,-4.06865930557251
475,final,-4.376249313354492
476,final,-4.860320568084717
477,final,-3.4746038913726807
478,final,-4.139112949371338
479,final,-4.231599807739258
480,final,-4.1378350257873535
481,final,-4.118939399719238
482,final,-4.292893409729004
483,final,-4.694049835205078
484,final,-4.162970066070557
485,final,-3.504685878753662
486,final,-4.247005939483643
487,final,-4.695558547973633
488,final,-3.70233154296875
489,final,-5.208641052246094
490,final,-5.995140075683594
491,final,-4.210439682006836
492,final,-4.935669898986816
493,final,-5.5320329666137695
494,final,-4.697225093841553
495,final,-5.12396240234375
496,final,-4.439155578613281
497,final,-5.1880269050598145
498,final,-6.1104583740234375
499,final,-6.6898980140686035
500,final,-4.364314079284668
501,final,-4.900195598602295
502,final,-6.0224809646606445
503,final,-5.897697925567627
504,final,-4.656210422515869
505,final,-4.914246082305908
506,final,-5.924986362457275
507,final,-5.264322757720947
508,final,-4.39375638961792
509,final,-7.067049503326416
510,final,-4.9805097579956055
511,final,-5.963349342346191
512,final,-4.723929405212402
513,final,-5.970778942108154
514,final,-6.3222455978393555
515,final,-6.324275493621826
516,final,-5.2322893142700195
517,final,-4.827657699584961
518,final,-4.6702399253845215
519,final,-4.093420505523682
520,final,-4.138574123382568
521,final,-4.043118953704834
522,final,-4.9008708000183105
523,final,-5.372427463531494
524,final,-4.832388401031494
525,final,-5.780649185180664
526,final,-3.856780529022217
527,final,-6.129448413848877
528,final,-5.378626823425293
529,final,-4.3149285316467285
530,final,-5.690709114074707
531,final,-6.989048480987549
532,final,-4.844293594360352
533,final,-6.264438152313232
534,final,-6.0513434410095215
535,final,-4.799968719482422
536,final,-4.629909038543701
537,final,-4.666752815246582
538,final,-4.813862323760986
539,final,-4.394090175628662
540,final,-5.094230651855469
541,final,-5.798043251037598
542,final,-6.446379661560059
543,final,-4.6296844482421875
544,final,-4.580662727355957
545,final,-5.5159173011779785
546,final,-5.52390718460083
547,final,-5.132040977478027
548,final,-4.979674339294434
549,final,-5.1597442626953125
550,final,-5.015492916107178
551,final,-4.329061031341553
552,final,-6.35394287109375
553,final,-4.563345432281494
554,final,-5.454153060913086
555,final,-6.183573246002197
556,final,-3.451364278793335
557,final,-4.125313758850098
558,final,-4.59956693649292
559,final,-5.4660420417785645
560,final,-8.048240661621094
561,final,-6.347121238708496
562,final,-4.096494674682617
563,final,-5.293538570404053
564,final,-5.165977478027344
565,final,-3.9946320056915283
566,final,-5.285522937774658
567,final,-5.285881042480469
568,final,-5.972114562988281
569,final,-3.8657238483428955
570,final,-5.148547649383545
571,final,-5.86226224899292
572,final,-5.012879848480225
573,final,-5.289841175079346
574,final,-7.045773506164551
575,final,-5.314576625823975
576,final,-6.979997158050537
577,final,-5.9273881912231445
578,final,-5.9273881912231445
579,final,-3.5418002605438232
580,final,-5.4660420417785645
581,final,-6.437516689300537
582,final,-4.635741233825684
583,final,-7.285153388977051
584,final,-4.814155101776123
585,final,-5.544586181640625
586,final,-6.714733123779297
587,final,-4.282512187957764
588,final,-5.942261219024658
589,final,-3.642408847808838
590,final,-6.285666465759277
591,final,-5.08410120010376
592,final,-4.938634395599365
593,final,-5.314576625823975
594,final,-5.269652366638184
595,final,-5.391648769378662
596,final,-6.338457107543945
597,final,-4.111665725708008
598,final,-5.643283367156982
599,final,-3.4562630653381348
600,final,-4.277224063873291
601,final,-4.825340270996094
602,final,-5.125597953796387
603,final,-7.060179233551025
604,final,-6.24177360534668
605,final,-4.190492630004883
606,final,-5.032994747161865
607,final,-5.372020721435547
608,final,-4.358781337738037
609,final,-5.072648048400879
610,final,-5.285501956939697
611,final,-5.510603904724121
612,final,-3.758253812789917
613,final,-4.961202144622803
614,final,-5.750771999359131
615,final,-4.943434715270996
616,final,-4.931909084320068
617,final,-6.287834167480469
618,final,-5.594851970672607
619,final,-6.09612512588501
620,final,-6.265380859375
621,final,-5.159587860107422
622,final,-5.107350826263428
623,final,-5.711799621582031
624,final,-6.281551837921143
625,final,-4.993434906005859
626,final,-4.55572509765625
627,final,-5.809691905975342
628,final,-5.21019983291626
629,final,-4.490354537963867
630,final,-4.878154754638672
631,final,-5.409336566925049
632,final,-5.131056785583496
633,final,-5.7952775955200195
634,final,-5.229714393615723
635,final,-6.178272247314453
636,final,-6.969323635101318
637,final,-6.5618767738342285
638,final,-6.908703327178955
639,final,-5.950877666473389
640,final,-5.447391986846924
641,final,-6.066082954406738
642,final,-4.978264808654785
643,final,-5.629052639007568
644,final,-5.76099157333374
645,final,-4.460695743560791
646,final,-5.538961887359619
647,final,-4.949593544006348
648,final,-4.313013553619385
649,final,-6.081344127655029
650,final,-6.2995781898498535
651,final,-4.110524654388428
652,final,-5.190009593963623
653,final,-6.084221363067627
654,final,-5.043067932128906
655,final,-5.2224297523498535
656,final,-4.892424583435059
657,final,-4.793673992156982
658,final,-6.632593631744385
659,final,-5.075532913208008
660,final,-4.422355651855469
661,final,-5.017116546630859
662,final,-5.345932960510254
663,final,-5.685003757476807
664,final,-4.767770290374756
665,final,-4.934630393981934
666,final,-5.296231269836426
667,final,-5.851899147033691
668,final,-4.789743423461914
669,final,-4.136014938354492
670,final,-5.221599102020264
671,final,-5.156461238861084
672,final,-4.2339301109313965
673,final,-4.719752311706543
674,final,-4.919105529785156
675,final,-5.195577144622803
676,final,-5.110975742340088
677,final,-4.771360397338867
678,final,-5.706127643585205
679,final,-6.471584320068359
680,final,-5.987940788269043
681,final,-7.252832889556885
682,final,-6.796833515167236
683,final,-4.767693042755127
684,final,-6.256969928741455
685,final,-6.471968650817871
686,final,-7.322471618652344
687,final,-3.678041696548462
688,final,-6.141304016113281
689,final,-5.676364898681641
690,final,-7.720746040344238
691,final,-6.607347011566162
692,final,-6.661827087402344
693,final,-5.358701229095459
694,final,-6.737411022186279
695,final,-7.841058254241943
696,final,-4.904079437255859
697,final,-7.824315071105957
698,final,-6.485601902008057
699,final,-6.8001508712768555
700,final,-4.9285359382629395
701,final,-6.400763034820557
702,final,-5.5181779861450195
703,final,-7.698014736175537
704,final,-4.067344665527344
705,final,-4.745433330535889
706,final,-6.440814971923828
707,final,-8.244165420532227
708,final,-4.923023700714111
709,final,-6.831105709075928
710,final,-5.604136943817139
711,final,-5.113131999969482
712,final,-5.5492706298828125
713,final,-7.015140533447266
714,final,-5.528987884521484
715,final,-7.354345321655273
716,final,-6.602623462677002
717,final,-6.090566635131836
718,final,-6.632246017456055
719,final,-6.549291133880615
720,final,-5.414024829864502
721,final,-6.599935054779053
722,final,-7.286655902862549
723,final,-5.721176624298096
724,final,-6.63633394241333
725,final,-5.8974995613098145
726,final,-4.053172588348389
727,final,-5.089101314544678
728,final,-4.86200475692749
729,final,-6.218051433563232
730,final,-3.139923572540283
731,final,-4.942360877990723
732,final,-5.259393215179443
733,final,-6.854124069213867
734,final,-5.643158435821533
735,final,-5.785855770111084
736,final,-4.057267665863037
737,final,-6.113236904144287
738,final,-6.992183685302734
739,final,-4.708378314971924
740,final,-6.298768997192383
741,final,-5.226526260375977
742,final,-5.753767013549805
743,final,-4.262265205383301
744,final,-6.1732177734375
745,final,-5.122107982635498
746,final,-4.716802597045898
747,final,-5.633537292480469
748,final,-4.770489692687988
749,final,-4.761947154998779
750,final,-6.092410087585449
751,final,-5.129820823669434
752,final,-5.039414882659912
753,final,-4.548124313354492
754,final,-6.606128692626953
755,final,-4.952328205108643
756,final,-6.324357032775879
757,final,-6.4285783767700195
758,final,-6.569584846496582
759,final,-5.341926097869873
760,final,-5.277897834777832
761,final,-5.9237380027771
762,final,-6.073737144470215
763,final,-5.040518760681152
764,final,-4.642632007598877
765,final,-5.127195835113525
766,final,-4.145616054534912
767,final,-5.007801055908203
768,final,-4.241916179656982
769,final,-4.3518452644348145
770,final,-5.253479957580566
771,final,-4.7042365074157715
772,final,-5.94577693939209
773,final,-4.830149173736572
774,final,-4.195061683654785
775,final,-5.8540120124816895
776,final,-5.46145486831665
777,final,-4.522643089294434
778,final,-4.122762680053711
779,final,-6.1111249923706055
780,final,-4.794228553771973
781,final,-5.609981536865234
782,final,-6.2476887702941895
783,final,-4.528825759887695
784,final,-4.7869110107421875
785,final,-6.247215747833252
786,final,-5.103651523590088
787,final,-5.186320781707764
788,final,-4.56756591796875
789,final,-5.808543682098389
790,final,-5.788142204284668
791,final,-4.55699348449707
792,final,-5.422168254852295
793,final,-5.021770000457764
794,final,-5.177192687988281
795,final,-4.202116966247559
796,final,-4.925703525543213
797,final,-5.185299873352051
798,final,-5.636549472808838
799,final,-5.584031105041504
800,final,-5.571335792541504
801,final,-5.159860134124756
802,final,-4.0064592361450195
803,final,-6.551682949066162
804,final,-4.937899112701416
805,final,-4.99407434463501
806,final,-5.291510105133057
807,final,-4.33107328414917
808,final,-4.0914435386657715
809,final,-4.871545314788818
810,final,-5.004013538360596
811,final,-5.102492809295654
812,final,-5.768960952758789
813,final,-5.593074798583984
814,final,-5.211882591247559
815,final,-5.866344928741455
816,final,-5.6232781410217285
817,final,-5.155997276306152
818,final,-5.5184221267700195
819,final,-4.7033281326293945
820,final,-4.191551208496094
821,final,-5.47484827041626
822,final,-4.454191207885742
823,final,-5.319348335266113
824,final,-5.906201362609863
825,final,-4.137413024902344
826,final,-4.818393707275391
827,final,-4.9774274826049805
828,final,-6.406739711761475
829,final,-5.092527389526367
830,final,-5.495296478271484
831,final,-5.176614761352539
832,final,-6.138472557067871
833,final,-5.900826930999756
834,final,-4.939844608306885
835,final,-4.9496307373046875
836,final,-5.333310604095459
837,final,-5.341847896575928
838,final,-4.661884307861328
839,final,-5.252632141113281
840,final,-5.379025936126709
841,final,-4.9438066482543945
842,final,-5.8223371505737305
843,final,-5.77352237701416
844,final,-5.273959159851074
845,final,-4.425008296966553
846,final,-5.778383255004883
847,final,-4.555776596069336
848,final,-4.65836238861084
849,final,-5.460587024688721
850,final,-5.227138519287109
851,final,-4.924663543701172
852,final,-4.823831081390381
853,final,-5.823417663574219
854,final,-4.615805625915527
855,final,-6.387529373168945
856,final,-5.601256370544434
857,final,-4.82664680480957
858,final,-6.153063774108887
859,final,-4.82664680480957
860,final,-4.434445858001709
861,final,-5.205347061157227
862,final,-6.379064083099365
863,final,-5.658548831939697
864,final,-5.6558098793029785
865,final,-5.801878452301025
866,final,-5.875064849853516
867,final,-3.882884979248047
868,final,-4.190751075744629
869,final,-4.559643745422363
870,final,-5.511117935180664
871,final,-5.143259048461914
872,final,-4.316853046417236
873,final,-5.165439605712891
874,final,-5.348386764526367
875,final,-5.801878452301025
876,final,-4.3320698738098145
877,final,-6.460219860076904
878,final,-5.362218379974365
879,final,-5.199495792388916
880,final,-5.269589424133301
881,final,-6.185028076171875
882,final,-5.487773418426514
883,final,-5.242993354797363
884,final,-5.011943817138672
885,final,-4.559643745422363
886,final,-4.368943214416504
887,final,-5.209989547729492
888,final,-5.460587024688721
889,final,-5.48514986038208
890,final,-4.389337539672852
891,final,-4.646968841552734
892,final,-4.777061462402344
893,final,-5.100210666656494
894,final,-5.283359050750732
895,final,-4.327559947967529
896,final,-5.888912677764893
897,final,-4.16027307510376
898,final,-6.487229824066162
899,final,-5.015244960784912
900,final,-5.321889400482178
901,final,-5.406560897827148
902,final,-5.321889400482178
903,final,-4.727462291717529
904,final,-5.251189231872559
905,final,-5.860855579376221
906,final,-5.859251022338867
907,final,-5.9064717292785645
908,final,-5.828731060028076
909,final,-5.737537384033203
910,final,-4.716200828552246
911,final,-4.650054931640625
912,final,-4.686265468597412
913,final,-4.699887275695801
914,final,-4.782572269439697
915,final,-4.686265468597412
916,final,-5.067492961883545
917,final,-6.082630634307861
918,final,-4.554282188415527
919,final,-4.435508728027344
920,final,-5.221756935119629
921,final,-5.379127025604248
922,final,-4.161289691925049
923,final,-4.960211277008057
924,final,-5.171452045440674
925,final,-5.258078575134277
926,final,-5.151163578033447
927,final,-5.232570171356201
928,final,-5.948451042175293
929,final,-4.642521381378174
930,final,-5.416009902954102
931,final,-4.706839561462402
932,final,-5.120585918426514
933,final,-4.911089897155762
934,final,-5.681092739105225
935,final,-6.060454845428467
936,final,-4.886354446411133
937,final,-5.12889289855957
938,final,-4.463377475738525
939,final,-4.715229034423828
940,final,-6.312190055847168
941,final,-5.590593338012695
942,final,-5.6863179206848145
943,final,-4.507758140563965
944,final,-4.415360927581787
945,final,-5.377832889556885
946,final,-5.31527042388916
947,final,-5.682264804840088
948,final,-4.205185890197754
949,final,-5.337562561035156
950,final,-5.201848983764648
951,final,-5.292217254638672
952,final,-4.032772541046143
953,final,-4.750826358795166
954,final,-4.889821529388428
955,final,-5.099070072174072
956,final,-5.180017471313477
957,final,-4.595280647277832
958,final,-5.099070072174072
959,final,-4.627921104431152
960,final,-6.219486236572266
961,final,-4.782725811004639
962,final,-4.627368450164795
963,final,-4.587365627288818
964,final,-5.179459571838379
965,final,-4.513471603393555
966,final,-5.072905540466309
967,final,-5.38894510269165
968,final,-4.6325788497924805
969,final,-4.802333354949951
970,final,-5.535942077636719
971,final,-5.6903076171875
972,final,-5.032918453216553
973,final,-4.418835163116455
974,final,-7.102274417877197
975,final,-7.098846435546875
976,final,-5.547253608703613
977,final,-6.162254810333252
978,final,-5.813836097717285
979,final,-6.268147945404053
980,final,-5.5506086349487305
981,final,-5.845369815826416
982,final,-4.2466840744018555
983,final,-5.542405605316162
984,final,-5.661376476287842
985,final,-5.089180946350098
986,final,-5.3921613693237305
987,final,-5.995283603668213
988,final,-5.448882579803467
989,final,-6.560044288635254
990,final,-6.140741348266602
991,final,-4.563088893890381
992,final,-5.367774963378906
993,final,-5.7544050216674805
994,final,-5.479215621948242
995,final,-6.162961483001709
996,final,-5.773248672485352
997,final,-6.029500961303711
998,final,-5.933284282684326
999,final,-6.391212463378906
1000,final,-5.423228740692139
1001,final,-5.853981018066406
1002,final,-6.27779483795166
1003,final,-5.119571685791016
1004,final,-7.0315141677856445
1005,final,-5.1217780113220215
1006,final,-5.156164169311523
1007,final,-5.365073204040527
1008,final,-6.1470842361450195
1009,final,-5.205536365509033
1010,final,-3.924619436264038
1011,final,-5.951727867126465
1012,final,-5.630216121673584
1013,final,-5.378621578216553
1014,final,-5.870176315307617
1015,final,-5.22308349609375
1016,final,-4.463499069213867
1017,final,-5.8363776206970215
1018,final,-6.890597343444824
1019,final,-5.075265884399414
1020,final,-6.2916412353515625
1021,final,-5.014221668243408
1022,final,-6.017585277557373
1023,final,-5.27787446975708
1024,final,-4.970701694488525
1025,final,-4.457736968994141
1026,final,-5.2213850021362305
1027,final,-5.097837448120117
1028,final,-5.10087776184082
1029,final,-4.905097007751465
1030,final,-4.866815567016602
1031,final,-5.583449840545654
1032,final,-5.832186698913574
1033,final,-6.02708101272583
1034,final,-4.768537521362305
1035,final,-5.315520286560059
1036,final,-5.256630897521973
1037,final,-5.540188789367676
1038,final,-5.3051862716674805
1039,final,-5.142180442810059
1040,final,-5.065425395965576
1041,final,-5.404502868652344
1042,final,-4.553149700164795
1043,final,-6.002492427825928
1044,final,-5.884419918060303
1045,final,-5.386811256408691
1046,final,-6.361930847167969
1047,final,-5.5186944007873535
1048,final,-4.925720691680908
1049,final,-5.789119243621826
1050,final,-5.7239909172058105
1051,final,-5.925197601318359
1052,final,-5.205185890197754
1053,final,-5.150784015655518
1054,final,-5.393988609313965
1055,final,-5.617035388946533
1056,final,-4.583507537841797
1057,final,-5.742262840270996
1058,final,-5.5385355949401855
1059,final,-5.079489707946777
1060,final,-4.294900894165039
1061,final,-5.519622802734375
1062,final,-3.6474177837371826
1063,final,-5.405463218688965
1064,final,-5.2198967933654785
1065,final,-4.608519077301025
1066,final,-4.540992736816406
1067,final,-4.835333347320557
1068,final,-4.634255409240723
1069,final,-4.0821332931518555
1070,final,-4.300846099853516
1071,final,-4.363510608673096
1072,final,-4.386629581451416
1073,final,-4.410195827484131
1074,final,-5.756998538970947
1075,final,-4.719761848449707
1076,final,-4.257070064544678
1077,final,-3.2148852348327637
1078,final,-4.753593444824219
1079,final,-4.563029766082764
1080,final,-4.406605243682861
1081,final,-3.9371535778045654
1082,final,-4.827686786651611
1083,final,-3.833484411239624
1084,final,-3.833484411239624
1085,final,-3.9082367420196533
1086,final,-3.795273542404175
1087,final,-4.182559967041016
1088,final,-3.6218364238739014
1089,final,-4.635338306427002
1090,final,-4.438485622406006
1091,final,-4.386001110076904
1092,final,-3.7514379024505615
1093,final,-4.681443691253662
1094,final,-3.9007022380828857
1095,final,-5.3267693519592285
1096,final,-3.0195422172546387
1097,final,-5.3887248039245605
1098,final,-4.70226526260376
1099,final,-4.377959251403809
1100,final,-4.494287490844727
1101,final,-3.749163866043091
1102,final,-4.982510089874268
1103,final,-4.608421325683594
1104,final,-4.377334117889404
1105,final,-3.8369789123535156
1106,final,-6.410923004150391
1107,final,-4.359721660614014
1108,final,-3.6970386505126953
1109,final,-4.854833602905273
1110,final,-6.194894790649414
1111,final,-3.628607988357544
1112,final,-5.52927827835083
1113,final,-4.727795124053955
1114,final,-4.137106895446777
1115,final,-3.669404983520508
1116,final,-4.359721660614014
1117,final,-3.7004716396331787
1118,final,-3.474809408187866
1119,final,-3.3593623638153076
1120,final,-2.7575628757476807
1121,final,-4.496546745300293
1122,final,-4.575137615203857
1123,final,-3.7353549003601074
1124,final,-3.2483808994293213
1125,final,-4.577237129211426
1126,final,-3.6035003662109375
1127,final,-3.6035003662109375
1128,final,-3.676968812942505
1129,final,-3.6141486167907715
1130,final,-3.385319948196411
1131,final,-3.4599597454071045
1132,final,-3.6699774265289307
1133,final,-3.7015879154205322
1134,final,-4.133073329925537
1135,final,-3.6266393661499023
1136,final,-3.952098846435547
1137,final,-3.543172836303711
1138,final,-4.714720249176025
1139,final,-4.942620754241943
1140,final,-4.734853744506836
1141,final,-3.543363094329834
1142,final,-3.1832613945007324
1143,final,-4.172149181365967
1144,final,-4.4337286949157715
1145,final,-4.4462714195251465
1146,final,-3.7959468364715576
1147,final,-4.119104385375977
1148,final,-6.794715881347656
1149,final,-4.710968017578125
1150,final,-4.956965923309326
1151,final,-4.801775932312012
1152,final,-4.200836181640625
1153,final,-5.182383060455322
1154,final,-3.498690366744995
1155,final,-4.801775932312012
1156,final,-4.692672252655029
1157,final,-5.271524906158447
1158,final,-5.791891098022461
1159,final,-4.853573799133301
1160,final,-4.367303371429443
1161,final,-4.424856185913086
1162,final,-4.026498317718506
1163,final,-3.495495080947876
1164,final,-4.2698845863342285
1165,final,-5.390614986419678
1166,final,-4.424856185913086
1167,final,-3.8033840656280518
1168,final,-4.779989242553711
1169,final,-6.766333103179932
1170,final,-5.0830979347229
1171,final,-4.0630340576171875
1172,final,-5.41553258895874
1173,final,-5.41553258895874
1174,final,-5.633936405181885
1175,final,-3.2500743865966797
1176,final,-3.330413341522217
1177,final,-3.939246416091919
1178,final,-4.732223987579346
1179,final,-4.012498378753662
1180,final,-4.630532741546631
1181,final,-4.2698845863342285
1182,final,-4.092113971710205
1183,final,-4.006834506988525
1184,final,-3.284350872039795
1185,final,-2.817708969116211
1186,final,-4.052105903625488
1187,final,-3.7438111305236816
1188,final,-4.008420944213867
1189,final,-3.3680291175842285
1190,final,-3.9269473552703857
1191,final,-6.1238017082214355
1192,final,-4.536938190460205
1193,final,-4.189047813415527
1194,final,-3.955695867538452
1195,final,-3.4878175258636475
1196,final,-4.130516052246094
1197,final,-3.1164796352386475
1198,final,-3.955695867538452
1199,final,-3.9691264629364014
1200,final,-4.1005425453186035
1201,final,-5.006370544433594
1202,final,-5.174599647521973
1203,final,-4.580427169799805
1204,final,-4.896350383758545
1205,final,-4.507805824279785
1206,final,-4.400780200958252
1207,final,-4.463455677032471
1208,final,-6.192448616027832
1209,final,-4.834275722503662
1210,final,-5.1292266845703125
1211,final,-4.536162376403809
1212,final,-5.247369766235352
1213,final,-5.175086498260498
1214,final,-4.471567153930664
1215,final,-3.9568798542022705
1216,final,-4.707913875579834
1217,final,-4.5874810218811035
1218,final,-4.768158912658691
1219,final,-5.096463203430176
1220,final,-3.9239463806152344
1221,final,-5.067235469818115
1222,final,-5.228860855102539
1223,final,-4.371414661407471
1224,final,-3.8302202224731445
1225,final,-4.85148811340332
1226,final,-4.452487945556641
1227,final,-4.361411094665527
1228,final,-4.739604473114014
1229,final,-4.237081527709961
1230,final,-3.703239679336548
1231,final,-4.9406232833862305
1232,final,-4.480063438415527
1233,final,-5.484559059143066
1234,final,-4.4404802322387695
1235,final,-5.373873233795166
1236,final,-3.6963233947753906
1237,final,-4.894323825836182
1238,final,-6.380566596984863
1239,final,-4.451531410217285
1240,final,-3.8889427185058594
1241,final,-4.574405193328857
1242,final,-4.478391647338867
1243,final,-4.446248531341553
1244,final,-4.631757736206055
1245,final,-4.591037750244141
1246,final,-3.9436984062194824
1247,final,-4.22374153137207
1248,final,-4.372124671936035
1249,final,-3.6905767917633057
1250,final,-3.940865993499756
1251,final,-5.306744575500488
1252,final,-4.341789245605469
1253,final,-4.527374744415283
1254,final,-4.158050537109375
1255,final,-4.671131134033203
1256,final,-4.67952299118042
1257,final,-3.780167579650879
1258,final,-3.3209900856018066
1259,final,-4.3813958168029785
1260,final,-3.865488290786743
1261,final,-3.7466516494750977
1262,final,-4.430291175842285
1263,final,-3.3981618881225586
1264,final,-4.274106979370117
1265,final,-5.023882865905762
1266,final,-4.4327073097229
1267,final,-5.5366315841674805
1268,final,-5.207462310791016
1269,final,-6.494137287139893
1270,final,-5.014089107513428
1271,final,-6.633473873138428
1272,final,-5.352313995361328
1273,final,-4.875598430633545
1274,final,-5.38347864151001
1275,final,-4.3491435050964355
1276,final,-5.586729049682617
1277,final,-4.6365227699279785
1278,final,-4.094082355499268
1279,final,-4.629169940948486
1280,final,-3.548967123031616
1281,final,-5.325714588165283
1282,final,-5.144014835357666
1283,final,-5.611723899841309
1284,final,-4.664614200592041
1285,final,-7.741690158843994
1286,final,-4.261885643005371
1287,final,-6.660894870758057
1288,final,-4.674637317657471
1289,final,-5.932945728302002
1290,final,-5.207456111907959
1291,final,-5.420263767242432
1292,final,-5.034840106964111
1293,final,-5.9358134269714355
1294,final,-6.1872992515563965
1295,final,-5.536632061004639
1296,final,-6.551313877105713
1297,final,-5.2305827140808105
1298,final,-4.715363025665283
1299,final,-4.791151523590088
1300,final,-3.548967123031616
1301,final,-4.440931797027588
1302,final,-6.199997425079346
1303,final,-5.0716071128845215
1304,final,-5.582714557647705
1305,final,-5.179933071136475
1306,final,-5.427818775177002
1307,final,-5.1755805015563965
1308,final,-4.136336803436279
1309,final,-3.2516860961914062
1310,final,-4.711822986602783
1311,final,-4.013981819152832
1312,final,-5.29088830947876
1313,final,-3.4067797660827637
1314,final,-5.150308132171631
1315,final,-4.202059268951416
1316,final,-4.175965309143066
1317,final,-4.830955505371094
1318,final,-3.4813172817230225
1319,final,-4.0988335609436035
1320,final,-3.527556896209717
1321,final,-3.3975799083709717
1322,final,-3.6572155952453613
1323,final,-3.024463176727295
1324,final,-4.232722759246826
1325,final,-4.194396018981934
1326,final,-4.767632484436035
1327,final,-3.75134015083313
1328,final,-3.465306043624878
1329,final,-5.016853332519531
1330,final,-5.016853332519531
1331,final,-4.662694454193115
1332,final,-5.283453941345215
1333,final,-4.748201370239258
1334,final,-4.9110283851623535
1335,final,-4.7417311668396
1336,final,-3.7393884658813477
1337,final,-4.522185325622559
1338,final,-3.9529337882995605
1339,final,-4.572287082672119
1340,final,-5.099334239959717
1341,final,-5.094151020050049
1342,final,-4.226203918457031
1343,final,-4.176549434661865
1344,final,-5.09444522857666
1345,final,-4.4103779792785645
1346,final,-4.471639633178711
1347,final,-4.516300678253174
1348,final,-3.941986560821533
1349,final,-3.9299638271331787
1350,final,-3.7341744899749756
1351,final,-3.1330184936523438
1352,final,-5.315861701965332
1353,final,-2.8456408977508545
1354,final,-5.028943061828613
1355,final,-2.5288233757019043
1356,final,-3.8811450004577637
1357,final,-3.0128421783447266
1358,final,-3.8101933002471924
1359,final,-3.3857154846191406
1360,final,-3.0104355812072754
1361,final,-2.779127836227417
1362,final,-3.099602460861206
1363,final,-3.9783239364624023
1364,final,-4.060860633850098
1365,final,-4.15454626083374
1366,final,-3.846604347229004
1367,final,-4.404250621795654
0,best,-3.626603364944458
1,best,-6.2179036140441895
2,best,-3.9534528255462646
3,best,-5.6966776847839355
4,best,-3.567911148071289
5,best,-6.218391418457031
6,best,-3.9274890422821045
7,best,-6.069948196411133
8,best,-3.267136335372925
9,best,-4.082367420196533
10,best,-4.499181270599365
11,best,-4.425431251525879
12,best,-3.3373799324035645
13,best,-3.931567907333374
14,best,-4.195224761962891
15,best,-4.910921573638916
16,best,-5.42111349105835
17,best,-4.425431251525879
18,best,-5.326056957244873
19,best,-3.9534528255462646
20,best,-4.849430084228516
21,best,-4.491971969604492
22,best,-4.825345516204834
23,best,-4.785202503204346
24,best,-4.033416748046875
25,best,-4.491971969604492
26,best,-4.6849212646484375
27,best,-4.0174241065979
28,best,-3.612149238586426
29,best,-4.6849212646484375
30,best,-5.798942565917969
31,best,-4.919240474700928
32,best,-3.614675521850586
33,best,-5.358588695526123
34,best,-5.896966457366943
35,best,-5.814422607421875
36,best,-3.6134588718414307
37,best,-4.552804470062256
38,best,-3.118595838546753
39,best,-4.5078253746032715
40,best,-4.987709045410156
41,best,-3.671931028366089
42,best,-4.6224870681762695
43,best,-4.065417289733887
44,best,-4.984012126922607
45,best,-5.663075923919678
46,best,-4.470222473144531
47,best,-4.973149299621582
48,best,-5.535582542419434
49,best,-4.651445388793945
50,best,-4.866973876953125
51,best,-5.0838823318481445
52,best,-3.7020764350891113
53,best,-4.648810863494873
54,best,-5.084718704223633
55,best,-4.672018051147461
56,best,-4.38298225402832
57,best,-5.718409061431885
58,best,-4.644417762756348
59,best,-4.171145915985107
60,best,-3.421745538711548
61,best,-4.759868621826172
62,best,-5.434898376464844
63,best,-5.324654579162598
64,best,-5.6489081382751465
65,best,-4.706249237060547
66,best,-4.2133355140686035
67,best,-5.460522651672363
68,best,-5.9400858879089355
69,best,-3.6211705207824707
70,best,-5.373671531677246
71,best,-3.861372947692871
72,best,-4.526094913482666
73,best,-4.001285076141357
74,best,-6.3520283699035645
75,best,-4.576532363891602
76,best,-5.207752704620361
77,best,-3.504096269607544
78,best,-4.554709434509277
79,best,-3.652784585952759
80,best,-4.978261470794678
81,best,-5.060454368591309
82,best,-4.304557800292969
83,best,-5.162098407745361
84,best,-4.683695316314697
85,best,-4.619852066040039
86,best,-5.275199890136719
87,best,-5.122219085693359
88,best,-5.883045673370361
89,best,-4.875899314880371
90,best,-4.236814975738525
91,best,-4.304834842681885
92,best,-5.586061000823975
93,best,-4.582564830780029
94,best,-5.515552997589111
95,best,-5.725614070892334
96,best,-4.938534736633301
97,best,-4.4466705322265625
98,best,-4.575023651123047
99,best,-5.087517261505127
100,best,-5.319821834564209
101,best,-4.142638206481934
102,best,-4.178452968597412
103,best,-4.594311714172363
104,best,-4.349959373474121
105,best,-4.244400978088379
106,best,-3.0938541889190674
107,best,-6.154365539550781
108,best,-4.349959373474121
109,best,-3.401663064956665
110,best,-5.476820945739746
111,best,-4.6007232666015625
112,best,-4.371052265167236
113,best,-4.903232097625732
114,best,-4.77062463760376
115,best,-3.261178970336914
116,best,-4.999962329864502
117,best,-4.906437873840332
118,best,-4.368239879608154
119,best,-4.190602779388428
120,best,-4.036971569061279
121,best,-4.785614490509033
122,best,-3.162071943283081
123,best,-3.0354013442993164
124,best,-3.2241249084472656
125,best,-3.162071943283081
126,best,-4.676403522491455
127,best,-3.6746068000793457
128,best,-4.160630702972412
129,best,-2.9455320835113525
130,best,-3.4428348541259766
131,best,-3.107081174850464
132,best,-3.8510358333587646
133,best,-4.4541916847229
134,best,-2.939819097518921
135,best,-4.5286641120910645
136,best,-5.602630615234375
137,best,-4.9304633140563965
138,best,-3.4003703594207764
139,best,-4.573174476623535
140,best,-4.558686256408691
141,best,-3.389012575149536
142,best,-4.776769638061523
143,best,-3.616488456726074
144,best,-4.801030158996582
145,best,-4.7467942237854
146,best,-4.4336347579956055
147,best,-4.133814811706543
148,best,-4.386692523956299
149,best,-4.055610656738281
150,best,-4.003508567810059
151,best,-4.864797115325928
152,best,-3.369084358215332
153,best,-3.7327680587768555
154,best,-4.354467868804932
155,best,-5.492522716522217
156,best,-4.354467868804932
157,best,-4.055608749389648
158,best,-4.174372673034668
159,best,-5.3744120597839355
160,best,-3.4600839614868164
161,best,-3.6225414276123047
162,best,-3.9368813037872314
163,best,-5.439264297485352
164,best,-4.012712001800537
165,best,-4.3950724601745605
166,best,-3.57830548286438
167,best,-3.628453016281128
168,best,-5.578584671020508
169,best,-4.277479648590088
170,best,-4.901299953460693
171,best,-6.348477363586426
172,best,-4.4607110023498535
173,best,-3.822726249694824
174,best,-4.088106632232666
175,best,-4.31229305267334
176,best,-5.06068754196167
177,best,-4.4372172355651855
178,best,-2.802074670791626
179,best,-4.251338481903076
180,best,-3.4344444274902344
181,best,-4.476054668426514
182,best,-4.415353775024414
183,best,-4.708556652069092
184,best,-4.3714752197265625
185,best,-4.783977508544922
186,best,-4.702301502227783
187,best,-5.378973007202148
188,best,-3.9560117721557617
189,best,-4.539211273193359
190,best,-5.347280502319336
191,best,-4.893922805786133
192,best,-5.599796772003174
193,best,-5.548938751220703
194,best,-5.351694107055664
195,best,-3.643768787384033
196,best,-5.738604545593262
197,best,-5.211399555206299
198,best,-3.952037811279297
199,best,-3.5030758380889893
200,best,-2.647064208984375
201,best,-4.424772262573242
202,best,-2.901503801345825
203,best,-2.732481002807617
204,best,-2.6245388984680176
205,best,-2.6245388984680176
206,best,-3.4332499504089355
207,best,-3.9600186347961426
208,best,-4.434159755706787
209,best,-4.2694525718688965
210,best,-4.343985080718994
211,best,-4.294549465179443
212,best,-4.5580363273620605
213,best,-5.5272088050842285
214,best,-3.075594186782837
215,best,-3.9504551887512207
216,best,-3.0607407093048096
217,best,-4.645570278167725
218,best,-4.642205238342285
219,best,-4.953675270080566
220,best,-4.007477760314941
221,best,-4.783425807952881
222,best,-4.486358642578125
223,best,-5.537930011749268
224,best,-4.527863502502441
225,best,-4.822047233581543
226,best,-4.083113670349121
227,best,-5.039006233215332
228,best,-6.34009313583374
229,best,-6.289249420166016
230,best,-5.253242492675781
231,best,-4.844674587249756
232,best,-5.3246307373046875
233,best,-5.058065891265869
234,best,-4.006025314331055
235,best,-4.564089775085449
236,best,-5.122157573699951
237,best,-4.980556011199951
238,best,-5.191993236541748
239,best,-4.232113361358643
240,best,-4.3086419105529785
241,best,-4.967997074127197
242,best,-5.260855197906494
243,best,-4.100314140319824
244,best,-4.634557247161865
245,best,-4.831614971160889
246,best,-5.947014331817627
247,best,-5.205956935882568
248,best,-5.980676174163818
249,best,-5.074089050292969
250,best,-5.3494062423706055
251,best,-6.361098289489746
252,best,-4.006025314331055
253,best,-4.783426761627197
254,best,-4.783426761627197
255,best,-6.289249420166016
256,best,-5.461451053619385
257,best,-4.576598167419434
258,best,-4.583447456359863
259,best,-4.125980377197266
260,best,-5.0093913078308105
261,best,-5.486296653747559
262,best,-4.157788276672363
263,best,-4.033405780792236
264,best,-4.482162952423096
265,best,-4.423089504241943
266,best,-5.307038307189941
267,best,-4.2584943771362305
268,best,-4.453032493591309
269,best,-4.28713846206665
270,best,-4.661485195159912
271,best,-6.13954496383667
272,best,-5.912187576293945
273,best,-4.809659957885742
274,best,-5.032834529876709
275,best,-5.110749244689941
276,best,-4.487311840057373
277,best,-4.30831241607666
278,best,-4.602753639221191
279,best,-5.250079154968262
280,best,-4.926074981689453
281,best,-5.2840752601623535
282,best,-4.108043193817139
283,best,-3.62300968170166
284,best,-5.580756187438965
285,best,-5.357008934020996
286,best,-3.9802772998809814
287,best,-4.547076225280762
288,best,-6.4046149253845215
289,best,-5.062419414520264
290,best,-4.963578224182129
291,best,-4.935178279876709
292,best,-6.169789791107178
293,best,-5.313780784606934
294,best,-5.51621675491333
295,best,-5.144233703613281
296,best,-6.237170696258545
297,best,-4.258477210998535
298,best,-4.7506608963012695
299,best,-6.378979206085205
300,best,-4.7506608963012695
301,best,-5.716243267059326
302,best,-5.149287700653076
303,best,-4.027709484100342
304,best,-6.263338565826416
305,best,-4.528579235076904
306,best,-4.255115985870361
307,best,-4.137885570526123
308,best,-4.862362861633301
309,best,-5.19354772567749
310,best,-5.144233703613281
311,best,-5.676619529724121
312,best,-5.140599727630615
313,best,-6.4046149253845215
314,best,-6.060599327087402
315,best,-4.137885570526123
316,best,-4.6480207443237305
317,best,-5.453639507293701
318,best,-3.8086225986480713
319,best,-5.41641092300415
320,best,-4.564097881317139
321,best,-6.404614448547363
322,best,-4.161134243011475
323,best,-4.270829200744629
324,best,-4.0177388191223145
325,best,-5.497490406036377
326,best,-3.8330984115600586
327,best,-4.991682052612305
328,best,-5.073683738708496
329,best,-4.13337516784668
330,best,-4.4665937423706055
331,best,-5.918820858001709
332,best,-4.672850608825684
333,best,-4.825024127960205
334,best,-4.659172534942627
335,best,-5.729310035705566
336,best,-5.046941757202148
337,best,-5.227829933166504
338,best,-4.610724449157715
339,best,-5.827058792114258
340,best,-4.256720066070557
341,best,-4.605720043182373
342,best,-6.160189628601074
343,best,-4.605720043182373
344,best,-5.150416374206543
345,best,-5.0215678215026855
346,best,-5.171136856079102
347,best,-6.118712425231934
348,best,-5.661540985107422
349,best,-5.384034156799316
350,best,-4.089118003845215
351,best,-5.69486141204834
352,best,-4.28787899017334
353,best,-5.222431659698486
354,best,-4.733322620391846
355,best,-5.362853527069092
356,best,-5.127013206481934
357,best,-5.207907199859619
358,best,-5.191349983215332
359,best,-5.006923198699951
360,best,-5.1361985206604
361,best,-4.593526840209961
362,best,-4.845312118530273
363,best,-4.877857685089111
364,best,-5.196725845336914
365,best,-4.458083629608154
366,best,-5.01905632019043
367,best,-5.193674087524414
368,best,-5.423848628997803
369,best,-6.256004333496094
370,best,-4.719881534576416
371,best,-4.560497283935547
372,best,-4.154584884643555
373,best,-4.866116046905518
374,best,-4.933721542358398
375,best,-5.430885314941406
376,best,-5.147116184234619
377,best,-4.288909435272217
378,best,-4.9637837409973145
379,best,-4.172418117523193
380,best,-4.445024490356445
381,best,-5.299732685089111
382,best,-4.9134039878845215
383,best,-5.779374122619629
384,best,-5.18173360824585
385,best,-5.023728847503662
386,best,-5.193674087524414
387,best,-4.762319564819336
388,best,-5.1825852394104
389,best,-4.334418296813965
390,best,-5.7075982093811035
391,best,-4.849229335784912
392,best,-4.647291660308838
393,best,-3.6616873741149902
394,best,-4.948843955993652
395,best,-3.837541103363037
396,best,-4.660850524902344
397,best,-4.0319366455078125
398,best,-5.045742988586426
399,best,-5.010797023773193
400,best,-4.941962242126465
401,best,-4.734074115753174
402,best,-4.3276896476745605
403,best,-4.84002685546875
404,best,-4.294743537902832
405,best,-4.625370979309082
406,best,-4.490769386291504
407,best,-5.014575481414795
408,best,-4.356239318847656
409,best,-5.399717807769775
410,best,-4.633303165435791
411,best,-6.337620258331299
412,best,-6.075855731964111
413,best,-6.082630634307861
414,best,-5.0261359214782715
415,best,-5.042586326599121
416,best,-5.484241962432861
417,best,-5.626250743865967
418,best,-5.40936803817749
419,best,-3.8465757369995117
420,best,-4.401597023010254
421,best,-5.525932312011719
422,best,-5.878018856048584
423,best,-4.508490562438965
424,best,-5.528287410736084
425,best,-5.40266752243042
426,best,-5.25543737411499
427,best,-5.079122543334961
428,best,-6.469645023345947
429,best,-6.649820327758789
430,best,-5.942384243011475
431,best,-5.688671588897705
432,best,-5.580204486846924
433,best,-6.664289951324463
434,best,-5.802361965179443
435,best,-5.372661113739014
436,best,-3.7817039489746094
437,best,-4.344364166259766
438,best,-4.7450947761535645
439,best,-6.131926536560059
440,best,-4.234715461730957
441,best,-5.451496124267578
442,best,-6.743070602416992
443,best,-4.9775238037109375
444,best,-6.42266845703125
445,best,-6.148839473724365
446,best,-6.607789039611816
447,best,-5.885477542877197
448,best,-6.481150150299072
449,best,-5.251230716705322
450,best,-6.086796760559082
451,best,-6.495410919189453
452,best,-4.53706693649292
453,best,-4.197275638580322
454,best,-5.451624870300293
455,best,-5.300398826599121
456,best,-5.037967681884766
457,best,-4.290362358093262
458,best,-4.178706169128418
459,best,-4.741496562957764
460,best,-5.0237627029418945
461,best,-5.2076592445373535
462,best,-3.6416454315185547
463,best,-3.8122265338897705
464,best,-4.8879899978637695
465,best,-5.1143574714660645
466,best,-4.098363876342773
467,best,-4.849583625793457
468,best,-4.741066932678223
469,best,-4.309490203857422
470,best,-4.324563026428223
471,best,-5.502363681793213
472,best,-4.208218574523926
473,best,-5.209000587463379
474,best,-4.110527992248535
475,best,-4.514034748077393
476,best,-4.847414016723633
477,best,-3.5178210735321045
478,best,-4.318897247314453
479,best,-4.320221424102783
480,best,-4.214197158813477
481,best,-4.277860641479492
482,best,-4.300751686096191
483,best,-4.779571533203125
484,best,-4.349759578704834
485,best,-3.5901265144348145
486,best,-4.394412994384766
487,best,-4.840767860412598
488,best,-3.7474873065948486
489,best,-5.420362949371338
490,best,-6.305727005004883
491,best,-4.199895858764648
492,best,-4.871584415435791
493,best,-5.262102127075195
494,best,-4.690611362457275
495,best,-4.962579250335693
496,best,-4.316175937652588
497,best,-5.087158679962158
498,best,-6.135954856872559
499,best,-6.587581634521484
500,best,-4.163524150848389
501,best,-4.807804584503174
502,best,-6.083891868591309
503,best,-5.835704803466797
504,best,-4.426595211029053
505,best,-4.960461616516113
506,best,-5.910544395446777
507,best,-5.354276180267334
508,best,-4.188831806182861
509,best,-6.951298713684082
510,best,-4.6048479080200195
511,best,-5.947837829589844
512,best,-4.656301021575928
513,best,-5.852631092071533
514,best,-6.312284469604492
515,best,-5.940826416015625
516,best,-5.02464485168457
517,best,-4.7012457847595215
518,best,-4.590386390686035
519,best,-3.8727753162384033
520,best,-3.9384419918060303
521,best,-3.9707577228546143
522,best,-4.875815391540527
523,best,-5.330492973327637
524,best,-4.615390300750732
525,best,-5.729552745819092
526,best,-3.77881121635437
527,best,-6.040945053100586
528,best,-5.395786285400391
529,best,-4.102205753326416
530,best,-5.4061689376831055
531,best,-6.961205959320068
532,best,-5.1655592918396
533,best,-6.164380073547363
534,best,-6.067311763763428
535,best,-5.129945278167725
536,best,-4.54733419418335
537,best,-4.6627702713012695
538,best,-4.826174736022949
539,best,-4.307249069213867
540,best,-4.955408573150635
541,best,-6.024511337280273
542,best,-6.273838043212891
543,best,-4.608696937561035
544,best,-4.502385139465332
545,best,-5.606595993041992
546,best,-5.438347816467285
547,best,-4.912105083465576
548,best,-4.980605602264404
549,best,-5.271083831787109
550,best,-5.331948757171631
551,best,-4.1727800369262695
552,best,-6.548069953918457
553,best,-4.453397274017334
554,best,-5.579643249511719
555,best,-6.049430847167969
556,best,-3.3821804523468018
557,best,-3.970881700515747
558,best,-4.3254170417785645
559,best,-5.241706371307373
560,best,-7.86737060546875
561,best,-6.0112810134887695
562,best,-3.8071765899658203
563,best,-5.124724864959717
564,best,-4.75620698928833
565,best,-3.7061359882354736
566,best,-5.017553806304932
567,best,-5.238312244415283
568,best,-5.876097202301025
569,best,-3.7607882022857666
570,best,-5.075305461883545
571,best,-5.641504764556885
572,best,-4.910190105438232
573,best,-5.397844314575195
574,best,-7.057738304138184
575,best,-5.2370429039001465
576,best,-6.8284406661987305
577,best,-5.446730613708496
578,best,-5.446730613708496
579,best,-3.47401762008667
580,best,-5.241706371307373
581,best,-6.5242600440979
582,best,-4.364732265472412
583,best,-7.264398097991943
584,best,-4.790687084197998
585,best,-5.270310401916504
586,best,-6.558607578277588
587,best,-4.2005157470703125
588,best,-6.058040618896484
589,best,-3.4206700325012207
590,best,-6.348783016204834
591,best,-5.000699520111084
592,best,-4.816338539123535
593,best,-5.2370429039001465
594,best,-4.901390075683594
595,best,-5.138879776000977
596,best,-6.167099475860596
597,best,-3.8983981609344482
598,best,-5.5522871017456055
599,best,-3.570545196533203
600,best,-4.236057758331299
601,best,-4.639981269836426
602,best,-4.9188618659973145
603,best,-6.8859734535217285
604,best,-5.928924083709717
605,best,-4.195272922515869
606,best,-5.034776210784912
607,best,-5.137625694274902
608,best,-4.100837230682373
609,best,-4.8946075439453125
610,best,-5.2618184089660645
611,best,-5.43454122543335
612,best,-3.8430564403533936
613,best,-4.987490177154541
614,best,-5.574741363525391
615,best,-4.800556182861328
616,best,-5.1433186531066895
617,best,-6.2318644523620605
618,best,-5.626838684082031
619,best,-6.316658973693848
620,best,-6.471534729003906
621,best,-5.214927673339844
622,best,-5.202860355377197
623,best,-5.93511438369751
624,best,-6.40718412399292
625,best,-4.956273555755615
626,best,-4.590237617492676
627,best,-5.8064398765563965
628,best,-5.3747239112854
629,best,-4.488475799560547
630,best,-5.007460594177246
631,best,-5.593395709991455
632,best,-5.094913959503174
633,best,-5.822940826416016
634,best,-5.2784199714660645
635,best,-6.020843505859375
636,best,-6.868778705596924
637,best,-6.940615653991699
638,best,-7.2543487548828125
639,best,-6.0712199211120605
640,best,-5.265592098236084
641,best,-6.158298969268799
642,best,-5.11968469619751
643,best,-5.586966514587402
644,best,-5.86875581741333
645,best,-4.604402542114258
646,best,-5.549532890319824
647,best,-5.084780693054199
648,best,-4.396261692047119
649,best,-6.266014575958252
650,best,-6.209190845489502
651,best,-4.214137077331543
652,best,-5.441020965576172
653,best,-6.219206809997559
654,best,-5.276343822479248
655,best,-5.405213356018066
656,best,-4.8246750831604
657,best,-4.784006118774414
658,best,-6.730625629425049
659,best,-5.294339179992676
660,best,-4.484208583831787
661,best,-5.041688919067383
662,best,-5.439455986022949
663,best,-5.810704231262207
664,best,-4.699395179748535
665,best,-4.90286111831665
666,best,-5.363071441650391
667,best,-5.850424289703369
668,best,-4.661858558654785
669,best,-4.109865188598633
670,best,-5.100803375244141
671,best,-5.1827216148376465
672,best,-4.118999004364014
673,best,-4.771524429321289
674,best,-5.026025295257568
675,best,-5.020934581756592
676,best,-5.082736015319824
677,best,-4.789582252502441
678,best,-5.5213775634765625
679,best,-6.310523509979248
680,best,-6.2728118896484375
681,best,-7.040380954742432
682,best,-6.442624568939209
683,best,-4.600128173828125
684,best,-6.149620532989502
685,best,-6.2156476974487305
686,best,-7.0458083152771
687,best,-3.711031436920166
688,best,-5.938840866088867
689,best,-5.299159526824951
690,best,-7.496262550354004
691,best,-6.420668125152588
692,best,-6.866849422454834
693,best,-5.160030841827393
694,best,-6.5511040687561035
695,best,-7.70602560043335
696,best,-4.867678165435791
697,best,-7.446913242340088
698,best,-6.559957981109619
699,best,-6.846461296081543
700,best,-4.751619815826416
701,best,-6.512536525726318
702,best,-5.408756256103516
703,best,-7.611741542816162
704,best,-4.135842323303223
705,best,-4.8225812911987305
706,best,-6.0738325119018555
707,best,-8.038839340209961
708,best,-4.726757526397705
709,best,-6.902674198150635
710,best,-5.3404154777526855
711,best,-5.017977237701416
712,best,-5.2265753746032715
713,best,-6.982501029968262
714,best,-5.312240123748779
715,best,-7.0612616539001465
716,best,-6.220193386077881
717,best,-6.228329181671143
718,best,-6.261475086212158
719,best,-6.417182445526123
720,best,-5.308050155639648
721,best,-6.738161563873291
722,best,-6.992741107940674
723,best,-5.685910701751709
724,best,-6.785099029541016
725,best,-5.6236443519592285
726,best,-4.062207221984863
727,best,-5.124378204345703
728,best,-4.813136100769043
729,best,-6.147651195526123
730,best,-3.254265785217285
731,best,-4.900659084320068
732,best,-4.93733549118042
733,best,-6.69955587387085
734,best,-5.625062465667725
735,best,-5.831091403961182
736,best,-4.0448713302612305
737,best,-6.115781307220459
738,best,-6.98152494430542
739,best,-4.578643798828125
740,best,-6.148716449737549
741,best,-5.531421184539795
742,best,-5.946241855621338
743,best,-4.275487422943115
744,best,-6.504589080810547
745,best,-5.257766246795654
746,best,-4.904349327087402
747,best,-5.477952480316162
748,best,-4.668889045715332
749,best,-4.786778450012207
750,best,-5.846915245056152
751,best,-5.137502670288086
752,best,-5.145205974578857
753,best,-4.7046308517456055
754,best,-6.674899578094482
755,best,-4.809741020202637
756,best,-6.119434356689453
757,best,-6.293281078338623
758,best,-6.637303829193115
759,best,-5.470808982849121
760,best,-5.194228172302246
761,best,-5.9798455238342285
762,best,-5.8455376625061035
763,best,-5.048198699951172
764,best,-4.463125228881836
765,best,-5.038280010223389
766,best,-4.082789897918701
767,best,-5.062375545501709
768,best,-4.404122352600098
769,best,-4.439617156982422
770,best,-5.193742752075195
771,best,-4.732132434844971
772,best,-5.792106628417969
773,best,-4.692089557647705
774,best,-4.440830230712891
775,best,-5.908834934234619
776,best,-5.220161437988281
777,best,-4.470383644104004
778,best,-4.133880615234375
779,best,-6.1633148193359375
780,best,-4.5935444831848145
781,best,-5.637356281280518
782,best,-6.225698471069336
783,best,-4.420549392700195
784,best,-4.837159156799316
785,best,-6.298178195953369
786,best,-5.131503105163574
787,best,-5.088287353515625
788,best,-4.569788932800293
789,best,-5.805939674377441
790,best,-5.834725856781006
791,best,-4.652214527130127
792,best,-5.302791595458984
793,best,-5.03789758682251
794,best,-5.14064884185791
795,best,-4.234597206115723
796,best,-4.923031806945801
797,best,-5.179201602935791
798,best,-5.581161975860596
799,best,-5.751392364501953
800,best,-5.765565872192383
801,best,-5.163602828979492
802,best,-3.9316842555999756
803,best,-6.5659708976745605
804,best,-4.9257659912109375
805,best,-4.925950050354004
806,best,-5.355817794799805
807,best,-4.2706522941589355
808,best,-3.9652624130249023
809,best,-5.112890243530273
810,best,-5.057100772857666
811,best,-5.224071025848389
812,best,-5.7652153968811035
813,best,-5.501496315002441
814,best,-4.992094993591309
815,best,-5.8930864334106445
816,best,-5.651462554931641
817,best,-5.209527015686035
818,best,-5.550814628601074
819,best,-4.564176082611084
820,best,-4.213076591491699
821,best,-5.6103835105896
822,best,-4.525944709777832
823,best,-5.339600563049316
824,best,-5.929209232330322
825,best,-4.114422798156738
826,best,-4.77852725982666
827,best,-4.9904704093933105
828,best,-6.530766010284424
829,best,-5.171172618865967
830,best,-5.44248104095459
831,best,-5.267849445343018
832,best,-6.219969749450684
833,best,-6.144839763641357
834,best,-4.9868669509887695
835,best,-4.932043552398682
836,best,-5.329310894012451
837,best,-5.336424827575684
838,best,-4.7953314781188965
839,best,-5.271452903747559
840,best,-5.288721561431885
841,best,-4.972159385681152
842,best,-5.905663013458252
843,best,-5.914278984069824
844,best,-5.410305023193359
845,best,-4.499249458312988
846,best,-5.913218975067139
847,best,-4.347899436950684
848,best,-4.609137535095215
849,best,-5.616645812988281
850,best,-5.207856178283691
851,best,-4.923910617828369
852,best,-4.750683784484863
853,best,-5.826196670532227
854,best,-4.604571342468262
855,best,-6.437231540679932
856,best,-5.530373573303223
857,best,-4.772256851196289
858,best,-6.328097820281982
859,best,-4.772256851196289
860,best,-4.329846382141113
861,best,-5.2776713371276855
862,best,-6.423773765563965
863,best,-5.763926982879639
864,best,-5.732798099517822
865,best,-5.918642044067383
866,best,-5.982287883758545
867,best,-3.7447521686553955
868,best,-4.068477153778076
869,best,-4.389955520629883
870,best,-5.590597629547119
871,best,-5.136754989624023
872,best,-4.187694549560547
873,best,-5.388359069824219
874,best,-5.186013698577881
875,best,-5.918642044067383
876,best,-4.175173759460449
877,best,-6.4602885246276855
878,best,-5.3499956130981445
879,best,-5.089888572692871
880,best,-5.290182113647461
881,best,-6.304418087005615
882,best,-5.658653259277344
883,best,-5.142637252807617
884,best,-4.980896472930908
885,best,-4.389955520629883
886,best,-4.3979997634887695
887,best,-5.312739849090576
888,best,-5.616646766662598
889,best,-5.449861526489258
890,best,-4.37782096862793
891,best,-4.716901779174805
892,best,-4.986388683319092
893,best,-5.174856662750244
894,best,-5.341928958892822
895,best,-4.3518571853637695
896,best,-5.9434003829956055
897,best,-4.232257843017578
898,best,-6.656557559967041
899,best,-5.038639545440674
900,best,-5.399672031402588
901,best,-5.593339443206787
902,best,-5.399672031402588
903,best,-4.687620162963867
904,best,-5.368897438049316
905,best,-6.0357561111450195
906,best,-6.061707496643066
907,best,-6.006715297698975
908,best,-6.023207187652588
909,best,-5.836974143981934
910,best,-4.850444793701172
911,best,-4.732180595397949
912,best,-4.788295269012451
913,best,-4.8460469245910645
914,best,-4.764336109161377
915,best,-4.788295269012451
916,best,-5.206680774688721
917,best,-6.3112664222717285
918,best,-4.662095069885254
919,best,-4.5764923095703125
920,best,-5.2600789070129395
921,best,-5.338705539703369
922,best,-4.277548789978027
923,best,-5.045232772827148
924,best,-5.315405368804932
925,best,-5.282159328460693
926,best,-5.21159029006958
927,best,-5.327569961547852
928,best,-6.145566940307617
929,best,-4.718864440917969
930,best,-5.443954944610596
931,best,-4.74188232421875
932,best,-5.19643497467041
933,best,-5.049853324890137
934,best,-5.725766181945801
935,best,-6.249983310699463
936,best,-5.078165054321289
937,best,-5.199233531951904
938,best,-4.606217384338379
939,best,-4.801533222198486
940,best,-6.5042572021484375
941,best,-5.6343793869018555
942,best,-5.799794673919678
943,best,-4.642380237579346
944,best,-4.39962911605835
945,best,-5.462279796600342
946,best,-5.448331356048584
947,best,-5.949711322784424
948,best,-4.2841410636901855
949,best,-5.374765872955322
950,best,-5.2754740715026855
951,best,-5.310298919677734
952,best,-4.100719928741455
953,best,-4.9520792961120605
954,best,-4.964520454406738
955,best,-5.231973648071289
956,best,-5.31197452545166
957,best,-4.49022912979126
958,best,-5.231973648071289
959,best,-4.726780891418457
960,best,-6.447271823883057
961,best,-4.8018879890441895
962,best,-4.734349727630615
963,best,-4.6162638664245605
964,best,-5.041801452636719
965,best,-4.55086612701416
966,best,-5.17266321182251
967,best,-5.55861234664917
968,best,-4.684629917144775
969,best,-4.838203430175781
970,best,-5.653680801391602
971,best,-5.867181777954102
972,best,-5.090851306915283
973,best,-4.532809257507324
974,best,-7.153910160064697
975,best,-7.005075931549072
976,best,-5.522804260253906
977,best,-6.245368003845215
978,best,-5.7125139236450195
979,best,-6.415171146392822
980,best,-5.5034661293029785
981,best,-5.9019775390625
982,best,-4.297319412231445
983,best,-5.409008026123047
984,best,-5.62584924697876
985,best,-5.134675025939941
986,best,-5.386823654174805
987,best,-5.743406772613525
988,best,-5.643953323364258
989,best,-6.764142990112305
990,best,-6.282139301300049
991,best,-4.592655658721924
992,best,-5.485048294067383
993,best,-5.718484878540039
994,best,-5.545713424682617
995,best,-6.031856060028076
996,best,-5.665340423583984
997,best,-6.262603759765625
998,best,-6.068453311920166
999,best,-6.380055904388428
1000,best,-5.593493938446045
1001,best,-5.851977348327637
1002,best,-6.170873641967773
1003,best,-5.013333797454834
1004,best,-7.005873680114746
1005,best,-5.017077922821045
1006,best,-5.174083232879639
1007,best,-5.7304487228393555
1008,best,-6.213716983795166
1009,best,-5.50473165512085
1010,best,-3.8948376178741455
1011,best,-5.946722030639648
1012,best,-5.402122497558594
1013,best,-5.339353561401367
1014,best,-5.929351329803467
1015,best,-5.217467308044434
1016,best,-4.5678277015686035
1017,best,-5.98976993560791
1018,best,-7.139146327972412
1019,best,-5.188276290893555
1020,best,-6.324779987335205
1021,best,-4.990606307983398
1022,best,-6.230210304260254
1023,best,-5.364078521728516
1024,best,-5.221693992614746
1025,best,-4.480956554412842
1026,best,-5.280722618103027
1027,best,-5.230981826782227
1028,best,-5.159391403198242
1029,best,-5.070900917053223
1030,best,-4.798051357269287
1031,best,-5.770251750946045
1032,best,-6.09907341003418
1033,best,-6.233092784881592
1034,best,-4.793643951416016
1035,best,-5.4752516746521
1036,best,-5.285473346710205
1037,best,-5.671151638031006
1038,best,-5.288177013397217
1039,best,-5.166497230529785
1040,best,-5.177921295166016
1041,best,-5.527965068817139
1042,best,-4.538666248321533
1043,best,-5.986878871917725
1044,best,-5.988995552062988
1045,best,-5.627691268920898
1046,best,-6.430149555206299
1047,best,-5.5727386474609375
1048,best,-4.840555667877197
1049,best,-5.996065139770508
1050,best,-5.7100605964660645
1051,best,-5.9951677322387695
1052,best,-5.336121559143066
1053,best,-5.194421768188477
1054,best,-5.50547456741333
1055,best,-5.678530216217041
1056,best,-4.68021297454834
1057,best,-5.919156551361084
1058,best,-5.639961242675781
1059,best,-5.009945869445801
1060,best,-4.5019707679748535
1061,best,-5.501251697540283
1062,best,-3.815159797668457
1063,best,-5.4636006355285645
1064,best,-5.175199508666992
1065,best,-4.698398113250732
1066,best,-4.573387145996094
1067,best,-4.9444804191589355
1068,best,-4.70946741104126
1069,best,-4.150763034820557
1070,best,-4.426812648773193
1071,best,-4.377262592315674
1072,best,-4.4795660972595215
1073,best,-4.502042770385742
1074,best,-5.815669536590576
1075,best,-4.773681163787842
1076,best,-3.9317572116851807
1077,best,-3.143934488296509
1078,best,-4.675747394561768
1079,best,-4.533956050872803
1080,best,-4.44639778137207
1081,best,-3.836451768875122
1082,best,-4.898775577545166
1083,best,-3.8500168323516846
1084,best,-3.8500168323516846
1085,best,-3.9044265747070312
1086,best,-3.751974105834961
1087,best,-4.098726272583008
1088,best,-3.6372110843658447
1089,best,-4.370997905731201
1090,best,-4.545770645141602
1091,best,-4.3941426277160645
1092,best,-3.754220724105835
1093,best,-4.722110748291016
1094,best,-3.9089057445526123
1095,best,-5.256679534912109
1096,best,-3.00469970703125
1097,best,-5.552977085113525
1098,best,-4.577854156494141
1099,best,-4.3974738121032715
1100,best,-4.5214972496032715
1101,best,-3.6694183349609375
1102,best,-5.183620929718018
1103,best,-4.531121730804443
1104,best,-4.4492340087890625
1105,best,-3.9342586994171143
1106,best,-6.4293951988220215
1107,best,-4.681144714355469
1108,best,-3.6970088481903076
1109,best,-4.848477840423584
1110,best,-6.226600170135498
1111,best,-3.6793205738067627
1112,best,-5.461843490600586
1113,best,-4.624988079071045
1114,best,-4.010257720947266
1115,best,-3.5876901149749756
1116,best,-4.681144714355469
1117,best,-3.664564847946167
1118,best,-3.5234243869781494
1119,best,-3.2616348266601562
1120,best,-2.758174180984497
1121,best,-4.618381500244141
1122,best,-4.737307071685791
1123,best,-3.851005792617798
1124,best,-3.2737960815429688
1125,best,-4.675024509429932
1126,best,-3.660526752471924
1127,best,-3.660526752471924
1128,best,-3.7848103046417236
1129,best,-3.6602468490600586
1130,best,-3.4203076362609863
1131,best,-3.5596582889556885
1132,best,-3.636387348175049
1133,best,-3.8289968967437744
1134,best,-4.279197692871094
1135,best,-3.7210960388183594
1136,best,-4.126559257507324
1137,best,-3.5950887203216553
1138,best,-4.735860824584961
1139,best,-5.040978908538818
1140,best,-4.868607521057129
1141,best,-3.4636993408203125
1142,best,-3.1306140422821045
1143,best,-4.232452869415283
1144,best,-4.4488372802734375
1145,best,-4.4411749839782715
1146,best,-3.587536573410034
1147,best,-4.190349102020264
1148,best,-6.841538906097412
1149,best,-4.652047634124756
1150,best,-5.112088680267334
1151,best,-4.896896839141846
1152,best,-4.141384601593018
1153,best,-5.164811611175537
1154,best,-3.4628090858459473
1155,best,-4.896895885467529
1156,best,-4.619457244873047
1157,best,-5.3106184005737305
1158,best,-5.594427585601807
1159,best,-4.717824459075928
1160,best,-4.603113174438477
1161,best,-4.630381107330322
1162,best,-3.826869249343872
1163,best,-3.3869926929473877
1164,best,-4.184591293334961
1165,best,-5.59596586227417
1166,best,-4.630381107330322
1167,best,-3.605833053588867
1168,best,-4.868513584136963
1169,best,-6.819918155670166
1170,best,-5.14447546005249
1171,best,-3.9235596656799316
1172,best,-5.452066898345947
1173,best,-5.452066898345947
1174,best,-5.561723232269287
1175,best,-3.134763717651367
1176,best,-3.2358756065368652
1177,best,-3.7477505207061768
1178,best,-4.483384609222412
1179,best,-3.9465763568878174
1180,best,-4.664910793304443
1181,best,-4.184591293334961
1182,best,-4.339152812957764
1183,best,-4.212723255157471
1184,best,-3.34114933013916
1185,best,-2.863757371902466
1186,best,-4.203085422515869
1187,best,-3.824927806854248
1188,best,-4.053133487701416
1189,best,-3.376035213470459
1190,best,-4.068831443786621
1191,best,-6.3042497634887695
1192,best,-4.581577301025391
1193,best,-4.438974857330322
1194,best,-4.139376640319824
1195,best,-3.4926109313964844
1196,best,-4.319851398468018
1197,best,-3.2322795391082764
1198,best,-4.139376640319824
1199,best,-4.0342912673950195
1200,best,-4.299170017242432
1201,best,-4.947770118713379
1202,best,-5.23996114730835
1203,best,-4.8090009689331055
1204,best,-5.042499542236328
1205,best,-4.671857833862305
1206,best,-4.519775867462158
1207,best,-4.523839950561523
1208,best,-6.489504814147949
1209,best,-5.063485622406006
1210,best,-5.132875442504883
1211,best,-4.66169548034668
1212,best,-5.3733415603637695
1213,best,-5.190109729766846
1214,best,-4.508292198181152
1215,best,-3.98443341255188
1216,best,-4.945552825927734
1217,best,-4.591489791870117
1218,best,-4.727287769317627
1219,best,-5.249117851257324
1220,best,-4.003613471984863
1221,best,-5.110963821411133
1222,best,-5.407478332519531
1223,best,-4.383872032165527
1224,best,-3.979646682739258
1225,best,-5.033960342407227
1226,best,-4.654613494873047
1227,best,-4.457220554351807
1228,best,-4.757024765014648
1229,best,-4.325852870941162
1230,best,-3.7740426063537598
1231,best,-4.990621566772461
1232,best,-4.616567134857178
1233,best,-5.545701503753662
1234,best,-4.450231552124023
1235,best,-5.600758075714111
1236,best,-3.850224733352661
1237,best,-5.081969261169434
1238,best,-6.692593574523926
1239,best,-4.5918288230896
1240,best,-3.9443070888519287
1241,best,-4.755401611328125
1242,best,-4.583415508270264
1243,best,-4.435776710510254
1244,best,-4.530998229980469
1245,best,-4.6760101318359375
1246,best,-4.076933860778809
1247,best,-4.276627540588379
1248,best,-4.524453639984131
1249,best,-3.759916067123413
1250,best,-3.9417998790740967
1251,best,-5.6060566902160645
1252,best,-4.528762340545654
1253,best,-4.5503926277160645
1254,best,-4.243914604187012
1255,best,-4.818770885467529
1256,best,-4.726386070251465
1257,best,-3.789123058319092
1258,best,-3.328373670578003
1259,best,-4.602382183074951
1260,best,-3.8394529819488525
1261,best,-3.7355079650878906
1262,best,-4.540615081787109
1263,best,-3.335665464401245
1264,best,-4.202262878417969
1265,best,-4.9632134437561035
1266,best,-4.377546787261963
1267,best,-5.4069504737854
1268,best,-5.045287132263184
1269,best,-6.321582794189453
1270,best,-5.11038875579834
1271,best,-6.622727870941162
1272,best,-5.164679050445557
1273,best,-4.6445746421813965
1274,best,-5.391308307647705
1275,best,-4.4978413581848145
1276,best,-5.397802352905273
1277,best,-4.5237040519714355
1278,best,-4.042538166046143
1279,best,-4.700240135192871
1280,best,-3.5934479236602783
1281,best,-5.0940704345703125
1282,best,-5.164050579071045
1283,best,-5.667401313781738
1284,best,-4.541539192199707
1285,best,-7.430698394775391
1286,best,-4.301673412322998
1287,best,-6.764102935791016
1288,best,-4.571959972381592
1289,best,-5.966884136199951
1290,best,-5.255186557769775
1291,best,-5.448808193206787
1292,best,-4.865664958953857
1293,best,-5.902116775512695
1294,best,-6.300743103027344
1295,best,-5.406950950622559
1296,best,-6.539222717285156
1297,best,-5.4036993980407715
1298,best,-4.647895336151123
1299,best,-4.887387752532959
1300,best,-3.5934479236602783
1301,best,-4.388729095458984
1302,best,-6.295177459716797
1303,best,-4.9373555183410645
1304,best,-5.599649906158447
1305,best,-5.1164422035217285
1306,best,-5.263576984405518
1307,best,-4.924029350280762
1308,best,-4.115661144256592
1309,best,-3.177274465560913
1310,best,-4.784064769744873
1311,best,-3.939506769180298
1312,best,-5.3566412925720215
1313,best,-3.550858736038208
1314,best,-5.332172870635986
1315,best,-4.0246148109436035
1316,best,-4.1826701164245605
1317,best,-4.845149993896484
1318,best,-3.541198253631592
1319,best,-4.109012126922607
1320,best,-3.4904332160949707
1321,best,-3.490490436553955
1322,best,-3.754533529281616
1323,best,-3.062234878540039
1324,best,-4.19435453414917
1325,best,-4.36328649520874
1326,best,-5.072054386138916
1327,best,-3.6992416381835938
1328,best,-3.48128080368042
1329,best,-5.112245559692383
1330,best,-5.112245559692383
1331,best,-4.852627754211426
1332,best,-5.338778972625732
1333,best,-4.81849479675293
1334,best,-5.018735885620117
1335,best,-4.71420431137085
1336,best,-3.8775689601898193
1337,best,-4.622763633728027
1338,best,-4.033229827880859
1339,best,-4.758928298950195
1340,best,-5.24104118347168
1341,best,-5.331812381744385
1342,best,-4.472966194152832
1343,best,-4.16467809677124
1344,best,-5.276455879211426
1345,best,-4.403604984283447
1346,best,-4.520312786102295
1347,best,-4.558169841766357
1348,best,-4.128687858581543
1349,best,-4.1864333152771
1350,best,-3.786977529525757
1351,best,-3.2374513149261475
1352,best,-5.451489448547363
1353,best,-2.896810531616211
1354,best,-5.291289806365967
1355,best,-2.5515613555908203
1356,best,-4.164945125579834
1357,best,-3.062930107116699
1358,best,-3.94067645072937
1359,best,-3.38965106010437
1360,best,-3.0810298919677734
1361,best,-2.8497424125671387
1362,best,-3.1476242542266846
1363,best,-4.124683856964111
1364,best,-4.194253444671631
1365,best,-4.278644561767578
1366,best,-3.899406909942627
1367,best,-4.484526634216309
