item_id,model_state,dative,score
1,initial,pp,-8.092085838317871
2,initial,pp,-8.388213157653809
3,initial,pp,-7.868339538574219
4,initial,pp,-8.691119194030762
5,initial,pp,-7.593414783477783
6,initial,pp,-7.869277477264404
7,initial,pp,-8.411124229431152
8,initial,pp,-7.722715377807617
9,initial,pp,-7.129232406616211
10,initial,pp,-7.940287113189697
11,initial,pp,-6.890639305114746
12,initial,pp,-5.928927421569824
13,initial,pp,-8.026144981384277
14,initial,pp,-6.004450798034668
15,initial,pp,-7.941617965698242
16,initial,pp,-7.722715377807617
17,initial,pp,-8.448315620422363
18,initial,pp,-7.751580238342285
19,initial,pp,-7.748586654663086
20,initial,pp,-7.356876373291016
21,initial,pp,-8.142365455627441
22,initial,pp,-7.027695178985596
23,initial,pp,-8.642813682556152
24,initial,pp,-8.265339851379395
25,initial,pp,-8.619268417358398
26,initial,pp,-8.396141052246094
27,initial,pp,-8.16258716583252
28,initial,pp,-7.869485378265381
29,initial,pp,-8.275794982910156
30,initial,pp,-8.447856903076172
31,initial,pp,-8.18862247467041
32,initial,pp,-8.265339851379395
33,initial,pp,-8.447186470031738
34,initial,pp,-8.96178913116455
35,initial,pp,-6.369204998016357
36,initial,pp,-6.801191329956055
37,initial,pp,-8.27579402923584
38,initial,pp,-7.534847259521484
39,initial,pp,-9.14462661743164
40,initial,pp,-8.404515266418457
41,initial,pp,-7.470611572265625
42,initial,pp,-7.131619453430176
43,initial,pp,-6.279959678649902
44,initial,pp,-7.775493621826172
45,initial,pp,-8.362486839294434
46,initial,pp,-7.3927764892578125
47,initial,pp,-8.031759262084961
48,initial,pp,-7.406674861907959
49,initial,pp,-6.7946014404296875
50,initial,pp,-6.850054740905762
51,initial,pp,-7.683144569396973
52,initial,pp,-6.470738410949707
53,initial,pp,-7.991362571716309
54,initial,pp,-7.6422247886657715
55,initial,pp,-7.256384372711182
56,initial,pp,-6.284855842590332
57,initial,pp,-5.920815467834473
58,initial,pp,-7.563450813293457
59,initial,pp,-7.288802146911621
60,initial,pp,-7.853499412536621
61,initial,pp,-8.49462604522705
62,initial,pp,-8.149347305297852
63,initial,pp,-8.196150779724121
64,initial,pp,-8.341418266296387
65,initial,pp,-7.395111083984375
66,initial,pp,-8.17208194732666
67,initial,pp,-6.345452308654785
68,initial,pp,-8.612923622131348
69,initial,pp,-8.552441596984863
70,initial,pp,-7.908274173736572
71,initial,pp,-5.822521686553955
72,initial,pp,-8.20775318145752
73,initial,pp,-8.075418472290039
74,initial,pp,-9.073430061340332
75,initial,pp,-8.158598899841309
76,initial,pp,-7.520355224609375
77,initial,pp,-7.076982498168945
78,initial,pp,-6.390000820159912
79,initial,pp,-7.634332180023193
80,initial,pp,-8.686980247497559
81,initial,pp,-8.246740341186523
82,initial,pp,-6.689820766448975
83,initial,pp,-7.1371169090271
84,initial,pp,-6.635465145111084
85,initial,pp,-6.689820766448975
86,initial,pp,-6.907320499420166
87,initial,pp,-7.095933437347412
88,initial,pp,-6.480897426605225
89,initial,pp,-7.042430877685547
90,initial,pp,-6.752805233001709
91,initial,pp,-6.579270839691162
92,initial,pp,-8.650534629821777
93,initial,pp,-6.820369720458984
94,initial,pp,-6.626691818237305
95,initial,pp,-6.636866092681885
96,initial,pp,-7.029336452484131
97,initial,pp,-8.420000076293945
98,initial,pp,-8.370960235595703
99,initial,pp,-7.333364009857178
100,initial,pp,-7.91043758392334
101,initial,pp,-6.425418376922607
102,initial,pp,-7.656077861785889
103,initial,pp,-7.751895904541016
104,initial,pp,-6.96954345703125
105,initial,pp,-7.603767395019531
106,initial,pp,-8.03808879852295
107,initial,pp,-6.882437705993652
108,initial,pp,-7.954333305358887
109,initial,pp,-7.568247318267822
110,initial,pp,-8.129915237426758
111,initial,pp,-7.552799224853516
112,initial,pp,-7.51759672164917
113,initial,pp,-7.512599468231201
114,initial,pp,-6.535520076751709
115,initial,pp,-7.707236289978027
116,initial,pp,-6.825677871704102
117,initial,pp,-8.200648307800293
118,initial,pp,-6.852816104888916
119,initial,pp,-7.996798992156982
120,initial,pp,-8.144933700561523
121,initial,pp,-7.689503192901611
122,initial,pp,-8.10370922088623
123,initial,pp,-6.926397323608398
124,initial,pp,-8.189833641052246
125,initial,pp,-7.2265944480896
126,initial,pp,-7.482503890991211
127,initial,pp,-6.467187404632568
128,initial,pp,-8.164417266845703
129,initial,pp,-7.153205871582031
130,initial,pp,-6.655319690704346
131,initial,pp,-7.153205871582031
132,initial,pp,-8.10370922088623
133,initial,pp,-8.173652648925781
134,initial,pp,-7.284326076507568
135,initial,pp,-8.10370922088623
136,initial,pp,-7.482503414154053
137,initial,pp,-7.8368821144104
138,initial,pp,-5.947208881378174
139,initial,pp,-7.4685235023498535
140,initial,pp,-7.880847454071045
141,initial,pp,-7.388576984405518
142,initial,pp,-7.5370988845825195
143,initial,pp,-7.388216972351074
144,initial,pp,-7.723893642425537
145,initial,pp,-6.37190055847168
146,initial,pp,-7.145477294921875
147,initial,pp,-7.913843631744385
148,initial,pp,-7.443981647491455
149,initial,pp,-6.85624885559082
150,initial,pp,-6.08264684677124
151,initial,pp,-8.044210433959961
152,initial,pp,-7.059514999389648
153,initial,pp,-7.319122791290283
154,initial,pp,-7.2328267097473145
155,initial,pp,-7.375253677368164
156,initial,pp,-6.642096042633057
157,initial,pp,-6.292970657348633
158,initial,pp,-6.594061374664307
159,initial,pp,-7.139380931854248
160,initial,pp,-7.812180995941162
161,initial,pp,-8.754158973693848
162,initial,pp,-7.384532451629639
163,initial,pp,-8.390158653259277
164,initial,pp,-7.014320373535156
165,initial,pp,-7.308145046234131
166,initial,pp,-5.773054122924805
167,initial,pp,-7.52028751373291
168,initial,pp,-8.922520637512207
169,initial,pp,-7.558284282684326
170,initial,pp,-6.912504196166992
171,initial,pp,-8.390158653259277
172,initial,pp,-5.989238739013672
173,initial,pp,-6.83061408996582
174,initial,pp,-8.63298225402832
175,initial,pp,-6.663653373718262
176,initial,pp,-7.308145046234131
177,initial,pp,-7.862645626068115
178,initial,pp,-8.673304557800293
179,initial,pp,-6.464784145355225
180,initial,pp,-8.588984489440918
181,initial,pp,-7.529629707336426
182,initial,pp,-7.797953128814697
183,initial,pp,-6.645335674285889
184,initial,pp,-7.3905029296875
185,initial,pp,-6.838143348693848
186,initial,pp,-6.695799350738525
187,initial,pp,-6.190244197845459
188,initial,pp,-6.329153060913086
189,initial,pp,-6.518125534057617
190,initial,pp,-5.5057783126831055
191,initial,pp,-6.77016544342041
192,initial,pp,-7.060478210449219
193,initial,pp,-6.837668418884277
194,initial,pp,-6.682285785675049
195,initial,pp,-6.925440788269043
196,initial,pp,-6.308541297912598
197,initial,pp,-7.782998561859131
198,initial,pp,-6.519497871398926
199,initial,pp,-6.39543342590332
200,initial,pp,-8.029367446899414
201,initial,pp,-5.98013162612915
202,initial,pp,-5.996646881103516
203,initial,pp,-8.427071571350098
204,initial,pp,-7.44310998916626
205,initial,pp,-7.991755962371826
206,initial,pp,-7.162522315979004
207,initial,pp,-7.532490253448486
208,initial,pp,-6.682210445404053
209,initial,pp,-7.607983589172363
210,initial,pp,-6.917771339416504
211,initial,pp,-8.068887710571289
212,initial,pp,-7.075509071350098
213,initial,pp,-7.09286642074585
214,initial,pp,-7.767623424530029
215,initial,pp,-7.333127975463867
216,initial,pp,-6.082919120788574
217,initial,pp,-7.227070331573486
218,initial,pp,-7.596827030181885
219,initial,pp,-7.308844566345215
220,initial,pp,-7.403810977935791
221,initial,do,-8.281702995300293
222,initial,do,-7.954756736755371
223,initial,do,-7.136540412902832
224,initial,do,-6.84165620803833
225,initial,do,-8.155790328979492
226,initial,do,-7.380497455596924
227,initial,do,-8.058797836303711
228,initial,do,-8.665060997009277
229,initial,do,-8.312483787536621
230,initial,do,-7.991917133331299
231,initial,do,-7.785281181335449
232,initial,do,-8.094094276428223
233,initial,do,-8.057388305664062
234,initial,do,-8.665060997009277
235,initial,do,-6.505868911743164
236,initial,do,-7.556161403656006
237,initial,do,-7.86456298828125
238,initial,do,-7.648292541503906
239,initial,do,-8.121363639831543
240,initial,do,-7.3409624099731445
241,initial,do,-8.057388305664062
242,initial,do,-8.035649299621582
243,initial,do,-8.405060768127441
244,initial,do,-7.648292541503906
245,initial,do,-8.442235946655273
246,initial,do,-6.436493396759033
247,initial,do,-8.036737442016602
248,initial,do,-7.920865535736084
249,initial,do,-7.747641563415527
250,initial,do,-7.331664562225342
251,initial,do,-7.812112331390381
252,initial,do,-7.426929950714111
253,initial,do,-8.369271278381348
254,initial,do,-8.231828689575195
255,initial,do,-8.519652366638184
256,initial,do,-8.121306419372559
257,initial,do,-7.4601616859436035
258,initial,do,-8.231828689575195
259,initial,do,-6.244218349456787
260,initial,do,-7.812112331390381
261,initial,do,-7.331664562225342
262,initial,do,-6.159065246582031
263,initial,do,-7.967353820800781
264,initial,pp,-7.488272666931152
265,initial,pp,-7.784016132354736
266,initial,pp,-7.092998504638672
267,initial,pp,-6.581586837768555
268,initial,pp,-7.509590148925781
269,initial,pp,-7.311746597290039
270,initial,pp,-7.449609756469727
271,initial,pp,-7.907927513122559
272,initial,pp,-7.912472724914551
273,initial,pp,-7.368738174438477
274,initial,pp,-7.529876708984375
275,initial,pp,-7.4680633544921875
276,initial,pp,-7.723611354827881
277,initial,pp,-7.907927513122559
278,initial,pp,-6.41554069519043
279,initial,pp,-7.182100296020508
280,initial,pp,-7.540979385375977
281,initial,pp,-7.038997650146484
282,initial,pp,-7.4521484375
283,initial,pp,-7.109338760375977
284,initial,do,-7.734438896179199
285,initial,do,-6.736212730407715
286,initial,do,-8.281572341918945
287,initial,do,-7.632389068603516
288,initial,do,-7.918159008026123
289,initial,do,-6.941406726837158
290,initial,do,-6.80033016204834
291,initial,do,-8.073795318603516
292,initial,do,-7.918159008026123
293,initial,do,-7.3024001121521
294,initial,do,-6.415131568908691
295,initial,do,-7.62642240524292
296,initial,do,-6.467113971710205
297,initial,do,-7.856634616851807
298,initial,do,-7.689299583435059
299,initial,do,-7.63083553314209
300,initial,do,-7.7853193283081055
301,initial,do,-7.099499702453613
302,initial,do,-7.652280330657959
303,initial,do,-7.456575870513916
304,initial,do,-7.200488567352295
305,initial,do,-6.80033016204834
306,initial,do,-7.426841735839844
307,initial,do,-7.1949567794799805
308,initial,do,-7.632389068603516
309,initial,do,-7.180470943450928
310,initial,do,-6.143554210662842
311,initial,do,-7.864108562469482
312,initial,do,-7.632389068603516
313,initial,do,-8.302846908569336
314,initial,do,-6.680595397949219
315,initial,do,-7.673793315887451
316,initial,do,-7.836871147155762
317,initial,do,-8.660704612731934
318,initial,do,-6.143554210662842
319,initial,do,-7.099499702453613
320,initial,do,-6.94938850402832
321,initial,do,-6.960247993469238
322,initial,do,-8.281572341918945
323,initial,do,-8.330212593078613
324,initial,do,-7.665577411651611
325,initial,do,-8.272242546081543
326,initial,do,-7.33526611328125
327,initial,pp,-7.344743728637695
328,initial,pp,-6.791522979736328
329,initial,pp,-7.97575569152832
330,initial,pp,-7.555069923400879
331,initial,pp,-7.8329386711120605
332,initial,pp,-6.855791091918945
333,initial,pp,-6.8095622062683105
334,initial,pp,-7.897636890411377
335,initial,pp,-7.8329386711120605
336,initial,pp,-7.343658447265625
337,initial,pp,-6.666842460632324
338,initial,pp,-7.502040386199951
339,initial,pp,-6.776514530181885
340,initial,pp,-7.659116744995117
341,initial,pp,-7.51684045791626
342,initial,pp,-7.498294830322266
343,initial,pp,-7.835425853729248
344,initial,pp,-7.050264358520508
345,initial,pp,-7.462669849395752
346,initial,pp,-7.361639976501465
347,initial,do,-6.8010759353637695
348,initial,do,-5.908190727233887
349,initial,do,-6.930593013763428
350,initial,do,-6.026753902435303
351,initial,do,-6.655932903289795
352,initial,do,-6.847316265106201
353,initial,do,-7.079930782318115
354,initial,do,-6.9115519523620605
355,initial,do,-7.28714656829834
356,initial,do,-7.159688472747803
357,initial,do,-6.9468231201171875
358,initial,do,-6.983859062194824
359,initial,do,-6.293724060058594
360,initial,do,-7.113101482391357
361,initial,do,-6.711274147033691
362,initial,do,-6.3724141120910645
363,initial,do,-7.135927200317383
364,initial,do,-7.307544231414795
365,initial,do,-7.192099571228027
366,initial,do,-6.253152847290039
367,initial,do,-6.558478355407715
368,initial,do,-6.4037766456604
369,initial,do,-6.885677814483643
370,initial,do,-6.086219787597656
371,initial,do,-6.962677955627441
372,initial,do,-7.716684341430664
373,initial,do,-6.677633762359619
374,initial,do,-6.74500846862793
375,initial,do,-5.593635559082031
376,initial,do,-7.224054336547852
377,initial,do,-6.323882579803467
378,initial,do,-7.207348346710205
379,initial,do,-6.737403869628906
380,initial,do,-6.86559534072876
381,initial,do,-7.227078437805176
382,initial,do,-7.08667516708374
383,initial,do,-6.287294864654541
384,initial,do,-6.962677955627441
385,initial,do,-6.421919822692871
386,initial,do,-6.677633762359619
387,initial,do,-6.93564510345459
388,initial,do,-6.5124616622924805
389,initial,do,-6.7265238761901855
390,initial,pp,-6.837735176086426
391,initial,pp,-5.796446323394775
392,initial,pp,-6.783102512359619
393,initial,pp,-5.963213920593262
394,initial,pp,-6.9613237380981445
395,initial,pp,-6.719225883483887
396,initial,pp,-7.015171051025391
397,initial,pp,-6.822342872619629
398,initial,pp,-7.188485622406006
399,initial,pp,-6.9979567527771
400,initial,pp,-7.040310859680176
401,initial,pp,-7.002493381500244
402,initial,pp,-6.4107794761657715
403,initial,pp,-7.244852542877197
404,initial,pp,-6.923142910003662
405,initial,pp,-6.395083904266357
406,initial,pp,-7.237001895904541
407,initial,pp,-7.394812107086182
408,initial,pp,-7.343018531799316
409,initial,pp,-6.351771831512451
410,initial,do,-7.785445213317871
411,initial,do,-7.5989766120910645
412,initial,do,-7.934696674346924
413,initial,do,-8.991450309753418
414,initial,do,-8.553886413574219
415,initial,do,-7.411533832550049
416,initial,do,-7.493696689605713
417,initial,do,-8.203322410583496
418,initial,do,-5.863253593444824
419,initial,do,-7.542219161987305
420,initial,do,-7.782277584075928
421,initial,do,-8.247488975524902
422,initial,do,-8.710972785949707
423,initial,do,-8.61342716217041
424,initial,do,-7.324930191040039
425,initial,do,-8.444173812866211
426,initial,do,-6.920331001281738
427,initial,do,-7.672699928283691
428,initial,do,-7.484553813934326
429,initial,do,-7.762370586395264
430,initial,do,-8.783377647399902
431,initial,do,-7.322402000427246
432,initial,do,-7.672699928283691
433,initial,do,-7.490479946136475
434,initial,do,-8.800215721130371
435,initial,do,-7.38416051864624
436,initial,do,-8.105636596679688
437,initial,do,-8.5802640914917
438,initial,do,-7.1846699714660645
439,initial,do,-8.701152801513672
440,initial,do,-8.25521469116211
441,initial,do,-8.127232551574707
442,initial,do,-8.65429401397705
443,initial,do,-8.222867965698242
444,initial,do,-7.633453845977783
445,initial,do,-7.4876708984375
446,initial,do,-8.444173812866211
447,initial,do,-8.17358112335205
448,initial,do,-6.949328899383545
449,initial,do,-7.48933744430542
450,initial,do,-8.23115062713623
451,initial,do,-8.44467830657959
452,initial,do,-8.056227684020996
453,initial,pp,-7.638147354125977
454,initial,pp,-7.303834915161133
455,initial,pp,-7.6910400390625
456,initial,pp,-8.184863090515137
457,initial,pp,-7.9168853759765625
458,initial,pp,-6.879951000213623
459,initial,pp,-7.122920513153076
460,initial,pp,-8.040688514709473
461,initial,pp,-6.024166107177734
462,initial,pp,-7.188446044921875
463,initial,pp,-7.77071475982666
464,initial,pp,-7.888218402862549
465,initial,pp,-8.21660041809082
466,initial,pp,-8.10262680053711
467,initial,pp,-7.062471866607666
468,initial,pp,-8.02642822265625
469,initial,pp,-6.633380889892578
470,initial,pp,-7.715055465698242
471,initial,pp,-7.057886123657227
472,initial,pp,-8.110620498657227
473,initial,pp,-7.0380167961120605
474,initial,pp,-7.892886638641357
475,initial,pp,-7.495809078216553
476,initial,pp,-7.161763668060303
477,initial,pp,-6.120820999145508
478,initial,pp,-7.2867279052734375
479,initial,pp,-7.0724382400512695
480,initial,pp,-6.796350479125977
481,initial,pp,-7.473519325256348
482,initial,pp,-7.48081636428833
483,initial,pp,-6.712486267089844
484,initial,pp,-8.044896125793457
485,initial,pp,-7.821460247039795
486,initial,pp,-6.871074676513672
487,initial,pp,-7.807182312011719
488,initial,pp,-6.553471565246582
489,initial,pp,-6.646448135375977
490,initial,pp,-7.353884220123291
491,initial,pp,-6.62318229675293
492,initial,pp,-7.133652687072754
493,initial,do,-7.949840545654297
494,initial,do,-8.197649955749512
495,initial,do,-9.303449630737305
496,initial,do,-9.220538139343262
497,initial,do,-10.29973030090332
498,initial,do,-6.131150245666504
499,initial,do,-8.896931648254395
500,initial,do,-9.561066627502441
501,initial,do,-7.6195969581604
502,initial,do,-6.791640281677246
503,initial,do,-9.345634460449219
504,initial,do,-8.2050142288208
505,initial,do,-9.543203353881836
506,initial,do,-8.286833763122559
507,initial,do,-9.878852844238281
508,initial,do,-9.618016242980957
509,initial,do,-9.160916328430176
510,initial,do,-8.248465538024902
511,initial,do,-7.934601306915283
512,initial,do,-8.538839340209961
513,initial,do,-7.626705646514893
514,initial,do,-9.237293243408203
515,initial,do,-9.209977149963379
516,initial,do,-9.774686813354492
517,initial,do,-8.464192390441895
518,initial,do,-10.502663612365723
519,initial,do,-9.250328063964844
520,initial,do,-8.152887344360352
521,initial,do,-9.179682731628418
522,initial,do,-8.41374683380127
523,initial,do,-7.661036014556885
524,initial,do,-8.604671478271484
525,initial,do,-9.497110366821289
526,initial,do,-9.416648864746094
527,initial,do,-7.465017795562744
528,initial,do,-9.429165840148926
529,initial,do,-9.429165840148926
530,initial,do,-9.865943908691406
531,initial,do,-9.940985679626465
532,initial,do,-10.042564392089844
533,initial,do,-9.439732551574707
534,initial,do,-7.969519138336182
535,initial,do,-7.616949558258057
536,initial,pp,-7.669797420501709
537,initial,pp,-8.020454406738281
538,initial,pp,-8.345688819885254
539,initial,pp,-8.230733871459961
540,initial,pp,-9.609807014465332
541,initial,pp,-6.012908935546875
542,initial,pp,-8.495141983032227
543,initial,pp,-8.982696533203125
544,initial,pp,-7.004750728607178
545,initial,pp,-6.46157169342041
546,initial,pp,-8.600884437561035
547,initial,pp,-7.360392093658447
548,initial,pp,-8.9791259765625
549,initial,pp,-7.595859527587891
550,initial,pp,-9.01611328125
551,initial,pp,-8.828421592712402
552,initial,pp,-8.226853370666504
553,initial,pp,-7.593424320220947
554,initial,pp,-7.19106388092041
555,initial,pp,-8.942654609680176
556,initial,do,-7.8533244132995605
557,initial,do,-9.544177055358887
558,initial,do,-7.822373390197754
559,initial,do,-9.11962604522705
560,initial,do,-9.673046112060547
561,initial,do,-7.993555545806885
562,initial,do,-7.569025993347168
563,initial,do,-9.1298246383667
564,initial,do,-9.544177055358887
565,initial,do,-9.16596794128418
566,initial,do,-6.429972171783447
567,initial,do,-6.857118129730225
568,initial,do,-7.588138103485107
569,initial,do,-7.981917381286621
570,initial,do,-6.629806041717529
571,initial,do,-8.77653980255127
572,initial,do,-8.585302352905273
573,initial,do,-8.911703109741211
574,initial,do,-8.911703109741211
575,initial,do,-9.11472225189209
576,initial,do,-8.236592292785645
577,initial,do,-7.858193874359131
578,initial,do,-8.585302352905273
579,initial,do,-8.073164939880371
580,initial,do,-7.545364856719971
581,initial,do,-7.588138103485107
582,initial,do,-9.386999130249023
583,initial,do,-6.847609996795654
584,initial,do,-7.288918495178223
585,initial,do,-9.222728729248047
586,initial,do,-8.305914878845215
587,initial,do,-7.943884372711182
588,initial,do,-6.847609996795654
589,initial,do,-7.944507598876953
590,initial,do,-7.5985236167907715
591,initial,do,-8.701016426086426
592,initial,do,-8.469987869262695
593,initial,do,-8.701016426086426
594,initial,do,-8.797876358032227
595,initial,do,-7.822373390197754
596,initial,do,-9.549854278564453
597,initial,do,-7.588138103485107
598,initial,do,-9.16596794128418
599,initial,pp,-7.5940022468566895
600,initial,pp,-9.34853458404541
601,initial,pp,-7.817739486694336
602,initial,pp,-9.251612663269043
603,initial,pp,-8.86243724822998
604,initial,pp,-7.9606614112854
605,initial,pp,-7.109082221984863
606,initial,pp,-8.543240547180176
607,initial,pp,-9.34853458404541
608,initial,pp,-8.553141593933105
609,initial,pp,-6.529585361480713
610,initial,pp,-6.897695064544678
611,initial,pp,-7.364197254180908
612,initial,pp,-8.03152084350586
613,initial,pp,-6.482542991638184
614,initial,pp,-8.23718547821045
615,initial,pp,-8.93586254119873
616,initial,pp,-8.709587097167969
617,initial,pp,-8.709587097167969
618,initial,pp,-9.123250961303711
619,initial,do,-7.593900680541992
620,initial,do,-6.868551254272461
621,initial,do,-7.8665876388549805
622,initial,do,-7.4293646812438965
623,initial,do,-8.099571228027344
624,initial,do,-7.355038166046143
625,initial,do,-7.419144153594971
626,initial,do,-7.515603065490723
627,initial,do,-7.621237277984619
628,initial,do,-8.305336952209473
629,initial,do,-6.959888458251953
630,initial,do,-5.795929908752441
631,initial,do,-6.69611930847168
632,initial,do,-6.9421515464782715
633,initial,do,-6.421519756317139
634,initial,do,-7.982348918914795
635,initial,do,-6.946229934692383
636,initial,do,-8.613860130310059
637,initial,do,-6.69611930847168
638,initial,do,-7.751525402069092
639,initial,do,-7.418259620666504
640,initial,do,-7.768073081970215
641,initial,do,-7.281346797943115
642,initial,do,-8.478219985961914
643,initial,do,-8.03966236114502
644,initial,do,-6.349188327789307
645,initial,do,-8.896136283874512
646,initial,do,-7.441990375518799
647,initial,do,-8.43880558013916
648,initial,do,-8.067564964294434
649,initial,do,-7.711633205413818
650,initial,do,-8.393600463867188
651,initial,do,-9.02158260345459
652,initial,do,-8.318354606628418
653,initial,do,-7.9507012367248535
654,initial,do,-6.836841106414795
655,initial,do,-7.827195167541504
656,initial,do,-8.027640342712402
657,initial,do,-8.024967193603516
658,initial,do,-6.69611930847168
659,initial,do,-8.740355491638184
660,initial,do,-8.70225715637207
661,initial,do,-7.017293453216553
662,initial,pp,-7.256447792053223
663,initial,pp,-6.478866100311279
664,initial,pp,-7.442446231842041
665,initial,pp,-7.047421455383301
666,initial,pp,-8.093271255493164
667,initial,pp,-7.600337982177734
668,initial,pp,-7.23227596282959
669,initial,pp,-7.856389045715332
670,initial,pp,-7.780334949493408
671,initial,pp,-8.26710319519043
672,initial,pp,-7.070827960968018
673,initial,pp,-5.692470550537109
674,initial,pp,-6.352551460266113
675,initial,pp,-6.629007339477539
676,initial,pp,-6.003530979156494
677,initial,pp,-7.781059265136719
678,initial,pp,-6.580987930297852
679,initial,pp,-7.859925270080566
680,initial,pp,-6.352551460266113
681,initial,pp,-7.397769451141357
682,initial,do,-8.427189826965332
683,initial,do,-9.664575576782227
684,initial,do,-7.885331630706787
685,initial,do,-7.0042548179626465
686,initial,do,-8.527183532714844
687,initial,do,-8.291988372802734
688,initial,do,-9.833138465881348
689,initial,do,-10.360347747802734
690,initial,do,-7.459029674530029
691,initial,do,-8.57121467590332
692,initial,do,-7.688497543334961
693,initial,do,-8.947901725769043
694,initial,do,-7.755776405334473
695,initial,do,-7.643054962158203
696,initial,do,-9.03261947631836
697,initial,do,-7.984600067138672
698,initial,do,-8.399394989013672
699,initial,do,-8.192875862121582
700,initial,do,-9.17272663116455
701,initial,do,-7.412207126617432
702,initial,do,-8.296496391296387
703,initial,do,-8.623428344726562
704,initial,do,-9.52369213104248
705,initial,do,-9.044809341430664
706,initial,do,-8.707103729248047
707,initial,do,-9.854299545288086
708,initial,do,-7.843667507171631
709,initial,do,-8.608034133911133
710,initial,do,-9.306979179382324
711,initial,do,-8.269813537597656
712,initial,do,-9.119166374206543
713,initial,do,-9.469264030456543
714,initial,do,-8.757948875427246
715,initial,do,-8.632843971252441
716,initial,do,-9.818496704101562
717,initial,do,-9.874066352844238
718,initial,do,-10.053024291992188
719,initial,do,-9.971153259277344
720,initial,do,-7.946796894073486
721,initial,do,-9.117714881896973
722,initial,do,-7.930849075317383
723,initial,do,-8.636139869689941
724,initial,do,-7.887633800506592
725,initial,pp,-8.705754280090332
726,initial,pp,-8.788918495178223
727,initial,pp,-7.227895259857178
728,initial,pp,-6.404752731323242
729,initial,pp,-8.73265266418457
730,initial,pp,-7.977377891540527
731,initial,pp,-9.122444152832031
732,initial,pp,-9.69645881652832
733,initial,pp,-7.080060005187988
734,initial,pp,-8.31840991973877
735,initial,pp,-7.234346866607666
736,initial,pp,-8.774314880371094
737,initial,pp,-7.500132083892822
738,initial,pp,-7.662479877471924
739,initial,pp,-9.275023460388184
740,initial,pp,-8.097007751464844
741,initial,pp,-7.7987799644470215
742,initial,pp,-7.568538188934326
743,initial,pp,-8.65966796875
744,initial,pp,-7.729002475738525
745,initial,pp,-7.092690467834473
746,initial,pp,-7.434742450714111
747,initial,pp,-7.65574312210083
748,initial,pp,-6.674569129943848
749,initial,pp,-7.935904026031494
750,initial,pp,-8.552199363708496
751,initial,pp,-8.738627433776855
752,initial,pp,-7.589077949523926
753,initial,pp,-7.562212944030762
754,initial,pp,-7.67341947555542
755,initial,pp,-6.885575771331787
756,initial,pp,-6.192023277282715
757,initial,pp,-7.25890588760376
758,initial,pp,-6.466066360473633
759,initial,pp,-7.697044372558594
760,initial,pp,-7.965494155883789
761,initial,pp,-9.105941772460938
762,initial,pp,-8.817248344421387
763,initial,pp,-7.085453987121582
764,initial,pp,-7.505946159362793
765,initial,pp,-7.049167156219482
766,initial,pp,-8.057269096374512
767,initial,pp,-8.088863372802734
768,initial,pp,-7.3465576171875
769,initial,pp,-8.155885696411133
770,initial,pp,-8.2384672164917
771,initial,pp,-8.006739616394043
772,initial,pp,-8.814310073852539
773,initial,pp,-7.126015663146973
774,initial,pp,-6.244345188140869
775,initial,pp,-7.950258731842041
776,initial,pp,-7.025014877319336
777,initial,pp,-7.081088542938232
778,initial,pp,-7.605672359466553
779,initial,pp,-8.423524856567383
780,initial,pp,-8.319631576538086
781,initial,pp,-8.216376304626465
782,initial,pp,-7.210592269897461
783,initial,pp,-8.309674263000488
784,initial,pp,-8.769937515258789
785,initial,do,-7.640501976013184
786,initial,do,-6.875176429748535
787,initial,do,-6.89652156829834
788,initial,do,-6.185678482055664
789,initial,do,-7.572048664093018
790,initial,do,-6.185910701751709
791,initial,do,-6.590021133422852
792,initial,do,-6.978344440460205
793,initial,do,-8.013938903808594
794,initial,do,-8.111662864685059
795,initial,do,-6.821791172027588
796,initial,do,-6.22123384475708
797,initial,do,-6.422327041625977
798,initial,do,-8.613136291503906
799,initial,do,-5.756019115447998
800,initial,do,-5.623193740844727
801,initial,do,-7.994713306427002
802,initial,do,-7.208951473236084
803,initial,do,-8.765287399291992
804,initial,do,-8.654088020324707
805,initial,do,-8.150912284851074
806,initial,do,-6.741283416748047
807,initial,do,-7.420051097869873
808,initial,do,-8.81718921661377
809,initial,do,-6.899625778198242
810,initial,do,-5.923549175262451
811,initial,do,-7.714818477630615
812,initial,do,-6.82439661026001
813,initial,do,-7.058802604675293
814,initial,do,-7.194836139678955
815,initial,do,-6.550903797149658
816,initial,do,-7.435283184051514
817,initial,do,-6.470606803894043
818,initial,do,-5.485584259033203
819,initial,do,-8.015860557556152
820,initial,do,-5.623193740844727
821,initial,do,-8.433039665222168
822,initial,do,-6.681856632232666
823,initial,do,-6.995752334594727
824,initial,do,-8.20707893371582
825,initial,do,-7.785168647766113
826,initial,do,-7.064204692840576
827,initial,do,-8.221772193908691
828,initial,pp,-6.636176109313965
829,initial,pp,-6.350578784942627
830,initial,pp,-6.778383731842041
831,initial,pp,-6.12943696975708
832,initial,pp,-6.978772163391113
833,initial,pp,-6.0783371925354
834,initial,pp,-6.58971643447876
835,initial,pp,-6.7789812088012695
836,initial,pp,-7.9594879150390625
837,initial,pp,-7.066664695739746
838,initial,pp,-6.463189125061035
839,initial,pp,-6.21783971786499
840,initial,pp,-6.220374584197998
841,initial,pp,-7.815787315368652
842,initial,pp,-5.702447414398193
843,initial,pp,-5.611190319061279
844,initial,pp,-7.459756851196289
845,initial,pp,-6.756008148193359
846,initial,pp,-8.017653465270996
847,initial,pp,-7.6948137283325195
848,initial,do,-6.584089756011963
849,initial,do,-7.149594783782959
850,initial,do,-6.495060443878174
851,initial,do,-8.403063774108887
852,initial,do,-6.374406814575195
853,initial,do,-7.7692551612854
854,initial,do,-7.595161437988281
855,initial,do,-6.677670478820801
856,initial,do,-6.5242156982421875
857,initial,do,-7.1908345222473145
858,initial,do,-7.73382043838501
859,initial,do,-6.532629489898682
860,initial,do,-7.145690441131592
861,initial,do,-5.390012741088867
862,initial,do,-5.747406482696533
863,initial,do,-5.641266822814941
864,initial,do,-6.657866477966309
865,initial,do,-8.438313484191895
866,initial,do,-5.767056941986084
867,initial,do,-6.724607944488525
868,initial,do,-6.9256744384765625
869,initial,do,-6.401398658752441
870,initial,do,-8.674409866333008
871,initial,do,-6.128660678863525
872,initial,do,-6.228653907775879
873,initial,do,-6.85971736907959
874,initial,do,-6.5242156982421875
875,initial,do,-6.288110733032227
876,initial,do,-6.870646953582764
877,initial,do,-7.999084949493408
878,initial,do,-6.911874294281006
879,initial,do,-5.167553424835205
880,initial,do,-8.349190711975098
881,initial,do,-7.942679405212402
882,initial,do,-6.551208019256592
883,initial,do,-7.706964015960693
884,initial,do,-6.584089756011963
885,initial,do,-6.496829032897949
886,initial,do,-6.481941223144531
887,initial,do,-7.383640766143799
888,initial,do,-8.424483299255371
889,initial,do,-7.745499610900879
890,initial,do,-6.380288124084473
891,initial,pp,-6.385021209716797
892,initial,pp,-6.859358787536621
893,initial,pp,-6.283087253570557
894,initial,pp,-8.084848403930664
895,initial,pp,-6.4561028480529785
896,initial,pp,-7.53013801574707
897,initial,pp,-7.439993381500244
898,initial,pp,-6.4610748291015625
899,initial,pp,-6.30325984954834
900,initial,pp,-6.595950126647949
901,initial,pp,-7.326040267944336
902,initial,pp,-6.46953821182251
903,initial,pp,-6.698982238769531
904,initial,pp,-5.437806606292725
905,initial,pp,-5.8722028732299805
906,initial,pp,-5.779714584350586
907,initial,pp,-6.402010917663574
908,initial,pp,-7.969886779785156
909,initial,pp,-5.778517246246338
910,initial,pp,-6.550532341003418
911,initial,do,-6.731095790863037
912,initial,do,-6.836501121520996
913,initial,do,-6.14870548248291
914,initial,do,-7.079971790313721
915,initial,do,-6.4538893699646
916,initial,do,-6.065248489379883
917,initial,do,-7.005244731903076
918,initial,do,-7.256109237670898
919,initial,do,-7.028493881225586
920,initial,do,-7.219112873077393
921,initial,do,-6.8431925773620605
922,initial,do,-6.740931510925293
923,initial,do,-7.663907527923584
924,initial,do,-6.4752984046936035
925,initial,do,-6.4892120361328125
926,initial,do,-6.562267780303955
927,initial,do,-7.392077922821045
928,initial,do,-6.769970893859863
929,initial,do,-6.730440616607666
930,initial,do,-5.713900089263916
931,initial,do,-6.564974784851074
932,initial,do,-6.139010906219482
933,initial,do,-6.620774745941162
934,initial,do,-5.493868350982666
935,initial,do,-6.3735761642456055
936,initial,do,-6.956461429595947
937,initial,do,-5.4434003829956055
938,initial,do,-5.885416030883789
939,initial,do,-7.38100528717041
940,initial,do,-6.436624526977539
941,initial,do,-7.290891170501709
942,initial,do,-7.374851703643799
943,initial,do,-6.643398284912109
944,initial,do,-6.720660209655762
945,initial,do,-6.1855878829956055
946,initial,do,-7.594602108001709
947,initial,do,-6.521055698394775
948,initial,do,-6.5429606437683105
949,initial,do,-7.219112873077393
950,initial,do,-6.626538276672363
951,initial,do,-7.483808517456055
952,initial,do,-6.505512714385986
953,initial,do,-7.4209723472595215
954,initial,pp,-6.7015275955200195
955,initial,pp,-6.615210056304932
956,initial,pp,-6.33854866027832
957,initial,pp,-6.995078086853027
958,initial,pp,-6.505180835723877
959,initial,pp,-6.315582275390625
960,initial,pp,-7.166438579559326
961,initial,pp,-7.6077165603637695
962,initial,pp,-6.933345794677734
963,initial,pp,-7.043235778808594
964,initial,pp,-6.851903915405273
965,initial,pp,-6.619260311126709
966,initial,pp,-7.7502031326293945
967,initial,pp,-6.4221954345703125
968,initial,pp,-6.854794979095459
969,initial,pp,-7.022914886474609
970,initial,pp,-7.2765631675720215
971,initial,pp,-6.97656774520874
972,initial,pp,-6.620906829833984
973,initial,pp,-5.729743480682373
974,initial,do,-7.987330913543701
975,initial,do,-7.363779544830322
976,initial,do,-8.433772087097168
977,initial,do,-7.450545310974121
978,initial,do,-6.975879192352295
979,initial,do,-6.783949851989746
980,initial,do,-8.120119094848633
981,initial,do,-5.9825921058654785
982,initial,do,-7.4123454093933105
983,initial,do,-6.730377674102783
984,initial,do,-7.637495040893555
985,initial,do,-7.658782005310059
986,initial,do,-7.928370952606201
987,initial,do,-6.5732951164245605
988,initial,do,-8.656004905700684
989,initial,do,-8.544949531555176
990,initial,do,-9.241348266601562
991,initial,do,-6.571542263031006
992,initial,do,-7.441867351531982
993,initial,do,-7.37590217590332
994,initial,do,-6.101517200469971
995,initial,do,-8.127204895019531
996,initial,do,-6.890099048614502
997,initial,do,-7.34139347076416
998,initial,do,-7.657425880432129
999,initial,do,-6.635037422180176
1000,initial,do,-6.342618942260742
1001,initial,do,-6.541139125823975
1002,initial,do,-7.158903121948242
1003,initial,do,-7.37590217590332
1004,initial,do,-7.289406776428223
1005,initial,do,-6.688266754150391
1006,initial,do,-8.147871017456055
1007,initial,do,-7.141726970672607
1008,initial,do,-7.469396114349365
1009,initial,do,-6.508971214294434
1010,initial,do,-6.825983047485352
1011,initial,do,-8.219884872436523
1012,initial,do,-7.550730228424072
1013,initial,do,-8.016756057739258
1014,initial,do,-7.550730228424072
1015,initial,do,-6.8517680168151855
1016,initial,do,-5.938388824462891
1017,initial,pp,-6.990839004516602
1018,initial,pp,-6.919876575469971
1019,initial,pp,-7.834576606750488
1020,initial,pp,-6.910921096801758
1021,initial,pp,-6.453397750854492
1022,initial,pp,-6.82266902923584
1023,initial,pp,-7.651432991027832
1024,initial,pp,-5.490433216094971
1025,initial,pp,-7.200714111328125
1026,initial,pp,-6.121660232543945
1027,initial,pp,-7.7024383544921875
1028,initial,pp,-7.474263668060303
1029,initial,pp,-7.176077365875244
1030,initial,pp,-6.244345188140869
1031,initial,pp,-7.96593713760376
1032,initial,pp,-8.506065368652344
1033,initial,pp,-8.189400672912598
1034,initial,pp,-6.526649475097656
1035,initial,pp,-6.913922309875488
1036,initial,pp,-7.5282440185546875
1037,initial,pp,-6.937772750854492
1038,initial,pp,-6.127172470092773
1039,initial,pp,-7.223222255706787
1040,initial,pp,-6.887613296508789
1041,initial,pp,-5.8209919929504395
1042,initial,pp,-6.986225605010986
1043,initial,pp,-8.34151840209961
1044,initial,pp,-5.364733695983887
1045,initial,pp,-7.606500625610352
1046,initial,pp,-6.412263870239258
1047,initial,pp,-8.430801391601562
1048,initial,pp,-6.2684221267700195
1049,initial,pp,-6.101337909698486
1050,initial,pp,-6.0808820724487305
1051,initial,pp,-5.401665210723877
1052,initial,pp,-7.0679707527160645
1053,initial,pp,-7.190620422363281
1054,initial,pp,-6.649777889251709
1055,initial,pp,-5.697587966918945
1056,initial,pp,-5.976777076721191
1057,initial,pp,-6.4928669929504395
1058,initial,pp,-6.141469478607178
1059,initial,pp,-6.813165664672852
1060,initial,pp,-5.832174301147461
1061,initial,pp,-6.425027370452881
1062,initial,pp,-6.758812427520752
1063,initial,pp,-6.003169536590576
1064,initial,pp,-6.551124095916748
1065,initial,pp,-6.765619277954102
1066,initial,pp,-6.422701835632324
1067,initial,pp,-7.318366050720215
1068,initial,pp,-5.893843173980713
1069,initial,pp,-5.981845378875732
1070,initial,pp,-6.372476577758789
1071,initial,pp,-6.325788497924805
1072,initial,pp,-6.186017036437988
1073,initial,pp,-5.942891597747803
1074,initial,pp,-6.578708171844482
1075,initial,pp,-5.910048484802246
1076,initial,pp,-7.279438495635986
1077,initial,do,-8.694104194641113
1078,initial,do,-8.897418022155762
1079,initial,do,-8.687178611755371
1080,initial,do,-8.615242004394531
1081,initial,do,-7.897233486175537
1082,initial,do,-8.254249572753906
1083,initial,do,-8.211310386657715
1084,initial,do,-8.401293754577637
1085,initial,do,-8.163631439208984
1086,initial,do,-7.2658209800720215
1087,initial,do,-8.170706748962402
1088,initial,do,-7.78396463394165
1089,initial,do,-8.018601417541504
1090,initial,do,-8.831294059753418
1091,initial,do,-8.639095306396484
1092,initial,do,-7.758630752563477
1093,initial,do,-8.346098899841309
1094,initial,do,-8.39357852935791
1095,initial,do,-6.919581413269043
1096,initial,do,-8.530335426330566
1097,initial,do,-8.758392333984375
1098,initial,do,-8.209965705871582
1099,initial,do,-8.916831016540527
1100,initial,do,-8.489608764648438
1101,initial,do,-8.701920509338379
1102,initial,do,-8.443249702453613
1103,initial,do,-8.360197067260742
1104,initial,do,-7.832370758056641
1105,initial,do,-8.309951782226562
1106,initial,do,-7.408471584320068
1107,initial,do,-8.209965705871582
1108,initial,do,-8.916987419128418
1109,initial,do,-6.384042263031006
1110,initial,do,-8.952617645263672
1111,initial,do,-7.541384696960449
1112,initial,do,-7.451768398284912
1113,initial,do,-8.44536304473877
1114,initial,do,-8.111043930053711
1115,initial,do,-8.445775032043457
1116,initial,do,-8.601825714111328
1117,initial,do,-8.511857032775879
1118,initial,do,-9.200692176818848
1119,initial,do,-7.1075286865234375
1120,initial,pp,-7.734580039978027
1121,initial,pp,-7.868094444274902
1122,initial,pp,-7.8145318031311035
1123,initial,pp,-7.037688255310059
1124,initial,pp,-6.768677234649658
1125,initial,pp,-7.497896671295166
1126,initial,pp,-7.118503570556641
1127,initial,pp,-7.464228630065918
1128,initial,pp,-6.914714813232422
1129,initial,pp,-6.474665641784668
1130,initial,pp,-7.014748573303223
1131,initial,pp,-6.4468092918396
1132,initial,pp,-7.396320819854736
1133,initial,pp,-7.910254001617432
1134,initial,pp,-7.631252288818359
1135,initial,pp,-7.130706787109375
1136,initial,pp,-7.333268165588379
1137,initial,pp,-7.103603839874268
1138,initial,pp,-6.775877475738525
1139,initial,pp,-7.451996326446533
1140,initial,do,-8.490439414978027
1141,initial,do,-7.912235736846924
1142,initial,do,-6.537327766418457
1143,initial,do,-8.419846534729004
1144,initial,do,-6.965345859527588
1145,initial,do,-7.573631763458252
1146,initial,do,-8.490439414978027
1147,initial,do,-9.071388244628906
1148,initial,do,-8.078633308410645
1149,initial,do,-7.56078577041626
1150,initial,do,-7.489990711212158
1151,initial,do,-8.940752983093262
1152,initial,do,-8.69524097442627
1153,initial,do,-9.026198387145996
1154,initial,do,-7.972561359405518
1155,initial,do,-6.91380500793457
1156,initial,do,-8.040820121765137
1157,initial,do,-7.048011302947998
1158,initial,do,-8.677444458007812
1159,initial,do,-8.434100151062012
1160,initial,do,-8.921906471252441
1161,initial,do,-6.744048595428467
1162,initial,do,-7.525038719177246
1163,initial,do,-7.175987243652344
1164,initial,do,-7.912235736846924
1165,initial,do,-7.3636860847473145
1166,initial,do,-8.465810775756836
1167,initial,do,-7.54559850692749
1168,initial,do,-8.437843322753906
1169,initial,do,-7.776022911071777
1170,initial,do,-6.7170257568359375
1171,initial,do,-8.015896797180176
1172,initial,do,-8.040820121765137
1173,initial,do,-8.20809268951416
1174,initial,do,-8.309678077697754
1175,initial,do,-8.309678077697754
1176,initial,do,-8.451807975769043
1177,initial,do,-8.729788780212402
1178,initial,do,-7.8559041023254395
1179,initial,do,-6.91380500793457
1180,initial,do,-7.525038719177246
1181,initial,do,-8.172167778015137
1182,initial,do,-7.54559850692749
1183,initial,pp,-7.8852128982543945
1184,initial,pp,-7.438289642333984
1185,initial,pp,-6.3601531982421875
1186,initial,pp,-7.527172088623047
1187,initial,pp,-6.490250110626221
1188,initial,pp,-7.014861106872559
1189,initial,pp,-7.885212421417236
1190,initial,pp,-8.369011878967285
1191,initial,pp,-7.370495796203613
1192,initial,pp,-6.94124698638916
1193,initial,pp,-7.119253635406494
1194,initial,pp,-8.12632942199707
1195,initial,pp,-7.863983631134033
1196,initial,pp,-8.150156021118164
1197,initial,pp,-7.378317832946777
1198,initial,pp,-6.584514141082764
1199,initial,pp,-7.472013473510742
1200,initial,pp,-6.856099605560303
1201,initial,pp,-7.952057838439941
1202,initial,pp,-7.463801383972168
1203,initial,do,-7.917773246765137
1204,initial,do,-7.01784610748291
1205,initial,do,-7.864509582519531
1206,initial,do,-7.338536262512207
1207,initial,do,-7.792880535125732
1208,initial,do,-6.864671230316162
1209,initial,do,-7.759028911590576
1210,initial,do,-7.020599365234375
1211,initial,do,-6.601860046386719
1212,initial,do,-7.149237155914307
1213,initial,do,-7.392948627471924
1214,initial,do,-6.64795446395874
1215,initial,do,-6.600689888000488
1216,initial,do,-7.201434135437012
1217,initial,do,-7.25763463973999
1218,initial,do,-6.9054036140441895
1219,initial,do,-7.383162021636963
1220,initial,do,-7.423062324523926
1221,initial,do,-6.56347131729126
1222,initial,do,-6.435055732727051
1223,initial,do,-8.278778076171875
1224,initial,do,-7.963359355926514
1225,initial,do,-8.012508392333984
1226,initial,do,-7.293633460998535
1227,initial,do,-7.493931770324707
1228,initial,do,-7.7269439697265625
1229,initial,do,-6.965498924255371
1230,initial,do,-7.501672267913818
1231,initial,do,-7.063669204711914
1232,initial,do,-7.060303688049316
1233,initial,do,-7.705657958984375
1234,initial,do,-7.448358535766602
1235,initial,do,-7.075384616851807
1236,initial,do,-7.346344947814941
1237,initial,do,-7.377995491027832
1238,initial,do,-7.610233783721924
1239,initial,do,-6.146368026733398
1240,initial,do,-7.040329933166504
1241,initial,do,-7.633091926574707
1242,initial,do,-6.034873008728027
1243,initial,do,-6.771450042724609
1244,initial,do,-7.991213321685791
1245,initial,do,-7.069730758666992
1246,initial,pp,-7.795689105987549
1247,initial,pp,-6.5782575607299805
1248,initial,pp,-7.398515701293945
1249,initial,pp,-7.159107685089111
1250,initial,pp,-7.180755615234375
1251,initial,pp,-6.4034743309021
1252,initial,pp,-7.342399597167969
1253,initial,pp,-6.845767021179199
1254,initial,pp,-6.259183406829834
1255,initial,pp,-7.146824836730957
1256,initial,pp,-7.086459636688232
1257,initial,pp,-6.947897434234619
1258,initial,pp,-6.774659156799316
1259,initial,pp,-6.719618320465088
1260,initial,pp,-6.951161861419678
1261,initial,pp,-6.434573650360107
1262,initial,pp,-7.009028911590576
1263,initial,pp,-7.063718318939209
1264,initial,pp,-6.445075988769531
1265,initial,pp,-6.151077747344971
1266,initial,do,-7.481268882751465
1267,initial,do,-7.954285621643066
1268,initial,do,-8.062203407287598
1269,initial,do,-7.812788486480713
1270,initial,do,-6.993808746337891
1271,initial,do,-8.665718078613281
1272,initial,do,-9.65564250946045
1273,initial,do,-8.49973201751709
1274,initial,do,-6.982002258300781
1275,initial,do,-9.490486145019531
1276,initial,do,-8.634737014770508
1277,initial,do,-7.3173723220825195
1278,initial,do,-8.685593605041504
1279,initial,do,-8.90945053100586
1280,initial,do,-8.179996490478516
1281,initial,do,-9.26163387298584
1282,initial,do,-8.201571464538574
1283,initial,do,-8.38167953491211
1284,initial,do,-7.535400390625
1285,initial,do,-8.538501739501953
1286,initial,do,-6.926513195037842
1287,initial,do,-8.168627738952637
1288,initial,do,-8.451565742492676
1289,initial,do,-9.091493606567383
1290,initial,do,-8.40924072265625
1291,initial,do,-8.412314414978027
1292,initial,do,-8.420220375061035
1293,initial,do,-9.6426420211792
1294,initial,do,-8.407374382019043
1295,initial,do,-8.211967468261719
1296,initial,do,-7.879459381103516
1297,initial,do,-9.155021667480469
1298,initial,do,-7.669003009796143
1299,initial,do,-6.395417213439941
1300,initial,do,-8.434741020202637
1301,initial,do,-9.404004096984863
1302,initial,do,-9.070436477661133
1303,initial,do,-7.893698692321777
1304,initial,do,-7.119238376617432
1305,initial,do,-8.851129531860352
1306,initial,do,-8.958909034729004
1307,initial,do,-7.992447376251221
1308,initial,do,-8.611784934997559
1309,initial,pp,-6.857094764709473
1310,initial,pp,-6.99556827545166
1311,initial,pp,-6.78391170501709
1312,initial,pp,-6.840312480926514
1313,initial,pp,-5.898950099945068
1314,initial,pp,-8.152694702148438
1315,initial,pp,-9.00084400177002
1316,initial,pp,-7.802149772644043
1317,initial,pp,-5.8265862464904785
1318,initial,pp,-8.55637264251709
1319,initial,pp,-8.04946231842041
1320,initial,pp,-6.6627302169799805
1321,initial,pp,-8.030339241027832
1322,initial,pp,-7.663603782653809
1323,initial,pp,-7.551143169403076
1324,initial,pp,-8.224226951599121
1325,initial,pp,-7.266295433044434
1326,initial,pp,-7.893179893493652
1327,initial,pp,-6.759455680847168
1328,initial,pp,-8.13548469543457
1329,initial,pp,-6.414610385894775
1330,initial,pp,-6.4482502937316895
1331,initial,pp,-7.644007205963135
1332,initial,pp,-7.890644550323486
1333,initial,pp,-8.098674774169922
1334,initial,pp,-6.986732482910156
1335,initial,pp,-5.760106086730957
1336,initial,pp,-6.3147101402282715
1337,initial,pp,-6.866090774536133
1338,initial,pp,-7.653065204620361
1339,initial,pp,-6.254538059234619
1340,initial,pp,-7.594359397888184
1341,initial,pp,-6.669610977172852
1342,initial,pp,-8.463736534118652
1343,initial,pp,-8.010616302490234
1344,initial,pp,-6.291285037994385
1345,initial,pp,-7.878059387207031
1346,initial,pp,-5.918011665344238
1347,initial,pp,-7.57863187789917
1348,initial,pp,-6.650546550750732
1349,initial,pp,-6.63333797454834
1350,initial,pp,-7.144128322601318
1351,initial,pp,-7.527545928955078
1352,initial,pp,-6.680348873138428
1353,initial,pp,-6.9040703773498535
1354,initial,pp,-5.845499038696289
1355,initial,pp,-5.982429027557373
1356,initial,pp,-6.509255409240723
1357,initial,pp,-7.19812536239624
1358,initial,pp,-7.048418045043945
1359,initial,pp,-6.509143829345703
1360,initial,pp,-6.698441505432129
1361,initial,pp,-6.253818988800049
1362,initial,pp,-6.24452018737793
1363,initial,pp,-6.682647705078125
1364,initial,pp,-6.674823760986328
1365,initial,pp,-7.430163860321045
1366,initial,pp,-6.966602802276611
1367,initial,pp,-6.216524600982666
1368,initial,pp,-6.79881477355957
1,final,pp,-13.406574249267578
2,final,pp,-14.26201343536377
3,final,pp,-12.823716163635254
4,final,pp,-16.300586700439453
5,final,pp,-13.595489501953125
6,final,pp,-18.25160789489746
7,final,pp,-18.73897361755371
8,final,pp,-17.539958953857422
9,final,pp,-13.613479614257812
10,final,pp,-11.602202415466309
11,final,pp,-13.843395233154297
12,final,pp,-8.396031379699707
13,final,pp,-13.477282524108887
14,final,pp,-8.47987174987793
15,final,pp,-16.215600967407227
16,final,pp,-17.539958953857422
17,final,pp,-14.209151268005371
18,final,pp,-7.768580913543701
19,final,pp,-8.04740047454834
20,final,pp,-13.159836769104004
21,final,pp,-12.26197338104248
22,final,pp,-13.6886568069458
23,final,pp,-13.059294700622559
24,final,pp,-13.402981758117676
25,final,pp,-16.488727569580078
26,final,pp,-15.534488677978516
27,final,pp,-14.471054077148438
28,final,pp,-15.424606323242188
29,final,pp,-7.978836536407471
30,final,pp,-13.63489055633545
31,final,pp,-16.144041061401367
32,final,pp,-13.402981758117676
33,final,pp,-14.612177848815918
34,final,pp,-16.03118324279785
35,final,pp,-8.585269927978516
36,final,pp,-8.642404556274414
37,final,pp,-7.978837966918945
38,final,pp,-12.025904655456543
39,final,pp,-7.371858596801758
40,final,pp,-16.275854110717773
41,final,pp,-15.271265029907227
42,final,pp,-15.719091415405273
43,final,pp,-11.73052978515625
44,final,pp,-16.105070114135742
45,final,pp,-11.005439758300781
46,final,pp,-18.179929733276367
47,final,pp,-16.664085388183594
48,final,pp,-15.194053649902344
49,final,pp,-13.333478927612305
50,final,pp,-12.29676342010498
51,final,pp,-15.026870727539062
52,final,pp,-7.974064826965332
53,final,pp,-15.996076583862305
54,final,pp,-13.58043098449707
55,final,pp,-14.02901554107666
56,final,pp,-6.677516460418701
57,final,pp,-7.827381134033203
58,final,pp,-15.921825408935547
59,final,pp,-15.222187042236328
60,final,pp,-15.430915832519531
61,final,pp,-12.684420585632324
62,final,pp,-9.780607223510742
63,final,pp,-7.215816974639893
64,final,pp,-13.12646198272705
65,final,pp,-13.05412769317627
66,final,pp,-15.884722709655762
67,final,pp,-8.629624366760254
68,final,pp,-9.18193531036377
69,final,pp,-15.19719409942627
70,final,pp,-14.417384147644043
71,final,pp,-8.089587211608887
72,final,pp,-13.350075721740723
73,final,pp,-12.658225059509277
74,final,pp,-15.754546165466309
75,final,pp,-13.654955863952637
76,final,pp,-13.070895195007324
77,final,pp,-13.631882667541504
78,final,pp,-9.972322463989258
79,final,pp,-14.789093017578125
80,final,pp,-16.485877990722656
81,final,pp,-10.91402816772461
82,final,pp,-15.55470085144043
83,final,pp,-17.16969871520996
84,final,pp,-15.181371688842773
85,final,pp,-15.55470085144043
86,final,pp,-16.480770111083984
87,final,pp,-8.386186599731445
88,final,pp,-15.267916679382324
89,final,pp,-15.99909782409668
90,final,pp,-14.941357612609863
91,final,pp,-18.29966163635254
92,final,pp,-14.63836669921875
93,final,pp,-19.032455444335938
94,final,pp,-15.987235069274902
95,final,pp,-14.674373626708984
96,final,pp,-14.316882133483887
97,final,pp,-18.396896362304688
98,final,pp,-14.738726615905762
99,final,pp,-14.582905769348145
100,final,pp,-11.078408241271973
101,final,pp,-14.279420852661133
102,final,pp,-16.137224197387695
103,final,pp,-20.849279403686523
104,final,pp,-16.265010833740234
105,final,pp,-9.0035400390625
106,final,pp,-16.30233383178711
107,final,pp,-13.507184982299805
108,final,pp,-15.361822128295898
109,final,pp,-17.452835083007812
110,final,pp,-14.205466270446777
111,final,pp,-13.354667663574219
112,final,pp,-18.526212692260742
113,final,pp,-17.231826782226562
114,final,pp,-13.957535743713379
115,final,pp,-21.21011734008789
116,final,pp,-8.058160781860352
117,final,pp,-19.94435691833496
118,final,pp,-13.071066856384277
119,final,pp,-15.213266372680664
120,final,pp,-13.6997709274292
121,final,pp,-17.108739852905273
122,final,pp,-13.857208251953125
123,final,pp,-14.035360336303711
124,final,pp,-8.630821228027344
125,final,pp,-8.112974166870117
126,final,pp,-7.557546615600586
127,final,pp,-13.352622985839844
128,final,pp,-17.74656105041504
129,final,pp,-14.70240306854248
130,final,pp,-12.35489559173584
131,final,pp,-14.70240306854248
132,final,pp,-13.857208251953125
133,final,pp,-17.77750587463379
134,final,pp,-13.314417839050293
135,final,pp,-13.857208251953125
136,final,pp,-7.557545185089111
137,final,pp,-13.534214973449707
138,final,pp,-8.181371688842773
139,final,pp,-7.835681915283203
140,final,pp,-13.455033302307129
141,final,pp,-8.945131301879883
142,final,pp,-16.499719619750977
143,final,pp,-11.596367835998535
144,final,pp,-18.03268051147461
145,final,pp,-10.611915588378906
146,final,pp,-10.250494003295898
147,final,pp,-14.287646293640137
148,final,pp,-15.173956871032715
149,final,pp,-12.283791542053223
150,final,pp,-7.761528968811035
151,final,pp,-14.178340911865234
152,final,pp,-13.395973205566406
153,final,pp,-14.862714767456055
154,final,pp,-15.884992599487305
155,final,pp,-19.80384063720703
156,final,pp,-13.097305297851562
157,final,pp,-15.616402626037598
158,final,pp,-14.342755317687988
159,final,pp,-8.957481384277344
160,final,pp,-13.621219635009766
161,final,pp,-14.647709846496582
162,final,pp,-11.564494132995605
163,final,pp,-13.158802032470703
164,final,pp,-7.264795780181885
165,final,pp,-13.406845092773438
166,final,pp,-7.969845771789551
167,final,pp,-13.712955474853516
168,final,pp,-12.275439262390137
169,final,pp,-11.476953506469727
170,final,pp,-12.732887268066406
171,final,pp,-13.158802032470703
172,final,pp,-10.384504318237305
173,final,pp,-9.049627304077148
174,final,pp,-16.93756675720215
175,final,pp,-10.838129997253418
176,final,pp,-13.406845092773438
177,final,pp,-7.047267436981201
178,final,pp,-14.153823852539062
179,final,pp,-14.157328605651855
180,final,pp,-15.09682559967041
181,final,pp,-17.022140502929688
182,final,pp,-20.411584854125977
183,final,pp,-14.897910118103027
184,final,pp,-15.07943344116211
185,final,pp,-15.8190336227417
186,final,pp,-16.842355728149414
187,final,pp,-7.3975911140441895
188,final,pp,-11.16312026977539
189,final,pp,-18.025611877441406
190,final,pp,-16.53874397277832
191,final,pp,-17.379058837890625
192,final,pp,-16.041208267211914
193,final,pp,-12.639253616333008
194,final,pp,-12.703620910644531
195,final,pp,-17.723377227783203
196,final,pp,-17.546470642089844
197,final,pp,-16.562910079956055
198,final,pp,-10.458113670349121
199,final,pp,-13.95386028289795
200,final,pp,-16.450246810913086
201,final,pp,-13.845820426940918
202,final,pp,-10.082993507385254
203,final,pp,-17.79938507080078
204,final,pp,-14.316231727600098
205,final,pp,-17.18899154663086
206,final,pp,-11.973942756652832
207,final,pp,-16.51883888244629
208,final,pp,-8.332755088806152
209,final,pp,-16.2230281829834
210,final,pp,-15.993856430053711
211,final,pp,-15.463845252990723
212,final,pp,-13.612972259521484
213,final,pp,-8.586767196655273
214,final,pp,-10.452725410461426
215,final,pp,-12.97790813446045
216,final,pp,-13.638102531433105
217,final,pp,-8.343222618103027
218,final,pp,-15.221604347229004
219,final,pp,-21.09048080444336
220,final,pp,-14.410408020019531
221,final,do,-14.502836227416992
222,final,do,-13.069648742675781
223,final,do,-12.985270500183105
224,final,do,-7.973746299743652
225,final,do,-18.433589935302734
226,final,do,-13.339300155639648
227,final,do,-15.209271430969238
228,final,do,-15.189932823181152
229,final,do,-18.74880599975586
230,final,do,-14.031432151794434
231,final,do,-18.07577896118164
232,final,do,-14.750882148742676
233,final,do,-17.86503791809082
234,final,do,-15.189932823181152
235,final,do,-6.737253189086914
236,final,do,-15.14624309539795
237,final,do,-16.031831741333008
238,final,do,-15.12272834777832
239,final,do,-16.279300689697266
240,final,do,-9.079299926757812
241,final,do,-17.86503791809082
242,final,do,-16.098766326904297
243,final,do,-14.767522811889648
244,final,do,-15.12272834777832
245,final,do,-16.360708236694336
246,final,do,-8.728591918945312
247,final,do,-12.591011047363281
248,final,do,-12.314958572387695
249,final,do,-17.294954299926758
250,final,do,-9.32194709777832
251,final,do,-22.484943389892578
252,final,do,-12.33724594116211
253,final,do,-16.584806442260742
254,final,do,-13.729613304138184
255,final,do,-13.596537590026855
256,final,do,-15.458337783813477
257,final,do,-11.898164749145508
258,final,do,-13.729613304138184
259,final,do,-8.584505081176758
260,final,do,-22.484943389892578
261,final,do,-9.32194709777832
262,final,do,-8.621505737304688
263,final,do,-17.478837966918945
264,final,pp,-11.434600830078125
265,final,pp,-10.79927921295166
266,final,pp,-10.082273483276367
267,final,pp,-7.247751712799072
268,final,pp,-13.484713554382324
269,final,pp,-11.487483978271484
270,final,pp,-11.381023406982422
271,final,pp,-12.385066986083984
272,final,pp,-14.591090202331543
273,final,pp,-10.93503189086914
274,final,pp,-13.524599075317383
275,final,pp,-12.02426528930664
276,final,pp,-14.045957565307617
277,final,pp,-12.385066986083984
278,final,pp,-6.422685623168945
279,final,pp,-11.568575859069824
280,final,pp,-11.649666786193848
281,final,pp,-12.54591178894043
282,final,pp,-12.543421745300293
283,final,pp,-9.506097793579102
284,final,do,-13.264764785766602
285,final,do,-9.954719543457031
286,final,do,-15.196401596069336
287,final,do,-13.338851928710938
288,final,do,-18.10177993774414
289,final,do,-9.28646183013916
290,final,do,-15.641433715820312
291,final,do,-15.442407608032227
292,final,do,-18.10177993774414
293,final,do,-13.660490036010742
294,final,do,-13.854239463806152
295,final,do,-12.82470417022705
296,final,do,-10.738082885742188
297,final,do,-14.6538724899292
298,final,do,-11.159489631652832
299,final,do,-21.021820068359375
300,final,do,-15.969758987426758
301,final,do,-7.848763465881348
302,final,do,-18.226877212524414
303,final,do,-8.964681625366211
304,final,do,-7.346255779266357
305,final,do,-15.641433715820312
306,final,do,-12.975424766540527
307,final,do,-10.365669250488281
308,final,do,-13.338851928710938
309,final,do,-12.249168395996094
310,final,do,-8.611659049987793
311,final,do,-13.021441459655762
312,final,do,-13.338851928710938
313,final,do,-16.608600616455078
314,final,do,-12.799943923950195
315,final,do,-12.817193984985352
316,final,do,-14.626900672912598
317,final,do,-17.87677574157715
318,final,do,-8.611659049987793
319,final,do,-7.848763465881348
320,final,do,-8.645472526550293
321,final,do,-10.976126670837402
322,final,do,-15.196398735046387
323,final,do,-16.560699462890625
324,final,do,-10.76887035369873
325,final,do,-12.801779747009277
326,final,do,-11.479241371154785
327,final,pp,-10.628262519836426
328,final,pp,-8.59133529663086
329,final,pp,-12.829620361328125
330,final,pp,-11.247537612915039
331,final,pp,-13.665562629699707
332,final,pp,-7.145951271057129
333,final,pp,-12.089061737060547
334,final,pp,-13.127431869506836
335,final,pp,-13.665562629699707
336,final,pp,-10.00642204284668
337,final,pp,-10.791977882385254
338,final,pp,-10.390789985656738
339,final,pp,-8.668129920959473
340,final,pp,-11.336244583129883
341,final,pp,-9.527875900268555
342,final,pp,-17.29666519165039
343,final,pp,-13.069169998168945
344,final,pp,-7.251617431640625
345,final,pp,-14.054737091064453
346,final,pp,-9.090855598449707
347,final,do,-11.91805362701416
348,final,do,-8.278315544128418
349,final,do,-11.88656997680664
350,final,do,-11.379959106445312
351,final,do,-14.722949981689453
352,final,do,-11.004379272460938
353,final,do,-10.889591217041016
354,final,do,-11.59685230255127
355,final,do,-7.061563014984131
356,final,do,-8.206310272216797
357,final,do,-9.80451774597168
358,final,do,-13.431499481201172
359,final,do,-10.069992065429688
360,final,do,-7.525293350219727
361,final,do,-10.033242225646973
362,final,do,-12.426331520080566
363,final,do,-13.032365798950195
364,final,do,-8.646803855895996
365,final,do,-13.267231941223145
366,final,do,-8.441475868225098
367,final,do,-10.193375587463379
368,final,do,-8.38762092590332
369,final,do,-7.312216758728027
370,final,do,-6.603930473327637
371,final,do,-15.784920692443848
372,final,do,-14.005585670471191
373,final,do,-9.71270751953125
374,final,do,-14.756589889526367
375,final,do,-8.178955078125
376,final,do,-11.328120231628418
377,final,do,-8.157211303710938
378,final,do,-11.569574356079102
379,final,do,-13.777069091796875
380,final,do,-11.48246955871582
381,final,do,-12.075057029724121
382,final,do,-11.92371940612793
383,final,do,-9.07038688659668
384,final,do,-15.784920692443848
385,final,do,-6.916723251342773
386,final,do,-9.712709426879883
387,final,do,-10.86977481842041
388,final,do,-7.907525062561035
389,final,do,-12.319997787475586
390,final,pp,-11.892704010009766
391,final,pp,-7.725179672241211
392,final,pp,-12.226264953613281
393,final,pp,-11.256766319274902
394,final,pp,-13.599802017211914
395,final,pp,-11.836141586303711
396,final,pp,-11.14958667755127
397,final,pp,-11.46537971496582
398,final,pp,-8.218815803527832
399,final,pp,-7.072381019592285
400,final,pp,-10.19440746307373
401,final,pp,-13.705744743347168
402,final,pp,-10.4130277633667
403,final,pp,-8.832597732543945
404,final,pp,-9.167631149291992
405,final,pp,-10.047586441040039
406,final,pp,-14.09362506866455
407,final,pp,-7.630748748779297
408,final,pp,-14.650655746459961
409,final,pp,-8.300712585449219
410,final,do,-11.972013473510742
411,final,do,-12.893345832824707
412,final,do,-10.228045463562012
413,final,do,-14.59290599822998
414,final,do,-10.38661003112793
415,final,do,-10.6153564453125
416,final,do,-10.424139976501465
417,final,do,-7.902344703674316
418,final,do,-7.967512130737305
419,final,do,-9.87112808227539
420,final,do,-13.558918952941895
421,final,do,-14.179158210754395
422,final,do,-17.08824348449707
423,final,do,-17.224756240844727
424,final,do,-10.415987968444824
425,final,do,-13.09241008758545
426,final,do,-6.161650657653809
427,final,do,-11.426741600036621
428,final,do,-10.500722885131836
429,final,do,-7.188892841339111
430,final,do,-15.76451587677002
431,final,do,-11.673384666442871
432,final,do,-11.426741600036621
433,final,do,-9.331056594848633
434,final,do,-17.09550666809082
435,final,do,-10.068548202514648
436,final,do,-17.536800384521484
437,final,do,-17.448165893554688
438,final,do,-11.44420337677002
439,final,do,-11.41126823425293
440,final,do,-12.670147895812988
441,final,do,-14.919998168945312
442,final,do,-8.868825912475586
443,final,do,-9.361658096313477
444,final,do,-9.942075729370117
445,final,do,-11.83882999420166
446,final,do,-13.09241008758545
447,final,do,-13.666720390319824
448,final,do,-8.098752975463867
449,final,do,-10.302400588989258
450,final,do,-14.063011169433594
451,final,do,-13.552383422851562
452,final,do,-13.74621868133545
453,final,pp,-10.20215892791748
454,final,pp,-9.885978698730469
455,final,pp,-7.676212787628174
456,final,pp,-14.232580184936523
457,final,pp,-8.48044204711914
458,final,pp,-11.49240779876709
459,final,pp,-10.972806930541992
460,final,pp,-7.288402080535889
461,final,pp,-8.162385940551758
462,final,pp,-9.142878532409668
463,final,pp,-13.369908332824707
464,final,pp,-13.235452651977539
465,final,pp,-14.401077270507812
466,final,pp,-13.904218673706055
467,final,pp,-10.81497573852539
468,final,pp,-12.427234649658203
469,final,pp,-7.170550346374512
470,final,pp,-10.668468475341797
471,final,pp,-10.654847145080566
472,final,pp,-7.144706726074219
473,final,pp,-10.428322792053223
474,final,pp,-13.875370025634766
475,final,pp,-11.63664436340332
476,final,pp,-12.480281829833984
477,final,pp,-8.214763641357422
478,final,pp,-8.468425750732422
479,final,pp,-11.980525970458984
480,final,pp,-11.550227165222168
481,final,pp,-9.431581497192383
482,final,pp,-16.857358932495117
483,final,pp,-9.890071868896484
484,final,pp,-14.274453163146973
485,final,pp,-13.95688247680664
486,final,pp,-8.96715259552002
487,final,pp,-13.887807846069336
488,final,pp,-11.906968116760254
489,final,pp,-11.814492225646973
490,final,pp,-14.400700569152832
491,final,pp,-10.89609146118164
492,final,pp,-12.650382041931152
493,final,do,-13.515000343322754
494,final,do,-13.83043098449707
495,final,do,-9.160538673400879
496,final,do,-13.22057819366455
497,final,do,-14.280845642089844
498,final,do,-8.750048637390137
499,final,do,-8.0968656539917
500,final,do,-15.506314277648926
501,final,do,-12.59707260131836
502,final,do,-9.830312728881836
503,final,do,-8.32182788848877
504,final,do,-13.194751739501953
505,final,do,-14.347579956054688
506,final,do,-8.481863975524902
507,final,do,-9.853170394897461
508,final,do,-9.421953201293945
509,final,do,-16.786296844482422
510,final,do,-13.284019470214844
511,final,do,-14.135589599609375
512,final,do,-8.633018493652344
513,final,do,-12.979893684387207
514,final,do,-14.259637832641602
515,final,do,-15.053873062133789
516,final,do,-15.84101676940918
517,final,do,-8.28830337524414
518,final,do,-9.247380256652832
519,final,do,-17.58099365234375
520,final,do,-11.38670539855957
521,final,do,-15.37536907196045
522,final,do,-15.389403343200684
523,final,do,-12.779577255249023
524,final,do,-16.76218032836914
525,final,do,-9.827113151550293
526,final,do,-17.833032608032227
527,final,do,-10.018088340759277
528,final,do,-9.699421882629395
529,final,do,-9.699421882629395
530,final,do,-17.718067169189453
531,final,do,-14.91248607635498
532,final,do,-18.59224510192871
533,final,do,-10.000935554504395
534,final,do,-7.822534561157227
535,final,do,-11.63394546508789
536,final,pp,-12.974949836730957
537,final,pp,-12.549689292907715
538,final,pp,-7.953123569488525
539,final,pp,-12.55359172821045
540,final,pp,-12.587441444396973
541,final,pp,-8.500901222229004
542,final,pp,-7.380197525024414
543,final,pp,-14.017677307128906
544,final,pp,-11.709803581237793
545,final,pp,-9.06128978729248
546,final,pp,-8.504436492919922
547,final,pp,-12.203261375427246
548,final,pp,-12.716702461242676
549,final,pp,-8.16246509552002
550,final,pp,-8.657360076904297
551,final,pp,-8.667830467224121
552,final,pp,-14.271488189697266
553,final,pp,-11.96453857421875
554,final,pp,-12.836219787597656
555,final,pp,-8.07645034790039
556,final,do,-13.084159851074219
557,final,do,-19.083826065063477
558,final,do,-13.437590599060059
559,final,do,-18.051891326904297
560,final,do,-16.463884353637695
561,final,do,-14.94111156463623
562,final,do,-13.373574256896973
563,final,do,-17.422319412231445
564,final,do,-19.083826065063477
565,final,do,-16.004444122314453
566,final,do,-5.969717502593994
567,final,do,-13.732939720153809
568,final,do,-13.363222122192383
569,final,do,-13.962498664855957
570,final,do,-9.927470207214355
571,final,do,-13.071237564086914
572,final,do,-11.462438583374023
573,final,do,-8.579150199890137
574,final,do,-8.579150199890137
575,final,do,-14.350077629089355
576,final,do,-15.833072662353516
577,final,do,-9.938081741333008
578,final,do,-11.462438583374023
579,final,do,-10.275668144226074
580,final,do,-13.476570129394531
581,final,do,-13.363222122192383
582,final,do,-16.10905647277832
583,final,do,-10.03984546661377
584,final,do,-6.432887077331543
585,final,do,-15.422259330749512
586,final,do,-16.381092071533203
587,final,do,-12.913246154785156
588,final,do,-10.03984546661377
589,final,do,-14.462775230407715
590,final,do,-10.539100646972656
591,final,do,-10.835714340209961
592,final,do,-13.547741889953613
593,final,do,-10.835714340209961
594,final,do,-17.863574981689453
595,final,do,-13.437590599060059
596,final,do,-10.266805648803711
597,final,do,-13.363222122192383
598,final,do,-16.004444122314453
599,final,pp,-11.48703670501709
600,final,pp,-18.201793670654297
601,final,pp,-12.370135307312012
602,final,pp,-17.171031951904297
603,final,pp,-14.234715461730957
604,final,pp,-13.2052001953125
605,final,pp,-12.896278381347656
606,final,pp,-15.51117992401123
607,final,pp,-18.201793670654297
608,final,pp,-13.469330787658691
609,final,pp,-5.9777655601501465
610,final,pp,-11.482577323913574
611,final,pp,-12.51097583770752
612,final,pp,-12.297516822814941
613,final,pp,-8.778179168701172
614,final,pp,-10.918824195861816
615,final,pp,-9.712660789489746
616,final,pp,-7.036279201507568
617,final,pp,-7.036279201507568
618,final,pp,-11.969806671142578
619,final,do,-7.616869926452637
620,final,do,-12.684913635253906
621,final,do,-10.761651992797852
622,final,do,-11.621357917785645
623,final,do,-11.226202964782715
624,final,do,-9.854636192321777
625,final,do,-13.032303810119629
626,final,do,-7.169173717498779
627,final,do,-15.346689224243164
628,final,do,-8.090181350708008
629,final,do,-11.138387680053711
630,final,do,-8.032754898071289
631,final,do,-9.418586730957031
632,final,do,-7.716814994812012
633,final,do,-9.18404769897461
634,final,do,-13.368086814880371
635,final,do,-11.293191909790039
636,final,do,-12.93702507019043
637,final,do,-9.418586730957031
638,final,do,-7.32578706741333
639,final,do,-11.857889175415039
640,final,do,-11.47575855255127
641,final,do,-13.82741928100586
642,final,do,-15.804182052612305
643,final,do,-13.08869457244873
644,final,do,-7.0947113037109375
645,final,do,-19.818557739257812
646,final,do,-14.604995727539062
647,final,do,-13.933080673217773
648,final,do,-12.82914924621582
649,final,do,-12.803526878356934
650,final,do,-17.286935806274414
651,final,do,-13.62897777557373
652,final,do,-12.990015983581543
653,final,do,-8.137568473815918
654,final,do,-9.653440475463867
655,final,do,-12.045331001281738
656,final,do,-12.814553260803223
657,final,do,-13.478738784790039
658,final,do,-9.418585777282715
659,final,do,-9.995484352111816
660,final,do,-13.912955284118652
661,final,do,-6.980358123779297
662,final,pp,-7.999237060546875
663,final,pp,-13.490610122680664
664,final,pp,-10.748030662536621
665,final,pp,-11.13924503326416
666,final,pp,-10.015063285827637
667,final,pp,-9.09483528137207
668,final,pp,-12.55869197845459
669,final,pp,-7.838477611541748
670,final,pp,-13.093098640441895
671,final,pp,-7.374696731567383
672,final,pp,-11.429126739501953
673,final,pp,-7.4802632331848145
674,final,pp,-8.374292373657227
675,final,pp,-8.455450057983398
676,final,pp,-7.753208160400391
677,final,pp,-12.794266700744629
678,final,pp,-11.650297164916992
679,final,pp,-12.983190536499023
680,final,pp,-8.374292373657227
681,final,pp,-8.080249786376953
682,final,do,-11.251060485839844
683,final,do,-9.863558769226074
684,final,do,-7.88640832901001
685,final,do,-9.422805786132812
686,final,do,-12.751456260681152
687,final,do,-7.262258052825928
688,final,do,-10.22502326965332
689,final,do,-16.955026626586914
690,final,do,-13.212346076965332
691,final,do,-9.084763526916504
692,final,do,-12.572203636169434
693,final,do,-13.71331787109375
694,final,do,-12.727447509765625
695,final,do,-15.20300006866455
696,final,do,-8.984896659851074
697,final,do,-14.846827507019043
698,final,do,-11.674647331237793
699,final,do,-7.0534281730651855
700,final,do,-13.169339179992676
701,final,do,-12.744282722473145
702,final,do,-10.649002075195312
703,final,do,-7.149674892425537
704,final,do,-17.763492584228516
705,final,do,-14.407511711120605
706,final,do,-6.562923431396484
707,final,do,-15.467325210571289
708,final,do,-11.697636604309082
709,final,do,-14.42789363861084
710,final,do,-18.078092575073242
711,final,do,-15.400383949279785
712,final,do,-15.531936645507812
713,final,do,-18.51773452758789
714,final,do,-15.61638069152832
715,final,do,-18.327905654907227
716,final,do,-15.553520202636719
717,final,do,-14.891886711120605
718,final,do,-15.0709810256958
719,final,do,-14.935038566589355
720,final,do,-17.752782821655273
721,final,do,-18.095516204833984
722,final,do,-8.617606163024902
723,final,do,-17.676706314086914
724,final,do,-11.615630149841309
725,final,pp,-9.640109062194824
726,final,pp,-8.256539344787598
727,final,pp,-8.204950332641602
728,final,pp,-8.837806701660156
729,final,pp,-12.640397071838379
730,final,pp,-6.287357807159424
731,final,pp,-8.874985694885254
732,final,pp,-15.134937286376953
733,final,pp,-12.966817855834961
734,final,pp,-8.540489196777344
735,final,pp,-11.16204833984375
736,final,pp,-12.813401222229004
737,final,pp,-11.698627471923828
738,final,pp,-13.45585823059082
739,final,pp,-7.710473537445068
740,final,pp,-14.256524085998535
741,final,pp,-12.698058128356934
742,final,pp,-7.209150791168213
743,final,pp,-10.930886268615723
744,final,pp,-12.569186210632324
745,final,pp,-8.708809852600098
746,final,pp,-14.16879653930664
747,final,pp,-11.172855377197266
748,final,pp,-13.143058776855469
749,final,pp,-11.515385627746582
750,final,pp,-16.009397506713867
751,final,pp,-19.59016990661621
752,final,pp,-16.0936222076416
753,final,pp,-12.514896392822266
754,final,pp,-14.586857795715332
755,final,pp,-14.6757230758667
756,final,pp,-14.726877212524414
757,final,pp,-14.257719039916992
758,final,pp,-9.135543823242188
759,final,pp,-16.242246627807617
760,final,pp,-13.060247421264648
761,final,pp,-16.528242111206055
762,final,pp,-16.429956436157227
763,final,pp,-13.848193168640137
764,final,pp,-14.776971817016602
765,final,pp,-11.480351448059082
766,final,pp,-12.336451530456543
767,final,pp,-12.499505996704102
768,final,pp,-15.649831771850586
769,final,pp,-9.205992698669434
770,final,pp,-9.837798118591309
771,final,pp,-12.550225257873535
772,final,pp,-17.43281364440918
773,final,pp,-12.963064193725586
774,final,pp,-10.117206573486328
775,final,pp,-12.971969604492188
776,final,pp,-8.55321979522705
777,final,pp,-11.75759220123291
778,final,pp,-9.030864715576172
779,final,pp,-10.535642623901367
780,final,pp,-7.680993556976318
781,final,pp,-13.81772518157959
782,final,pp,-16.77556037902832
783,final,pp,-14.066744804382324
784,final,pp,-11.00075626373291
785,final,do,-17.36276626586914
786,final,do,-9.63587760925293
787,final,do,-12.96275520324707
788,final,do,-8.53563117980957
789,final,do,-14.78449535369873
790,final,do,-17.331462860107422
791,final,do,-10.902099609375
792,final,do,-13.227102279663086
793,final,do,-9.88916015625
794,final,do,-18.595378875732422
795,final,do,-21.764873504638672
796,final,do,-15.76863956451416
797,final,do,-9.193164825439453
798,final,do,-15.683509826660156
799,final,do,-14.208955764770508
800,final,do,-7.2860798835754395
801,final,do,-16.606462478637695
802,final,do,-11.919462203979492
803,final,do,-14.398051261901855
804,final,do,-11.118500709533691
805,final,do,-15.976073265075684
806,final,do,-10.088184356689453
807,final,do,-13.107511520385742
808,final,do,-18.039962768554688
809,final,do,-17.52567481994629
810,final,do,-7.9380950927734375
811,final,do,-11.714099884033203
812,final,do,-15.032877922058105
813,final,do,-17.671911239624023
814,final,do,-12.897940635681152
815,final,do,-12.681118965148926
816,final,do,-9.697232246398926
817,final,do,-7.859816074371338
818,final,do,-7.5133514404296875
819,final,do,-15.496564865112305
820,final,do,-7.2860798835754395
821,final,do,-16.41596031188965
822,final,do,-15.572282791137695
823,final,do,-19.615266799926758
824,final,do,-15.408616065979004
825,final,do,-16.238235473632812
826,final,do,-17.851421356201172
827,final,do,-16.844682693481445
828,final,pp,-16.169593811035156
829,final,pp,-9.041316986083984
830,final,pp,-12.143430709838867
831,final,pp,-9.648735046386719
832,final,pp,-14.928315162658691
833,final,pp,-19.68181037902832
834,final,pp,-13.32544231414795
835,final,pp,-12.823206901550293
836,final,pp,-8.974154472351074
837,final,pp,-17.421409606933594
838,final,pp,-21.395286560058594
839,final,pp,-16.93181610107422
840,final,pp,-8.785869598388672
841,final,pp,-12.260610580444336
842,final,pp,-15.048243522644043
843,final,pp,-7.593957424163818
844,final,pp,-14.2301607131958
845,final,pp,-11.013280868530273
846,final,pp,-11.005887031555176
847,final,pp,-9.013002395629883
848,final,do,-13.44284725189209
849,final,do,-14.611007690429688
850,final,do,-14.75896167755127
851,final,do,-19.213851928710938
852,final,do,-16.231916427612305
853,final,do,-14.092306137084961
854,final,do,-11.992167472839355
855,final,do,-12.21817398071289
856,final,do,-12.91749382019043
857,final,do,-10.183540344238281
858,final,do,-10.483332633972168
859,final,do,-11.773907661437988
860,final,do,-16.12494468688965
861,final,do,-7.547389984130859
862,final,do,-14.81386947631836
863,final,do,-15.447938919067383
864,final,do,-9.026689529418945
865,final,do,-16.033153533935547
866,final,do,-15.97164535522461
867,final,do,-16.51665496826172
868,final,do,-14.114213943481445
869,final,do,-14.763273239135742
870,final,do,-16.19243812561035
871,final,do,-16.139835357666016
872,final,do,-15.524603843688965
873,final,do,-14.82868480682373
874,final,do,-12.917491912841797
875,final,do,-10.554468154907227
876,final,do,-17.81256866455078
877,final,do,-18.49934196472168
878,final,do,-17.00348472595215
879,final,do,-12.510563850402832
880,final,do,-18.24399185180664
881,final,do,-12.567063331604004
882,final,do,-12.312784194946289
883,final,do,-12.070822715759277
884,final,do,-13.442850112915039
885,final,do,-17.379985809326172
886,final,do,-12.9614839553833
887,final,do,-9.83110237121582
888,final,do,-17.530717849731445
889,final,do,-17.14474105834961
890,final,do,-15.587263107299805
891,final,pp,-13.80752182006836
892,final,pp,-13.22435188293457
893,final,pp,-13.570993423461914
894,final,pp,-16.826831817626953
895,final,pp,-16.247314453125
896,final,pp,-12.310586929321289
897,final,pp,-12.323463439941406
898,final,pp,-12.381004333496094
899,final,pp,-12.353740692138672
900,final,pp,-9.900094032287598
901,final,pp,-7.713996887207031
902,final,pp,-12.921390533447266
903,final,pp,-16.281089782714844
904,final,pp,-7.552943229675293
905,final,pp,-14.520326614379883
906,final,pp,-15.452856063842773
907,final,pp,-9.073016166687012
908,final,pp,-14.037781715393066
909,final,pp,-15.916183471679688
910,final,pp,-15.697629928588867
911,final,do,-13.296957015991211
912,final,do,-12.793015480041504
913,final,do,-13.311429977416992
914,final,do,-15.06212043762207
915,final,do,-11.622390747070312
916,final,do,-11.296309471130371
917,final,do,-13.550525665283203
918,final,do,-15.090559005737305
919,final,do,-12.896923065185547
920,final,do,-13.624907493591309
921,final,do,-11.126130104064941
922,final,do,-9.16663646697998
923,final,do,-14.308547973632812
924,final,do,-9.882964134216309
925,final,do,-11.870474815368652
926,final,do,-7.88417387008667
927,final,do,-11.29616928100586
928,final,do,-12.615387916564941
929,final,do,-10.630289077758789
930,final,do,-7.542215347290039
931,final,do,-10.023054122924805
932,final,do,-7.707558631896973
933,final,do,-9.595172882080078
934,final,do,-10.022879600524902
935,final,do,-10.756819725036621
936,final,do,-13.296011924743652
937,final,do,-7.152382850646973
938,final,do,-7.752838134765625
939,final,do,-14.056605339050293
940,final,do,-14.340448379516602
941,final,do,-15.910746574401855
942,final,do,-10.75377368927002
943,final,do,-13.812746047973633
944,final,do,-15.682087898254395
945,final,do,-10.297910690307617
946,final,do,-12.150521278381348
947,final,do,-10.073070526123047
948,final,do,-8.417388916015625
949,final,do,-13.624905586242676
950,final,do,-8.045882225036621
951,final,do,-12.221982955932617
952,final,do,-11.648772239685059
953,final,do,-10.875118255615234
954,final,pp,-17.842296600341797
955,final,pp,-17.1098575592041
956,final,pp,-18.602434158325195
957,final,pp,-18.025081634521484
958,final,pp,-14.708623886108398
959,final,pp,-16.406999588012695
960,final,pp,-16.92983627319336
961,final,pp,-17.353214263916016
962,final,pp,-16.830440521240234
963,final,pp,-15.194767951965332
964,final,pp,-14.96226978302002
965,final,pp,-8.475850105285645
966,final,pp,-15.473611831665039
967,final,pp,-13.404305458068848
968,final,pp,-14.175339698791504
969,final,pp,-9.005125045776367
970,final,pp,-14.770193099975586
971,final,pp,-15.469164848327637
972,final,pp,-13.4907865524292
973,final,pp,-7.8568434715271
974,final,do,-10.358248710632324
975,final,do,-10.715075492858887
976,final,do,-15.294405937194824
977,final,do,-13.319605827331543
978,final,do,-11.250869750976562
979,final,do,-13.75643253326416
980,final,do,-12.22313117980957
981,final,do,-7.629119396209717
982,final,do,-11.499927520751953
983,final,do,-7.199434280395508
984,final,do,-10.650403022766113
985,final,do,-12.622984886169434
986,final,do,-11.831568717956543
987,final,do,-14.130465507507324
988,final,do,-9.650323867797852
989,final,do,-13.557662963867188
990,final,do,-16.100629806518555
991,final,do,-11.075617790222168
992,final,do,-8.168148040771484
993,final,do,-10.762232780456543
994,final,do,-6.330782413482666
995,final,do,-14.331023216247559
996,final,do,-13.17651653289795
997,final,do,-13.766337394714355
998,final,do,-14.244794845581055
999,final,do,-11.15909194946289
1000,final,do,-10.275015830993652
1001,final,do,-10.965456008911133
1002,final,do,-11.557754516601562
1003,final,do,-10.762232780456543
1004,final,do,-14.894725799560547
1005,final,do,-12.080754280090332
1006,final,do,-15.539606094360352
1007,final,do,-12.42536735534668
1008,final,do,-14.020134925842285
1009,final,do,-12.082690238952637
1010,final,do,-13.37343978881836
1011,final,do,-15.86791706085205
1012,final,do,-14.320524215698242
1013,final,do,-12.858993530273438
1014,final,do,-14.320524215698242
1015,final,do,-13.62084674835205
1016,final,do,-5.498811721801758
1017,final,pp,-11.011804580688477
1018,final,pp,-11.672283172607422
1019,final,pp,-16.81024169921875
1020,final,pp,-11.941205024719238
1021,final,pp,-13.650251388549805
1022,final,pp,-13.24658203125
1023,final,pp,-12.166284561157227
1024,final,pp,-12.71181583404541
1025,final,pp,-11.168811798095703
1026,final,pp,-10.945455551147461
1027,final,pp,-11.893332481384277
1028,final,pp,-13.583600997924805
1029,final,pp,-12.462177276611328
1030,final,pp,-14.84251594543457
1031,final,pp,-8.322916984558105
1032,final,pp,-13.450947761535645
1033,final,pp,-20.05206871032715
1034,final,pp,-12.285436630249023
1035,final,pp,-10.662557601928711
1036,final,pp,-11.13805866241455
1037,final,pp,-11.589348793029785
1038,final,pp,-10.501250267028809
1039,final,pp,-18.984527587890625
1040,final,pp,-17.3587589263916
1041,final,pp,-17.085346221923828
1042,final,pp,-17.488813400268555
1043,final,pp,-16.172773361206055
1044,final,pp,-14.487422943115234
1045,final,pp,-13.681065559387207
1046,final,pp,-14.527809143066406
1047,final,pp,-14.442883491516113
1048,final,pp,-19.058216094970703
1049,final,pp,-14.901301383972168
1050,final,pp,-14.48183536529541
1051,final,pp,-18.366804122924805
1052,final,pp,-14.92292308807373
1053,final,pp,-20.93767738342285
1054,final,pp,-13.674560546875
1055,final,pp,-7.882930755615234
1056,final,pp,-15.308274269104004
1057,final,pp,-13.974335670471191
1058,final,pp,-16.30705451965332
1059,final,pp,-13.77053451538086
1060,final,pp,-15.52487564086914
1061,final,pp,-16.302764892578125
1062,final,pp,-17.70194435119629
1063,final,pp,-18.325326919555664
1064,final,pp,-13.818122863769531
1065,final,pp,-13.030348777770996
1066,final,pp,-15.532440185546875
1067,final,pp,-9.86858081817627
1068,final,pp,-11.978911399841309
1069,final,pp,-7.818233966827393
1070,final,pp,-18.54538345336914
1071,final,pp,-10.150277137756348
1072,final,pp,-16.561634063720703
1073,final,pp,-12.472309112548828
1074,final,pp,-21.74523162841797
1075,final,pp,-15.21710205078125
1076,final,pp,-15.658069610595703
1077,final,do,-16.53605842590332
1078,final,do,-16.467025756835938
1079,final,do,-14.318772315979004
1080,final,do,-17.28789710998535
1081,final,do,-14.28072738647461
1082,final,do,-14.69836711883545
1083,final,do,-17.154489517211914
1084,final,do,-17.35648536682129
1085,final,do,-15.585577964782715
1086,final,do,-12.733386039733887
1087,final,do,-16.011152267456055
1088,final,do,-12.699020385742188
1089,final,do,-9.93256950378418
1090,final,do,-16.68656349182129
1091,final,do,-15.372185707092285
1092,final,do,-13.498420715332031
1093,final,do,-15.354698181152344
1094,final,do,-16.92073631286621
1095,final,do,-9.784900665283203
1096,final,do,-16.29374122619629
1097,final,do,-18.780378341674805
1098,final,do,-13.096142768859863
1099,final,do,-13.858131408691406
1100,final,do,-13.143386840820312
1101,final,do,-17.38016700744629
1102,final,do,-15.779805183410645
1103,final,do,-16.04410171508789
1104,final,do,-15.01856517791748
1105,final,do,-15.077507972717285
1106,final,do,-12.38061809539795
1107,final,do,-13.096142768859863
1108,final,do,-18.666166305541992
1109,final,do,-8.499133110046387
1110,final,do,-17.4757137298584
1111,final,do,-12.794421195983887
1112,final,do,-11.964309692382812
1113,final,do,-15.11916446685791
1114,final,do,-18.76161003112793
1115,final,do,-16.076757431030273
1116,final,do,-17.5844669342041
1117,final,do,-16.406042098999023
1118,final,do,-10.223219871520996
1119,final,do,-6.877094268798828
1120,final,pp,-14.52956485748291
1121,final,pp,-14.250448226928711
1122,final,pp,-12.025378227233887
1123,final,pp,-15.03099250793457
1124,final,pp,-12.094685554504395
1125,final,pp,-13.036035537719727
1126,final,pp,-14.705653190612793
1127,final,pp,-15.714162826538086
1128,final,pp,-13.782662391662598
1129,final,pp,-11.80666446685791
1130,final,pp,-14.980095863342285
1131,final,pp,-12.424166679382324
1132,final,pp,-7.791478633880615
1133,final,pp,-13.98884391784668
1134,final,pp,-12.456588745117188
1135,final,pp,-13.065293312072754
1136,final,pp,-11.897688865661621
1137,final,pp,-15.06226634979248
1138,final,pp,-9.527095794677734
1139,final,pp,-13.34263801574707
1140,final,do,-15.562134742736816
1141,final,do,-13.51004409790039
1142,final,do,-9.014513969421387
1143,final,do,-15.55904483795166
1144,final,do,-12.904228210449219
1145,final,do,-12.237299919128418
1146,final,do,-15.562134742736816
1147,final,do,-10.098559379577637
1148,final,do,-12.479591369628906
1149,final,do,-9.60431957244873
1150,final,do,-8.939894676208496
1151,final,do,-16.998327255249023
1152,final,do,-15.8714599609375
1153,final,do,-17.08894157409668
1154,final,do,-14.976824760437012
1155,final,do,-8.68915843963623
1156,final,do,-9.84090518951416
1157,final,do,-9.85151481628418
1158,final,do,-19.979164123535156
1159,final,do,-15.595516204833984
1160,final,do,-14.600422859191895
1161,final,do,-8.67490291595459
1162,final,do,-12.784543991088867
1163,final,do,-11.932722091674805
1164,final,do,-13.51004409790039
1165,final,do,-14.072770118713379
1166,final,do,-15.889827728271484
1167,final,do,-10.963091850280762
1168,final,do,-15.506443977355957
1169,final,do,-10.406892776489258
1170,final,do,-11.738479614257812
1171,final,do,-14.290671348571777
1172,final,do,-9.84090518951416
1173,final,do,-12.747849464416504
1174,final,do,-19.192337036132812
1175,final,do,-19.192337036132812
1176,final,do,-17.829814910888672
1177,final,do,-19.543540954589844
1178,final,do,-13.763751029968262
1179,final,do,-8.68915843963623
1180,final,do,-12.784543991088867
1181,final,do,-16.590578079223633
1182,final,do,-10.963091850280762
1183,final,pp,-13.32733154296875
1184,final,pp,-12.922807693481445
1185,final,pp,-8.68106460571289
1186,final,pp,-12.794675827026367
1187,final,pp,-12.689451217651367
1188,final,pp,-11.084161758422852
1189,final,pp,-13.327336311340332
1190,final,pp,-8.582437515258789
1191,final,pp,-10.40207576751709
1192,final,pp,-10.449849128723145
1193,final,pp,-8.870209693908691
1194,final,pp,-15.298545837402344
1195,final,pp,-12.905492782592773
1196,final,pp,-14.596739768981934
1197,final,pp,-12.866253852844238
1198,final,pp,-8.268176078796387
1199,final,pp,-11.253416061401367
1200,final,pp,-9.390963554382324
1201,final,pp,-19.079694747924805
1202,final,pp,-12.396296501159668
1203,final,do,-12.704325675964355
1204,final,do,-11.381296157836914
1205,final,do,-13.449398040771484
1206,final,do,-14.29182243347168
1207,final,do,-8.816394805908203
1208,final,do,-11.236374855041504
1209,final,do,-13.818643569946289
1210,final,do,-10.071084022521973
1211,final,do,-8.426368713378906
1212,final,do,-11.409642219543457
1213,final,do,-10.074801445007324
1214,final,do,-6.9655280113220215
1215,final,do,-8.136026382446289
1216,final,do,-11.563488006591797
1217,final,do,-11.1808443069458
1218,final,do,-9.80514907836914
1219,final,do,-11.347407341003418
1220,final,do,-13.897015571594238
1221,final,do,-8.30728530883789
1222,final,do,-8.684972763061523
1223,final,do,-8.378223419189453
1224,final,do,-14.924445152282715
1225,final,do,-14.152735710144043
1226,final,do,-12.277779579162598
1227,final,do,-10.537009239196777
1228,final,do,-12.541104316711426
1229,final,do,-12.092024803161621
1230,final,do,-15.012402534484863
1231,final,do,-16.64765167236328
1232,final,do,-8.03005313873291
1233,final,do,-16.037248611450195
1234,final,do,-17.55511474609375
1235,final,do,-11.412773132324219
1236,final,do,-10.746253967285156
1237,final,do,-12.833259582519531
1238,final,do,-12.10814094543457
1239,final,do,-6.368394374847412
1240,final,do,-10.30739974975586
1241,final,do,-10.117944717407227
1242,final,do,-8.421392440795898
1243,final,do,-7.064011573791504
1244,final,do,-7.638504981994629
1245,final,do,-7.961327075958252
1246,final,pp,-13.709033966064453
1247,final,pp,-12.125102043151855
1248,final,pp,-14.212163925170898
1249,final,pp,-14.800960540771484
1250,final,pp,-11.48067855834961
1251,final,pp,-12.380576133728027
1252,final,pp,-13.040907859802246
1253,final,pp,-13.254201889038086
1254,final,pp,-9.074699401855469
1255,final,pp,-13.033673286437988
1256,final,pp,-10.91968822479248
1257,final,pp,-7.891878604888916
1258,final,pp,-9.420400619506836
1259,final,pp,-13.173959732055664
1260,final,pp,-10.964104652404785
1261,final,pp,-12.03130054473877
1262,final,pp,-12.163895606994629
1263,final,pp,-16.37908935546875
1264,final,pp,-7.939050197601318
1265,final,pp,-7.997433185577393
1266,final,do,-14.1191987991333
1267,final,do,-15.025300025939941
1268,final,do,-10.785721778869629
1269,final,do,-7.692742824554443
1270,final,do,-8.18095874786377
1271,final,do,-15.102715492248535
1272,final,do,-18.528684616088867
1273,final,do,-15.760499000549316
1274,final,do,-8.002427101135254
1275,final,do,-16.786996841430664
1276,final,do,-11.743969917297363
1277,final,do,-9.255385398864746
1278,final,do,-12.887009620666504
1279,final,do,-9.297794342041016
1280,final,do,-13.860823631286621
1281,final,do,-16.1806697845459
1282,final,do,-11.605523109436035
1283,final,do,-14.948088645935059
1284,final,do,-11.760320663452148
1285,final,do,-13.722058296203613
1286,final,do,-11.20639419555664
1287,final,do,-15.121495246887207
1288,final,do,-13.408768653869629
1289,final,do,-16.79505729675293
1290,final,do,-9.148348808288574
1291,final,do,-15.703895568847656
1292,final,do,-10.12226676940918
1293,final,do,-14.948413848876953
1294,final,do,-15.644244194030762
1295,final,do,-15.547198295593262
1296,final,do,-13.680561065673828
1297,final,do,-14.788290977478027
1298,final,do,-12.310009002685547
1299,final,do,-8.74842357635498
1300,final,do,-13.623162269592285
1301,final,do,-12.85912036895752
1302,final,do,-12.548001289367676
1303,final,do,-13.319396018981934
1304,final,do,-8.571269035339355
1305,final,do,-7.737041473388672
1306,final,do,-15.952492713928223
1307,final,do,-12.472208023071289
1308,final,do,-18.391691207885742
1309,final,pp,-14.185007095336914
1310,final,pp,-15.046499252319336
1311,final,pp,-11.198080062866211
1312,final,pp,-7.931581974029541
1313,final,pp,-10.447793960571289
1314,final,pp,-12.452051162719727
1315,final,pp,-17.316234588623047
1316,final,pp,-15.341117858886719
1317,final,pp,-9.59654712677002
1318,final,pp,-18.45911979675293
1319,final,pp,-12.730745315551758
1320,final,pp,-10.573287963867188
1321,final,pp,-13.002792358398438
1322,final,pp,-6.87921667098999
1323,final,pp,-12.015625
1324,final,pp,-14.921875953674316
1325,final,pp,-12.246819496154785
1326,final,pp,-13.44079303741455
1327,final,pp,-10.230396270751953
1328,final,pp,-13.28892993927002
1329,final,pp,-9.319150924682617
1330,final,pp,-16.599390029907227
1331,final,pp,-16.23293685913086
1332,final,pp,-21.00233268737793
1333,final,pp,-15.758121490478516
1334,final,pp,-16.62689208984375
1335,final,pp,-15.491543769836426
1336,final,pp,-14.088321685791016
1337,final,pp,-16.03476333618164
1338,final,pp,-14.800870895385742
1339,final,pp,-13.320176124572754
1340,final,pp,-15.490763664245605
1341,final,pp,-12.923905372619629
1342,final,pp,-14.021385192871094
1343,final,pp,-19.014446258544922
1344,final,pp,-9.369391441345215
1345,final,pp,-17.061296463012695
1346,final,pp,-13.966597557067871
1347,final,pp,-14.547943115234375
1348,final,pp,-8.511893272399902
1349,final,pp,-14.425281524658203
1350,final,pp,-14.243297576904297
1351,final,pp,-9.236518859863281
1352,final,pp,-13.42872142791748
1353,final,pp,-17.768089294433594
1354,final,pp,-10.247142791748047
1355,final,pp,-8.558707237243652
1356,final,pp,-8.565473556518555
1357,final,pp,-12.098726272583008
1358,final,pp,-16.331117630004883
1359,final,pp,-13.967747688293457
1360,final,pp,-8.279802322387695
1361,final,pp,-13.00006103515625
1362,final,pp,-14.676949501037598
1363,final,pp,-15.188469886779785
1364,final,pp,-14.482906341552734
1365,final,pp,-14.092740058898926
1366,final,pp,-14.899211883544922
1367,final,pp,-13.431588172912598
1368,final,pp,-19.388504028320312
1,best,pp,-9.585906028747559
2,best,pp,-11.139567375183105
3,best,pp,-9.60865306854248
4,best,pp,-11.278780937194824
5,best,pp,-9.297652244567871
6,best,pp,-10.695472717285156
7,best,pp,-10.906861305236816
8,best,pp,-10.784459114074707
9,best,pp,-7.5471014976501465
10,best,pp,-8.396952629089355
11,best,pp,-11.1821928024292
12,best,pp,-7.376440048217773
13,best,pp,-10.833317756652832
14,best,pp,-7.598584175109863
15,best,pp,-9.269826889038086
16,best,pp,-10.784459114074707
17,best,pp,-9.137228012084961
18,best,pp,-4.945912837982178
19,best,pp,-5.956827640533447
20,best,pp,-7.503489971160889
21,best,pp,-9.515727043151855
22,best,pp,-11.25015640258789
23,best,pp,-9.180680274963379
24,best,pp,-9.806131362915039
25,best,pp,-11.410138130187988
26,best,pp,-10.569633483886719
27,best,pp,-9.333085060119629
28,best,pp,-9.818779945373535
29,best,pp,-7.333017826080322
30,best,pp,-11.178263664245605
31,best,pp,-10.96749496459961
32,best,pp,-9.806131362915039
33,best,pp,-10.384747505187988
34,best,pp,-11.487309455871582
35,best,pp,-7.744542121887207
36,best,pp,-7.815205097198486
37,best,pp,-7.333019256591797
38,best,pp,-7.342412948608398
39,best,pp,-6.383903980255127
40,best,pp,-11.1876802444458
41,best,pp,-7.347476482391357
42,best,pp,-7.337274551391602
43,best,pp,-6.539826393127441
44,best,pp,-10.013592720031738
45,best,pp,-6.5432448387146
46,best,pp,-10.406180381774902
47,best,pp,-9.939494132995605
48,best,pp,-8.758050918579102
49,best,pp,-6.81985330581665
50,best,pp,-7.766570091247559
51,best,pp,-9.837471961975098
52,best,pp,-7.21108865737915
53,best,pp,-8.842985153198242
54,best,pp,-9.75148868560791
55,best,pp,-9.439462661743164
56,best,pp,-4.2119669914245605
57,best,pp,-7.0618743896484375
58,best,pp,-9.51782512664795
59,best,pp,-9.097891807556152
60,best,pp,-9.401837348937988
61,best,pp,-10.869837760925293
62,best,pp,-7.274888038635254
63,best,pp,-6.008676052093506
64,best,pp,-11.219696044921875
65,best,pp,-11.048139572143555
66,best,pp,-11.282734870910645
67,best,pp,-7.784695148468018
68,best,pp,-8.090254783630371
69,best,pp,-10.892462730407715
70,best,pp,-10.198214530944824
71,best,pp,-7.349442481994629
72,best,pp,-8.61904239654541
73,best,pp,-10.870262145996094
74,best,pp,-11.548235893249512
75,best,pp,-9.042109489440918
76,best,pp,-8.75504207611084
77,best,pp,-11.206562042236328
78,best,pp,-6.286006450653076
79,best,pp,-9.67591667175293
80,best,pp,-11.536791801452637
81,best,pp,-7.173261642456055
82,best,pp,-8.070910453796387
83,best,pp,-9.742650985717773
84,best,pp,-8.888012886047363
85,best,pp,-8.070910453796387
86,best,pp,-8.731117248535156
87,best,pp,-7.725771903991699
88,best,pp,-7.336982727050781
89,best,pp,-9.105838775634766
90,best,pp,-8.339078903198242
91,best,pp,-9.771116256713867
92,best,pp,-9.75657844543457
93,best,pp,-10.537066459655762
94,best,pp,-8.080249786376953
95,best,pp,-8.075310707092285
96,best,pp,-8.19719123840332
97,best,pp,-11.247690200805664
98,best,pp,-10.450634002685547
99,best,pp,-8.4761323928833
100,best,pp,-6.46591854095459
101,best,pp,-10.557297706604004
102,best,pp,-9.993636131286621
103,best,pp,-11.554525375366211
104,best,pp,-9.294035911560059
105,best,pp,-5.673507213592529
106,best,pp,-10.137200355529785
107,best,pp,-7.018855571746826
108,best,pp,-9.648472785949707
109,best,pp,-10.524637222290039
110,best,pp,-8.892786979675293
111,best,pp,-7.602274417877197
112,best,pp,-11.066169738769531
113,best,pp,-9.665942192077637
114,best,pp,-10.495707511901855
115,best,pp,-10.847869873046875
116,best,pp,-4.497910499572754
117,best,pp,-11.937623023986816
118,best,pp,-10.294376373291016
119,best,pp,-9.35163402557373
120,best,pp,-8.225481986999512
121,best,pp,-10.943692207336426
122,best,pp,-11.048689842224121
123,best,pp,-11.142033576965332
124,best,pp,-7.601543426513672
125,best,pp,-4.9937615394592285
126,best,pp,-6.193601608276367
127,best,pp,-8.415223121643066
128,best,pp,-11.536099433898926
129,best,pp,-9.427660942077637
130,best,pp,-8.27773380279541
131,best,pp,-9.427660942077637
132,best,pp,-11.048689842224121
133,best,pp,-11.179518699645996
134,best,pp,-9.522947311401367
135,best,pp,-11.048689842224121
136,best,pp,-6.193603515625
137,best,pp,-9.751782417297363
138,best,pp,-7.523406505584717
139,best,pp,-5.816793918609619
140,best,pp,-10.750808715820312
141,best,pp,-6.321138858795166
142,best,pp,-8.243181228637695
143,best,pp,-7.436785697937012
144,best,pp,-11.694908142089844
145,best,pp,-4.21306848526001
146,best,pp,-5.868566036224365
147,best,pp,-8.92616081237793
148,best,pp,-9.81527328491211
149,best,pp,-8.685097694396973
150,best,pp,-7.175086975097656
151,best,pp,-9.42093276977539
152,best,pp,-8.920040130615234
153,best,pp,-8.639948844909668
154,best,pp,-8.829214096069336
155,best,pp,-10.447982788085938
156,best,pp,-10.087553977966309
157,best,pp,-9.138885498046875
158,best,pp,-8.094756126403809
159,best,pp,-5.503655433654785
160,best,pp,-8.860861778259277
161,best,pp,-10.534459114074707
162,best,pp,-8.653573989868164
163,best,pp,-9.806958198547363
164,best,pp,-4.1276397705078125
165,best,pp,-9.371326446533203
166,best,pp,-7.2819294929504395
167,best,pp,-11.579330444335938
168,best,pp,-9.281804084777832
169,best,pp,-9.633988380432129
170,best,pp,-9.536783218383789
171,best,pp,-9.806958198547363
172,best,pp,-8.73918342590332
173,best,pp,-8.325918197631836
174,best,pp,-12.233795166015625
175,best,pp,-7.571539402008057
176,best,pp,-9.371326446533203
177,best,pp,-6.020925998687744
178,best,pp,-10.070504188537598
179,best,pp,-8.739377975463867
180,best,pp,-10.758681297302246
181,best,pp,-9.102580070495605
182,best,pp,-10.876056671142578
183,best,pp,-9.019463539123535
184,best,pp,-10.23505973815918
185,best,pp,-8.593034744262695
186,best,pp,-9.205300331115723
187,best,pp,-6.826491832733154
188,best,pp,-6.715322017669678
189,best,pp,-9.641159057617188
190,best,pp,-9.285787582397461
191,best,pp,-9.836385726928711
192,best,pp,-8.570730209350586
193,best,pp,-6.603452205657959
194,best,pp,-5.762135028839111
195,best,pp,-9.424795150756836
196,best,pp,-8.95565128326416
197,best,pp,-10.197091102600098
198,best,pp,-5.760769844055176
199,best,pp,-9.979310035705566
200,best,pp,-10.184751510620117
201,best,pp,-8.789994239807129
202,best,pp,-3.900428295135498
203,best,pp,-11.217809677124023
204,best,pp,-8.518662452697754
205,best,pp,-10.704263687133789
206,best,pp,-7.384769439697266
207,best,pp,-10.181544303894043
208,best,pp,-7.7765631675720215
209,best,pp,-10.21985912322998
210,best,pp,-7.395359992980957
211,best,pp,-8.738563537597656
212,best,pp,-10.843273162841797
213,best,pp,-4.8607096672058105
214,best,pp,-7.732039451599121
215,best,pp,-9.507640838623047
216,best,pp,-8.285856246948242
217,best,pp,-5.511729717254639
218,best,pp,-9.28877067565918
219,best,pp,-11.09842586517334
220,best,pp,-9.173727035522461
221,best,do,-9.89307689666748
222,best,do,-9.055659294128418
223,best,do,-7.442561626434326
224,best,do,-5.211589813232422
225,best,do,-10.889839172363281
226,best,do,-7.88753080368042
227,best,do,-9.43498706817627
228,best,do,-10.080361366271973
229,best,do,-10.848808288574219
230,best,do,-8.58613109588623
231,best,do,-11.112332344055176
232,best,do,-9.719099044799805
233,best,do,-10.901171684265137
234,best,do,-10.080361366271973
235,best,do,-4.290010452270508
236,best,do,-7.80509090423584
237,best,do,-9.851408004760742
238,best,do,-7.7654266357421875
239,best,do,-10.784186363220215
240,best,do,-7.920347690582275
241,best,do,-10.901171684265137
242,best,do,-9.605504035949707
243,best,do,-9.656915664672852
244,best,do,-7.7654266357421875
245,best,do,-10.442930221557617
246,best,do,-7.754428386688232
247,best,do,-7.973089694976807
248,best,do,-7.943533420562744
249,best,do,-7.905181884765625
250,best,do,-5.640814781188965
251,best,do,-11.489557266235352
252,best,do,-10.691564559936523
253,best,do,-10.13562297821045
254,best,do,-8.577286720275879
255,best,do,-10.344785690307617
256,best,do,-10.788615226745605
257,best,do,-10.453991889953613
258,best,do,-8.577286720275879
259,best,do,-7.746937274932861
260,best,do,-11.489557266235352
261,best,do,-5.640814781188965
262,best,do,-7.748814105987549
263,best,do,-8.59329605102539
264,best,pp,-8.505194664001465
265,best,pp,-8.681034088134766
266,best,pp,-6.956899642944336
267,best,pp,-5.109111309051514
268,best,pp,-9.846124649047852
269,best,pp,-7.86717414855957
270,best,pp,-8.640351295471191
271,best,pp,-9.314443588256836
272,best,pp,-10.27568531036377
273,best,pp,-8.242430686950684
274,best,pp,-9.371628761291504
275,best,pp,-8.93686294555664
276,best,pp,-9.937432289123535
277,best,pp,-9.314443588256836
278,best,pp,-4.626411437988281
279,best,pp,-7.354988098144531
280,best,pp,-8.851760864257812
281,best,pp,-7.387711524963379
282,best,pp,-8.540581703186035
283,best,pp,-7.751545429229736
284,best,do,-7.813952922821045
285,best,do,-3.9257969856262207
286,best,do,-10.969169616699219
287,best,do,-8.931882858276367
288,best,do,-9.02995491027832
289,best,do,-6.062393665313721
290,best,do,-8.941155433654785
291,best,do,-9.240857124328613
292,best,do,-9.02995491027832
293,best,do,-9.211268424987793
294,best,do,-7.592520236968994
295,best,do,-9.556020736694336
296,best,do,-7.453779697418213
297,best,do,-9.52186393737793
298,best,do,-8.08612060546875
299,best,do,-10.469269752502441
300,best,do,-9.120436668395996
301,best,do,-5.332095146179199
302,best,do,-10.605599403381348
303,best,do,-8.291894912719727
304,best,do,-5.113097190856934
305,best,do,-8.941155433654785
306,best,do,-7.389156341552734
307,best,do,-6.467086315155029
308,best,do,-8.931882858276367
309,best,do,-8.43305778503418
310,best,do,-7.768312931060791
311,best,do,-9.248845100402832
312,best,do,-8.931882858276367
313,best,do,-11.023005485534668
314,best,do,-8.690401077270508
315,best,do,-8.792623519897461
316,best,do,-10.558316230773926
317,best,do,-11.527054786682129
318,best,do,-7.768312931060791
319,best,do,-5.332095146179199
320,best,do,-7.960694789886475
321,best,do,-7.903076171875
322,best,do,-10.969168663024902
323,best,do,-10.373543739318848
324,best,do,-7.580376625061035
325,best,do,-8.816855430603027
326,best,do,-10.617229461669922
327,best,pp,-7.031574726104736
328,best,pp,-3.984067916870117
329,best,pp,-9.831948280334473
330,best,pp,-7.970189094543457
331,best,pp,-8.222641944885254
332,best,pp,-5.26295280456543
333,best,pp,-8.089466094970703
334,best,pp,-8.669902801513672
335,best,pp,-8.222641944885254
336,best,pp,-7.0182085037231445
337,best,pp,-7.2221221923828125
338,best,pp,-8.265040397644043
339,best,pp,-6.770107269287109
340,best,pp,-8.643342971801758
341,best,pp,-7.263848781585693
342,best,pp,-9.661001205444336
343,best,pp,-8.574169158935547
344,best,pp,-5.321811676025391
345,best,pp,-9.32377815246582
346,best,pp,-7.866702556610107
347,best,do,-8.751951217651367
348,best,do,-7.298675537109375
349,best,do,-8.539749145507812
350,best,do,-6.897887706756592
351,best,do,-9.224308967590332
352,best,do,-7.047235012054443
353,best,do,-8.210124969482422
354,best,do,-8.420665740966797
355,best,do,-5.621999263763428
356,best,do,-6.5793609619140625
357,best,do,-7.45573091506958
358,best,do,-9.807817459106445
359,best,do,-9.090987205505371
360,best,do,-6.885853290557861
361,best,do,-7.437778949737549
362,best,do,-8.077537536621094
363,best,do,-9.257122039794922
364,best,do,-6.116942405700684
365,best,do,-9.016097068786621
366,best,do,-7.5291056632995605
367,best,do,-8.983115196228027
368,best,do,-7.542139530181885
369,best,do,-6.142300128936768
370,best,do,-3.76161789894104
371,best,do,-9.579301834106445
372,best,do,-9.54097843170166
373,best,do,-4.744448661804199
374,best,do,-9.970593452453613
375,best,do,-7.215672016143799
376,best,do,-8.727034568786621
377,best,do,-7.535950660705566
378,best,do,-8.004840850830078
379,best,do,-7.851362228393555
380,best,do,-7.3567352294921875
381,best,do,-10.460807800292969
382,best,do,-8.50515079498291
383,best,do,-7.981118679046631
384,best,do,-9.579301834106445
385,best,do,-4.163403034210205
386,best,do,-4.744448184967041
387,best,do,-7.868276596069336
388,best,do,-5.304934024810791
389,best,do,-10.759316444396973
390,best,pp,-8.21119499206543
391,best,pp,-6.9513773918151855
392,best,pp,-8.42164421081543
393,best,pp,-6.576981544494629
394,best,pp,-8.17631721496582
395,best,pp,-6.5734381675720215
396,best,pp,-7.875244140625
397,best,pp,-7.99625301361084
398,best,pp,-5.3715314865112305
399,best,pp,-6.035147190093994
400,best,pp,-7.241320610046387
401,best,pp,-9.201029777526855
402,best,pp,-8.627373695373535
403,best,pp,-6.8198394775390625
404,best,pp,-6.699402809143066
405,best,pp,-7.141131401062012
406,best,pp,-8.626657485961914
407,best,pp,-5.798066139221191
408,best,pp,-8.32030200958252
409,best,pp,-7.368231296539307
410,best,do,-8.317261695861816
411,best,do,-8.475179672241211
412,best,do,-7.234955310821533
413,best,do,-11.295023918151855
414,best,do,-7.370959281921387
415,best,do,-9.11746597290039
416,best,do,-8.06685733795166
417,best,do,-6.6865997314453125
418,best,do,-6.9291863441467285
419,best,do,-7.698799133300781
420,best,do,-12.115263938903809
421,best,do,-10.659673690795898
422,best,do,-11.282492637634277
423,best,do,-11.810538291931152
424,best,do,-8.940154075622559
425,best,do,-9.927861213684082
426,best,do,-4.065975189208984
427,best,do,-8.914617538452148
428,best,do,-8.929633140563965
429,best,do,-5.6898980140686035
430,best,do,-11.169703483581543
431,best,do,-10.514878273010254
432,best,do,-8.914617538452148
433,best,do,-7.531705379486084
434,best,do,-11.199238777160645
435,best,do,-7.167319297790527
436,best,do,-11.308503150939941
437,best,do,-10.916457176208496
438,best,do,-8.495339393615723
439,best,do,-8.73620319366455
440,best,do,-9.759848594665527
441,best,do,-9.538103103637695
442,best,do,-8.60697078704834
443,best,do,-8.10299015045166
444,best,do,-7.003410339355469
445,best,do,-9.153624534606934
446,best,do,-9.927861213684082
447,best,do,-9.425615310668945
448,best,do,-7.391057968139648
449,best,do,-5.287997722625732
450,best,do,-10.641823768615723
451,best,do,-9.435728073120117
452,best,do,-9.508415222167969
453,best,pp,-7.823655128479004
454,best,pp,-6.902810573577881
455,best,pp,-6.916957855224609
456,best,pp,-10.470185279846191
457,best,pp,-6.797658443450928
458,best,pp,-8.59811019897461
459,best,pp,-7.65784215927124
460,best,pp,-6.573761463165283
461,best,pp,-7.149318695068359
462,best,pp,-7.174988746643066
463,best,pp,-11.068045616149902
464,best,pp,-9.880572319030762
465,best,pp,-10.473196029663086
466,best,pp,-10.57707405090332
467,best,pp,-8.335302352905273
468,best,pp,-9.45106315612793
469,best,pp,-3.928812026977539
470,best,pp,-8.184877395629883
471,best,pp,-8.252793312072754
472,best,pp,-5.893928050994873
473,best,pp,-7.915798664093018
474,best,pp,-8.45504379272461
475,best,pp,-7.931215286254883
476,best,pp,-9.035527229309082
477,best,pp,-7.308384418487549
478,best,pp,-5.310925483703613
479,best,pp,-7.767091751098633
480,best,pp,-9.629258155822754
481,best,pp,-7.326661109924316
482,best,pp,-9.265631675720215
483,best,pp,-7.5287065505981445
484,best,pp,-9.300046920776367
485,best,pp,-10.13278579711914
486,best,pp,-6.472898006439209
487,best,pp,-8.171337127685547
488,best,pp,-6.969209671020508
489,best,pp,-7.065956115722656
490,best,pp,-9.531620025634766
491,best,pp,-7.251413822174072
492,best,pp,-8.872132301330566
493,best,do,-12.747262001037598
494,best,do,-12.98758602142334
495,best,do,-8.786733627319336
496,best,do,-11.28266716003418
497,best,do,-11.18073558807373
498,best,do,-7.766494274139404
499,best,do,-6.794909477233887
500,best,do,-13.12468147277832
501,best,do,-9.34383487701416
502,best,do,-8.586915016174316
503,best,do,-7.056156158447266
504,best,do,-11.490918159484863
505,best,do,-12.024656295776367
506,best,do,-8.171188354492188
507,best,do,-9.741250991821289
508,best,do,-9.421802520751953
509,best,do,-11.922819137573242
510,best,do,-12.3887939453125
511,best,do,-9.140630722045898
512,best,do,-7.3528900146484375
513,best,do,-12.044112205505371
514,best,do,-12.152204513549805
515,best,do,-13.058004379272461
516,best,do,-12.329444885253906
517,best,do,-8.174477577209473
518,best,do,-9.081085205078125
519,best,do,-12.73047924041748
520,best,do,-8.79506778717041
521,best,do,-13.123603820800781
522,best,do,-10.18012523651123
523,best,do,-11.434295654296875
524,best,do,-12.157783508300781
525,best,do,-9.358551025390625
526,best,do,-13.634958267211914
527,best,do,-7.703752040863037
528,best,do,-8.989544868469238
529,best,do,-8.989544868469238
530,best,do,-13.881024360656738
531,best,do,-11.802334785461426
532,best,do,-13.760043144226074
533,best,do,-9.570619583129883
534,best,do,-6.720384120941162
535,best,do,-9.82405948638916
536,best,pp,-11.283124923706055
537,best,pp,-11.722461700439453
538,best,pp,-7.642009258270264
539,best,pp,-9.766829490661621
540,best,pp,-9.740824699401855
541,best,pp,-7.40221643447876
542,best,pp,-5.910995006561279
543,best,pp,-11.865241050720215
544,best,pp,-8.25062084197998
545,best,pp,-7.96281623840332
546,best,pp,-6.091659069061279
547,best,pp,-10.116661071777344
548,best,pp,-10.943184852600098
549,best,pp,-7.392364978790283
550,best,pp,-8.623470306396484
551,best,pp,-8.404585838317871
552,best,pp,-10.16601276397705
553,best,pp,-10.901488304138184
554,best,pp,-7.332247257232666
555,best,pp,-6.8603081703186035
556,best,do,-11.436686515808105
557,best,do,-13.838691711425781
558,best,do,-12.715727806091309
559,best,do,-13.44847297668457
560,best,do,-12.363374710083008
561,best,do,-11.137123107910156
562,best,do,-12.365182876586914
563,best,do,-13.577398300170898
564,best,do,-13.838691711425781
565,best,do,-11.972168922424316
566,best,do,-3.603919267654419
567,best,do,-9.375810623168945
568,best,do,-12.424280166625977
569,best,do,-13.028141975402832
570,best,do,-8.895976066589355
571,best,do,-10.098058700561523
572,best,do,-9.38511848449707
573,best,do,-7.545458793640137
574,best,do,-7.545458793640137
575,best,do,-12.63862133026123
576,best,do,-11.26918888092041
577,best,do,-9.10307788848877
578,best,do,-9.38511848449707
579,best,do,-8.539558410644531
580,best,do,-8.806133270263672
581,best,do,-12.424280166625977
582,best,do,-11.864669799804688
583,best,do,-8.941984176635742
584,best,do,-3.887810468673706
585,best,do,-11.63986873626709
586,best,do,-12.291839599609375
587,best,do,-9.10125732421875
588,best,do,-8.941984176635742
589,best,do,-10.325819969177246
590,best,do,-9.9453763961792
591,best,do,-8.635581016540527
592,best,do,-10.381628036499023
593,best,do,-8.635581016540527
594,best,do,-13.827549934387207
595,best,do,-12.715727806091309
596,best,do,-9.773748397827148
597,best,do,-12.424280166625977
598,best,do,-11.972168922424316
599,best,pp,-10.027178764343262
600,best,pp,-12.049903869628906
601,best,pp,-11.236835479736328
602,best,pp,-11.360821723937988
603,best,pp,-10.95693302154541
604,best,pp,-9.816559791564941
605,best,pp,-11.32829475402832
606,best,pp,-11.11050033569336
607,best,pp,-12.049903869628906
608,best,pp,-10.372075080871582
609,best,pp,-3.4911561012268066
610,best,pp,-8.324018478393555
611,best,pp,-10.884038925170898
612,best,pp,-11.655774116516113
613,best,pp,-7.862727165222168
614,best,pp,-8.29181957244873
615,best,pp,-8.43813705444336
616,best,pp,-5.986332416534424
617,best,pp,-5.986332416534424
618,best,pp,-10.567687034606934
619,best,do,-7.00827169418335
620,best,do,-7.346215724945068
621,best,do,-8.373261451721191
622,best,do,-8.360058784484863
623,best,do,-8.23194408416748
624,best,do,-7.016955852508545
625,best,do,-9.973200798034668
626,best,do,-5.952596187591553
627,best,do,-10.559898376464844
628,best,do,-6.646000385284424
629,best,do,-7.982166290283203
630,best,do,-7.006714820861816
631,best,do,-8.303213119506836
632,best,do,-6.55105447769165
633,best,do,-7.91209602355957
634,best,do,-10.078581809997559
635,best,do,-8.21347713470459
636,best,do,-9.683095932006836
637,best,do,-8.303213119506836
638,best,do,-6.0597124099731445
639,best,do,-7.79358434677124
640,best,do,-7.939259052276611
641,best,do,-8.840219497680664
642,best,do,-11.593986511230469
643,best,do,-9.93216609954834
644,best,do,-4.282444477081299
645,best,do,-12.541977882385254
646,best,do,-10.913172721862793
647,best,do,-10.309737205505371
648,best,do,-10.299057006835938
649,best,do,-9.631741523742676
650,best,do,-12.457414627075195
651,best,do,-10.399271965026855
652,best,do,-9.9116849899292
653,best,do,-6.844351291656494
654,best,do,-6.9274468421936035
655,best,do,-10.955378532409668
656,best,do,-9.713376998901367
657,best,do,-11.934036254882812
658,best,do,-8.303213119506836
659,best,do,-8.817928314208984
660,best,do,-10.198637008666992
661,best,do,-5.4909210205078125
662,best,pp,-6.382120132446289
663,best,pp,-6.34721565246582
664,best,pp,-7.512258529663086
665,best,pp,-7.346357345581055
666,best,pp,-7.659270763397217
667,best,pp,-6.751450061798096
668,best,pp,-8.913856506347656
669,best,pp,-5.439159870147705
670,best,pp,-9.743314743041992
671,best,pp,-6.119687557220459
672,best,pp,-7.205016136169434
673,best,pp,-6.543504238128662
674,best,pp,-7.472218990325928
675,best,pp,-6.00262451171875
676,best,pp,-7.065816402435303
677,best,pp,-9.582911491394043
678,best,pp,-7.418583393096924
679,best,pp,-8.82845687866211
680,best,pp,-7.472218990325928
681,best,pp,-5.508440017700195
682,best,do,-9.195234298706055
683,best,do,-9.312524795532227
684,best,do,-3.9611809253692627
685,best,do,-8.547167778015137
686,best,do,-9.637014389038086
687,best,do,-5.104489326477051
688,best,do,-10.295186996459961
689,best,do,-13.389297485351562
690,best,do,-12.272427558898926
691,best,do,-8.984919548034668
692,best,do,-11.439363479614258
693,best,do,-11.914704322814941
694,best,do,-11.8737211227417
695,best,do,-11.812252044677734
696,best,do,-7.354820251464844
697,best,do,-11.916213989257812
698,best,do,-10.742423057556152
699,best,do,-6.290843963623047
700,best,do,-9.616128921508789
701,best,do,-9.862926483154297
702,best,do,-8.869257926940918
703,best,do,-4.5092644691467285
704,best,do,-13.275813102722168
705,best,do,-10.72530746459961
706,best,do,-3.8799376487731934
707,best,do,-12.324869155883789
708,best,do,-10.144698143005371
709,best,do,-11.419051170349121
710,best,do,-14.130477905273438
711,best,do,-12.296158790588379
712,best,do,-11.547748565673828
713,best,do,-14.059202194213867
714,best,do,-13.484240531921387
715,best,do,-13.438654899597168
716,best,do,-13.474014282226562
717,best,do,-13.328208923339844
718,best,do,-11.973416328430176
719,best,do,-13.27873420715332
720,best,do,-11.84497356414795
721,best,do,-13.218714714050293
722,best,do,-7.995036602020264
723,best,do,-11.447295188903809
724,best,do,-8.83569622039795
725,best,pp,-8.03411865234375
726,best,pp,-7.723209857940674
727,best,pp,-3.882509469985962
728,best,pp,-7.931509017944336
729,best,pp,-9.007256507873535
730,best,pp,-4.222731113433838
731,best,pp,-8.91959285736084
732,best,pp,-12.006893157958984
733,best,pp,-11.372955322265625
734,best,pp,-8.117145538330078
735,best,pp,-10.037549018859863
736,best,pp,-10.908696174621582
737,best,pp,-10.95367431640625
738,best,pp,-10.464325904846191
739,best,pp,-6.740901470184326
740,best,pp,-10.683219909667969
741,best,pp,-9.75935173034668
742,best,pp,-6.045602321624756
743,best,pp,-8.145794868469238
744,best,pp,-8.958578109741211
745,best,pp,-7.943140983581543
746,best,pp,-8.677424430847168
747,best,pp,-8.70128345489502
748,best,pp,-8.485677719116211
749,best,pp,-9.142887115478516
750,best,pp,-9.795488357543945
751,best,pp,-10.943275451660156
752,best,pp,-9.238378524780273
753,best,pp,-10.441329956054688
754,best,pp,-9.289010047912598
755,best,pp,-8.233732223510742
756,best,pp,-7.898053169250488
757,best,pp,-9.539043426513672
758,best,pp,-6.634278297424316
759,best,pp,-10.090507507324219
760,best,pp,-8.03625202178955
761,best,pp,-12.073397636413574
762,best,pp,-10.886443138122559
763,best,pp,-10.644238471984863
764,best,pp,-8.834600448608398
765,best,pp,-7.04708194732666
766,best,pp,-8.662410736083984
767,best,pp,-10.891274452209473
768,best,pp,-9.864424705505371
769,best,pp,-6.119175910949707
770,best,pp,-6.169539451599121
771,best,pp,-9.247428894042969
772,best,pp,-11.502607345581055
773,best,pp,-8.79638671875
774,best,pp,-7.168032646179199
775,best,pp,-8.725680351257324
776,best,pp,-5.373600959777832
777,best,pp,-7.604583740234375
778,best,pp,-7.195138454437256
779,best,pp,-6.883923530578613
780,best,pp,-5.689637660980225
781,best,pp,-8.887236595153809
782,best,pp,-10.294256210327148
783,best,pp,-10.92900562286377
784,best,pp,-8.78823184967041
785,best,do,-10.787659645080566
786,best,do,-5.391936302185059
787,best,do,-7.375513553619385
788,best,do,-5.925317287445068
789,best,do,-10.03874397277832
790,best,do,-8.632911682128906
791,best,do,-9.387287139892578
792,best,do,-7.88590145111084
793,best,do,-6.902180194854736
794,best,do,-11.797022819519043
795,best,do,-10.122313499450684
796,best,do,-6.826643943786621
797,best,do,-5.055877685546875
798,best,do,-9.814352989196777
799,best,do,-6.770236015319824
800,best,do,-6.535165309906006
801,best,do,-8.598544120788574
802,best,do,-6.586833953857422
803,best,do,-8.69481086730957
804,best,do,-7.756966590881348
805,best,do,-11.280023574829102
806,best,do,-5.074471473693848
807,best,do,-8.636201858520508
808,best,do,-11.2657470703125
809,best,do,-10.386069297790527
810,best,do,-7.1179118156433105
811,best,do,-10.818552017211914
812,best,do,-8.721391677856445
813,best,do,-8.899224281311035
814,best,do,-6.89640474319458
815,best,do,-7.983388423919678
816,best,do,-5.648284912109375
817,best,do,-4.8456830978393555
818,best,do,-6.594277858734131
819,best,do,-7.893153667449951
820,best,do,-6.535165309906006
821,best,do,-11.556744575500488
822,best,do,-9.313209533691406
823,best,do,-9.786940574645996
824,best,do,-8.077767372131348
825,best,do,-10.380825996398926
826,best,do,-9.616593360900879
827,best,do,-11.558926582336426
828,best,pp,-10.125391006469727
829,best,pp,-5.436936378479004
830,best,pp,-7.099050045013428
831,best,pp,-6.178615093231201
832,best,pp,-10.257146835327148
833,best,pp,-9.152390480041504
834,best,pp,-9.99059772491455
835,best,pp,-7.874903202056885
836,best,pp,-6.6707377433776855
837,best,pp,-11.093327522277832
838,best,pp,-9.788473129272461
839,best,pp,-7.346172332763672
840,best,pp,-5.173101425170898
841,best,pp,-9.063750267028809
842,best,pp,-6.921603679656982
843,best,pp,-6.791208744049072
844,best,pp,-7.682480812072754
845,best,pp,-6.586718559265137
846,best,pp,-8.182289123535156
847,best,pp,-7.488367080688477
848,best,do,-8.685163497924805
849,best,do,-8.344141960144043
850,best,do,-9.466179847717285
851,best,do,-11.330836296081543
852,best,do,-7.569391250610352
853,best,do,-7.7468719482421875
854,best,do,-11.054864883422852
855,best,do,-9.620682716369629
856,best,do,-8.045040130615234
857,best,do,-6.0302839279174805
858,best,do,-6.745486736297607
859,best,do,-9.685187339782715
860,best,do,-9.54362678527832
861,best,do,-6.617164611816406
862,best,do,-8.122386932373047
863,best,do,-8.021453857421875
864,best,do,-5.121390342712402
865,best,do,-10.714959144592285
866,best,do,-7.475258827209473
867,best,do,-8.348798751831055
868,best,do,-10.210603713989258
869,best,do,-8.007226943969727
870,best,do,-11.721918106079102
871,best,do,-8.040925979614258
872,best,do,-8.04111099243164
873,best,do,-8.70488452911377
874,best,do,-8.045039176940918
875,best,do,-7.086541652679443
876,best,do,-9.045589447021484
877,best,do,-11.192051887512207
878,best,do,-9.4896879196167
879,best,do,-6.6425628662109375
880,best,do,-12.563165664672852
881,best,do,-8.635117530822754
882,best,do,-7.783926963806152
883,best,do,-10.302887916564941
884,best,do,-8.685162544250488
885,best,do,-9.47557258605957
886,best,do,-8.02824878692627
887,best,do,-8.594453811645508
888,best,do,-13.193942070007324
889,best,do,-10.982492446899414
890,best,do,-7.638214111328125
891,best,pp,-8.159727096557617
892,best,pp,-7.914080619812012
893,best,pp,-9.411212921142578
894,best,pp,-10.1902494430542
895,best,pp,-7.534127712249756
896,best,pp,-7.228237152099609
897,best,pp,-10.334576606750488
898,best,pp,-9.541467666625977
899,best,pp,-7.71688175201416
900,best,pp,-6.308680057525635
901,best,pp,-5.8158488273620605
902,best,pp,-9.553221702575684
903,best,pp,-10.090483665466309
904,best,pp,-6.548662185668945
905,best,pp,-7.866060733795166
906,best,pp,-7.7845258712768555
907,best,pp,-5.400183200836182
908,best,pp,-9.707606315612793
909,best,pp,-7.619256496429443
910,best,pp,-7.910691261291504
911,best,do,-9.119229316711426
912,best,do,-8.851128578186035
913,best,do,-8.066984176635742
914,best,do,-9.917054176330566
915,best,do,-8.087194442749023
916,best,do,-6.79055643081665
917,best,do,-9.530343055725098
918,best,do,-9.610794067382812
919,best,do,-8.190196990966797
920,best,do,-9.350353240966797
921,best,do,-8.368968963623047
922,best,do,-8.344381332397461
923,best,do,-10.020622253417969
924,best,do,-7.3646135330200195
925,best,do,-8.07398509979248
926,best,do,-5.8737006187438965
927,best,do,-7.616519451141357
928,best,do,-8.763577461242676
929,best,do,-9.029777526855469
930,best,do,-6.704372882843018
931,best,do,-7.1512956619262695
932,best,do,-6.068717002868652
933,best,do,-8.350931167602539
934,best,do,-6.197636604309082
935,best,do,-6.585048198699951
936,best,do,-7.999961853027344
937,best,do,-3.218118667602539
938,best,do,-6.723659038543701
939,best,do,-9.587955474853516
940,best,do,-8.446433067321777
941,best,do,-8.76889705657959
942,best,do,-8.473793983459473
943,best,do,-7.683889865875244
944,best,do,-9.27070426940918
945,best,do,-7.4497857093811035
946,best,do,-9.333576202392578
947,best,do,-7.229753494262695
948,best,do,-4.760176181793213
949,best,do,-9.35035228729248
950,best,do,-5.623589038848877
951,best,do,-8.45862865447998
952,best,do,-7.718009948730469
953,best,do,-8.940436363220215
954,best,pp,-9.343694686889648
955,best,pp,-10.67214298248291
956,best,pp,-8.77529525756836
957,best,pp,-11.175142288208008
958,best,pp,-7.9360198974609375
959,best,pp,-7.768408298492432
960,best,pp,-9.786715507507324
961,best,pp,-9.105660438537598
962,best,pp,-10.405662536621094
963,best,pp,-9.889751434326172
964,best,pp,-8.567355155944824
965,best,pp,-7.853587627410889
966,best,pp,-9.472562789916992
967,best,pp,-7.565240859985352
968,best,pp,-8.40086555480957
969,best,pp,-5.469364643096924
970,best,pp,-7.51383113861084
971,best,pp,-8.625981330871582
972,best,pp,-9.704832077026367
973,best,pp,-6.793910026550293
974,best,do,-5.458959102630615
975,best,do,-4.825681209564209
976,best,do,-11.903183937072754
977,best,do,-9.103899002075195
978,best,do,-9.685815811157227
979,best,do,-8.461956024169922
980,best,do,-8.022431373596191
981,best,do,-7.080142974853516
982,best,do,-8.86834716796875
983,best,do,-4.4658379554748535
984,best,do,-7.436647415161133
985,best,do,-8.795257568359375
986,best,do,-8.913640975952148
987,best,do,-9.465105056762695
988,best,do,-7.36948823928833
989,best,do,-10.388684272766113
990,best,do,-11.838797569274902
991,best,do,-7.79379940032959
992,best,do,-6.976089954376221
993,best,do,-7.140424728393555
994,best,do,-4.958506107330322
995,best,do,-10.564565658569336
996,best,do,-9.374506950378418
997,best,do,-8.403934478759766
998,best,do,-9.448763847351074
999,best,do,-9.755440711975098
1000,best,do,-4.369602680206299
1001,best,do,-9.387155532836914
1002,best,do,-7.180556297302246
1003,best,do,-7.140424728393555
1004,best,do,-9.597916603088379
1005,best,do,-8.309272766113281
1006,best,do,-10.923161506652832
1007,best,do,-7.675861835479736
1008,best,do,-8.205976486206055
1009,best,do,-6.991081714630127
1010,best,do,-7.769444942474365
1011,best,do,-11.176321983337402
1012,best,do,-9.671453475952148
1013,best,do,-9.91179084777832
1014,best,do,-9.671453475952148
1015,best,do,-8.123982429504395
1016,best,do,-3.766364097595215
1017,best,pp,-6.330328941345215
1018,best,pp,-6.610708236694336
1019,best,pp,-12.053863525390625
1020,best,pp,-8.2920560836792
1021,best,pp,-9.19703483581543
1022,best,pp,-8.29705810546875
1023,best,pp,-7.581605911254883
1024,best,pp,-7.23457670211792
1025,best,pp,-8.205934524536133
1026,best,pp,-4.920380115509033
1027,best,pp,-7.4787917137146
1028,best,pp,-8.84125804901123
1029,best,pp,-8.721229553222656
1030,best,pp,-9.046083450317383
1031,best,pp,-7.033193588256836
1032,best,pp,-9.817184448242188
1033,best,pp,-13.999653816223145
1034,best,pp,-7.598727703094482
1035,best,pp,-6.752298831939697
1036,best,pp,-7.188283443450928
1037,best,pp,-6.261475086212158
1038,best,pp,-5.048913955688477
1039,best,pp,-10.393269538879395
1040,best,pp,-10.226839065551758
1041,best,pp,-6.808819770812988
1042,best,pp,-8.07060718536377
1043,best,pp,-10.343457221984863
1044,best,pp,-5.2428975105285645
1045,best,pp,-10.295891761779785
1046,best,pp,-7.68977165222168
1047,best,pp,-9.758995056152344
1048,best,pp,-7.728829383850098
1049,best,pp,-7.395917892456055
1050,best,pp,-7.023409366607666
1051,best,pp,-7.372369766235352
1052,best,pp,-7.0748772621154785
1053,best,pp,-10.763520240783691
1054,best,pp,-7.965713977813721
1055,best,pp,-6.3635687828063965
1056,best,pp,-7.578693866729736
1057,best,pp,-7.928853511810303
1058,best,pp,-8.48139762878418
1059,best,pp,-8.797367095947266
1060,best,pp,-7.675228595733643
1061,best,pp,-8.419407844543457
1062,best,pp,-9.996536254882812
1063,best,pp,-7.626704216003418
1064,best,pp,-8.939327239990234
1065,best,pp,-9.522253036499023
1066,best,pp,-9.952841758728027
1067,best,pp,-6.7653608322143555
1068,best,pp,-7.016448974609375
1069,best,pp,-7.011604309082031
1070,best,pp,-9.182689666748047
1071,best,pp,-5.821136951446533
1072,best,pp,-7.464118957519531
1073,best,pp,-5.751532077789307
1074,best,pp,-10.096151351928711
1075,best,pp,-7.361420631408691
1076,best,pp,-10.714476585388184
1077,best,do,-10.74055004119873
1078,best,do,-10.119071006774902
1079,best,do,-9.48747730255127
1080,best,do,-10.946121215820312
1081,best,do,-7.43229341506958
1082,best,do,-10.208943367004395
1083,best,do,-10.847380638122559
1084,best,do,-10.742531776428223
1085,best,do,-9.300430297851562
1086,best,do,-8.257060050964355
1087,best,do,-8.78200626373291
1088,best,do,-7.440559387207031
1089,best,do,-5.7178826332092285
1090,best,do,-12.043937683105469
1091,best,do,-10.09738826751709
1092,best,do,-7.992542266845703
1093,best,do,-9.522346496582031
1094,best,do,-9.52041244506836
1095,best,do,-8.764081001281738
1096,best,do,-10.985339164733887
1097,best,do,-11.811325073242188
1098,best,do,-8.35132884979248
1099,best,do,-8.964252471923828
1100,best,do,-8.561612129211426
1101,best,do,-11.963976860046387
1102,best,do,-11.187159538269043
1103,best,do,-10.481940269470215
1104,best,do,-8.207926750183105
1105,best,do,-9.480469703674316
1106,best,do,-6.925401210784912
1107,best,do,-8.35132884979248
1108,best,do,-12.576763153076172
1109,best,do,-7.535495758056641
1110,best,do,-11.465209007263184
1111,best,do,-11.262948989868164
1112,best,do,-8.357682228088379
1113,best,do,-9.598044395446777
1114,best,do,-10.366250038146973
1115,best,do,-10.676953315734863
1116,best,do,-11.26595687866211
1117,best,do,-10.89708423614502
1118,best,do,-7.958982944488525
1119,best,do,-4.419493198394775
1120,best,pp,-9.871393203735352
1121,best,pp,-9.142704963684082
1122,best,pp,-8.987898826599121
1123,best,pp,-10.13530158996582
1124,best,pp,-6.967074394226074
1125,best,pp,-8.853205680847168
1126,best,pp,-10.100104331970215
1127,best,pp,-10.067093849182129
1128,best,pp,-8.333172798156738
1129,best,pp,-8.04946231842041
1130,best,pp,-8.244463920593262
1131,best,pp,-6.856165409088135
1132,best,pp,-5.408130168914795
1133,best,pp,-10.868865013122559
1134,best,pp,-9.212721824645996
1135,best,pp,-7.371004581451416
1136,best,pp,-8.642853736877441
1137,best,pp,-8.363142967224121
1138,best,pp,-8.27639389038086
1139,best,pp,-9.89877986907959
1140,best,do,-11.16531753540039
1141,best,do,-8.71313762664795
1142,best,do,-7.975203514099121
1143,best,do,-11.06708812713623
1144,best,do,-9.154520988464355
1145,best,do,-7.429253101348877
1146,best,do,-11.16531753540039
1147,best,do,-8.276501655578613
1148,best,do,-8.448161125183105
1149,best,do,-8.811341285705566
1150,best,do,-4.062321186065674
1151,best,do,-12.230757713317871
1152,best,do,-9.61513900756836
1153,best,do,-10.755663871765137
1154,best,do,-9.386700630187988
1155,best,do,-3.739164352416992
1156,best,do,-9.185076713562012
1157,best,do,-8.85951042175293
1158,best,do,-12.325310707092285
1159,best,do,-11.344447135925293
1160,best,do,-10.540750503540039
1161,best,do,-3.294968843460083
1162,best,do,-11.809804916381836
1163,best,do,-11.090025901794434
1164,best,do,-8.71313762664795
1165,best,do,-8.867152214050293
1166,best,do,-10.006796836853027
1167,best,do,-8.441143989562988
1168,best,do,-9.92325496673584
1169,best,do,-9.516520500183105
1170,best,do,-8.021893501281738
1171,best,do,-8.123614311218262
1172,best,do,-9.185076713562012
1173,best,do,-8.985880851745605
1174,best,do,-11.308311462402344
1175,best,do,-11.308311462402344
1176,best,do,-11.672382354736328
1177,best,do,-11.544888496398926
1178,best,do,-7.73656702041626
1179,best,do,-3.739164352416992
1180,best,do,-11.809804916381836
1181,best,do,-11.602153778076172
1182,best,do,-8.441143989562988
1183,best,pp,-9.847658157348633
1184,best,pp,-7.913907051086426
1185,best,pp,-7.638883590698242
1186,best,pp,-9.819506645202637
1187,best,pp,-8.448822975158691
1188,best,pp,-6.622402191162109
1189,best,pp,-9.847658157348633
1190,best,pp,-7.723825931549072
1191,best,pp,-7.773139476776123
1192,best,pp,-8.210565567016602
1193,best,pp,-4.192427158355713
1194,best,pp,-11.089852333068848
1195,best,pp,-8.265057563781738
1196,best,pp,-9.432246208190918
1197,best,pp,-8.316781044006348
1198,best,pp,-3.454684019088745
1199,best,pp,-9.089509010314941
1200,best,pp,-8.29878044128418
1201,best,pp,-11.009628295898438
1202,best,pp,-9.81240177154541
1203,best,do,-9.854366302490234
1204,best,do,-8.207427978515625
1205,best,do,-9.44460678100586
1206,best,do,-9.635172843933105
1207,best,do,-7.832549095153809
1208,best,do,-10.165769577026367
1209,best,do,-9.701708793640137
1210,best,do,-9.034171104431152
1211,best,do,-6.1462249755859375
1212,best,do,-10.356191635131836
1213,best,do,-7.560723304748535
1214,best,do,-5.108007431030273
1215,best,do,-5.429599285125732
1216,best,do,-8.461663246154785
1217,best,do,-7.990445613861084
1218,best,do,-4.968203544616699
1219,best,do,-8.473640441894531
1220,best,do,-9.816734313964844
1221,best,do,-7.432395935058594
1222,best,do,-7.56851863861084
1223,best,do,-6.794023513793945
1224,best,do,-8.934098243713379
1225,best,do,-10.820034980773926
1226,best,do,-9.353452682495117
1227,best,do,-8.155037879943848
1228,best,do,-9.384322166442871
1229,best,do,-7.269466400146484
1230,best,do,-8.550442695617676
1231,best,do,-9.754430770874023
1232,best,do,-5.75221586227417
1233,best,do,-8.371788024902344
1234,best,do,-10.650524139404297
1235,best,do,-10.108932495117188
1236,best,do,-5.946871757507324
1237,best,do,-8.750117301940918
1238,best,do,-8.750840187072754
1239,best,do,-4.415981769561768
1240,best,do,-6.934079170227051
1241,best,do,-7.5979390144348145
1242,best,do,-7.3845367431640625
1243,best,do,-4.1366119384765625
1244,best,do,-5.983704090118408
1245,best,do,-4.144168853759766
1246,best,pp,-9.08895206451416
1247,best,pp,-7.276389122009277
1248,best,pp,-8.48416805267334
1249,best,pp,-8.661663055419922
1250,best,pp,-6.985483169555664
1251,best,pp,-9.41564655303955
1252,best,pp,-8.927862167358398
1253,best,pp,-8.489751815795898
1254,best,pp,-5.010780334472656
1255,best,pp,-9.821084022521973
1256,best,pp,-6.934438228607178
1257,best,pp,-4.826079368591309
1258,best,pp,-5.007462978363037
1259,best,pp,-8.63227367401123
1260,best,pp,-6.828821182250977
1261,best,pp,-4.0864739418029785
1262,best,pp,-8.080954551696777
1263,best,pp,-9.811209678649902
1264,best,pp,-7.093075275421143
1265,best,pp,-7.1454081535339355
1266,best,do,-8.876270294189453
1267,best,do,-9.054162979125977
1268,best,do,-8.485922813415527
1269,best,do,-3.2371559143066406
1270,best,do,-7.503407001495361
1271,best,do,-10.843688011169434
1272,best,do,-13.581595420837402
1273,best,do,-12.464221954345703
1274,best,do,-7.321388244628906
1275,best,do,-12.7450590133667
1276,best,do,-8.372567176818848
1277,best,do,-4.096141338348389
1278,best,do,-9.362791061401367
1279,best,do,-5.783590793609619
1280,best,do,-10.388689994812012
1281,best,do,-11.211101531982422
1282,best,do,-6.980859756469727
1283,best,do,-11.37524700164795
1284,best,do,-8.740943908691406
1285,best,do,-10.408015251159668
1286,best,do,-10.013797760009766
1287,best,do,-11.241179466247559
1288,best,do,-10.318927764892578
1289,best,do,-11.627276420593262
1290,best,do,-5.003016948699951
1291,best,do,-9.942708015441895
1292,best,do,-7.5453009605407715
1293,best,do,-11.844368934631348
1294,best,do,-11.146533012390137
1295,best,do,-9.697330474853516
1296,best,do,-9.896147727966309
1297,best,do,-11.206008911132812
1298,best,do,-9.535688400268555
1299,best,do,-7.577793598175049
1300,best,do,-11.827324867248535
1301,best,do,-9.523414611816406
1302,best,do,-9.825264930725098
1303,best,do,-12.284786224365234
1304,best,do,-6.993586540222168
1305,best,do,-5.600024700164795
1306,best,do,-10.723857879638672
1307,best,do,-11.707666397094727
1308,best,do,-11.745662689208984
1309,best,pp,-8.155193328857422
1310,best,pp,-8.718245506286621
1311,best,pp,-7.960440635681152
1312,best,pp,-3.402754068374634
1313,best,pp,-7.272121429443359
1314,best,pp,-9.29651927947998
1315,best,pp,-12.58024787902832
1316,best,pp,-11.184427261352539
1317,best,pp,-6.613489151000977
1318,best,pp,-12.046439170837402
1319,best,pp,-8.163558006286621
1320,best,pp,-4.136219501495361
1321,best,pp,-8.913283348083496
1322,best,pp,-5.497786998748779
1323,best,pp,-8.929600715637207
1324,best,pp,-10.625060081481934
1325,best,pp,-7.484776020050049
1326,best,pp,-10.107536315917969
1327,best,pp,-7.5843610763549805
1328,best,pp,-9.59722900390625
1329,best,pp,-5.520819664001465
1330,best,pp,-6.63530158996582
1331,best,pp,-9.210224151611328
1332,best,pp,-10.996941566467285
1333,best,pp,-10.6803617477417
1334,best,pp,-8.609051704406738
1335,best,pp,-8.603555679321289
1336,best,pp,-9.256621360778809
1337,best,pp,-8.318704605102539
1338,best,pp,-10.10827350616455
1339,best,pp,-7.735233306884766
1340,best,pp,-9.887996673583984
1341,best,pp,-6.720393657684326
1342,best,pp,-10.538894653320312
1343,best,pp,-11.637551307678223
1344,best,pp,-4.988531589508057
1345,best,pp,-10.192402839660645
1346,best,pp,-4.6882219314575195
1347,best,pp,-9.33140754699707
1348,best,pp,-7.6437788009643555
1349,best,pp,-7.332082748413086
1350,best,pp,-9.229652404785156
1351,best,pp,-6.6495361328125
1352,best,pp,-7.605256080627441
1353,best,pp,-9.4032621383667
1354,best,pp,-3.085684061050415
1355,best,pp,-4.064061641693115
1356,best,pp,-7.652693748474121
1357,best,pp,-8.906527519226074
1358,best,pp,-8.315329551696777
1359,best,pp,-7.667816638946533
1360,best,pp,-5.015827178955078
1361,best,pp,-9.531109809875488
1362,best,pp,-8.634919166564941
1363,best,pp,-7.651434421539307
1364,best,pp,-9.128471374511719
1365,best,pp,-8.738312721252441
1366,best,pp,-8.00519847869873
1367,best,pp,-7.324551582336426
1368,best,pp,-10.166667938232422
