item_id,model_state,dative,score
1,initial,pp,-8.089778900146484
2,initial,pp,-8.384721755981445
3,initial,pp,-7.867025375366211
4,initial,pp,-8.686802864074707
5,initial,pp,-7.594666957855225
6,initial,pp,-7.867661952972412
7,initial,pp,-8.406761169433594
8,initial,pp,-7.720387935638428
9,initial,pp,-7.127134323120117
10,initial,pp,-7.938915252685547
11,initial,pp,-6.8923540115356445
12,initial,pp,-5.930041313171387
13,initial,pp,-8.025309562683105
14,initial,pp,-6.005687713623047
15,initial,pp,-7.943859100341797
16,initial,pp,-7.720387935638428
17,initial,pp,-8.445277214050293
18,initial,pp,-7.7507500648498535
19,initial,pp,-7.750412464141846
20,initial,pp,-7.356627941131592
21,initial,pp,-8.140085220336914
22,initial,pp,-7.029593467712402
23,initial,pp,-8.639124870300293
24,initial,pp,-8.26290512084961
25,initial,pp,-8.614572525024414
26,initial,pp,-8.397416114807129
27,initial,pp,-8.163863182067871
28,initial,pp,-7.873462200164795
29,initial,pp,-8.276415824890137
30,initial,pp,-8.446938514709473
31,initial,pp,-8.18763256072998
32,initial,pp,-8.26290512084961
33,initial,pp,-8.448689460754395
34,initial,pp,-8.957818031311035
35,initial,pp,-6.370259761810303
36,initial,pp,-6.801461696624756
37,initial,pp,-8.276415824890137
38,initial,pp,-7.53350830078125
39,initial,pp,-9.139927864074707
40,initial,pp,-8.40446949005127
41,initial,pp,-7.467689514160156
42,initial,pp,-7.130078315734863
43,initial,pp,-6.280821800231934
44,initial,pp,-7.773915767669678
45,initial,pp,-8.360644340515137
46,initial,pp,-7.389610290527344
47,initial,pp,-8.031806945800781
48,initial,pp,-7.4066925048828125
49,initial,pp,-6.794990062713623
50,initial,pp,-6.850924968719482
51,initial,pp,-7.681690216064453
52,initial,pp,-6.471380710601807
53,initial,pp,-7.993541240692139
54,initial,pp,-7.642139434814453
55,initial,pp,-7.25591516494751
56,initial,pp,-6.285929203033447
57,initial,pp,-5.923956871032715
58,initial,pp,-7.565422534942627
59,initial,pp,-7.287827491760254
60,initial,pp,-7.8529205322265625
61,initial,pp,-8.490286827087402
62,initial,pp,-8.14682674407959
63,initial,pp,-8.197909355163574
64,initial,pp,-8.341185569763184
65,initial,pp,-7.399336338043213
66,initial,pp,-8.174482345581055
67,initial,pp,-6.347141742706299
68,initial,pp,-8.614785194396973
69,initial,pp,-8.55294418334961
70,initial,pp,-7.911674499511719
71,initial,pp,-5.824082851409912
72,initial,pp,-8.205370903015137
73,initial,pp,-8.075119972229004
74,initial,pp,-9.072776794433594
75,initial,pp,-8.159493446350098
76,initial,pp,-7.523767948150635
77,initial,pp,-7.078971862792969
78,initial,pp,-6.392279148101807
79,initial,pp,-7.632235527038574
80,initial,pp,-8.686545372009277
81,initial,pp,-8.246410369873047
82,initial,pp,-6.69333553314209
83,initial,pp,-7.1376848220825195
84,initial,pp,-6.635951042175293
85,initial,pp,-6.69333553314209
86,initial,pp,-6.9092230796813965
87,initial,pp,-7.096172332763672
88,initial,pp,-6.481712341308594
89,initial,pp,-7.0404205322265625
90,initial,pp,-6.752859592437744
91,initial,pp,-6.579664707183838
92,initial,pp,-8.650093078613281
93,initial,pp,-6.819005012512207
94,initial,pp,-6.628684997558594
95,initial,pp,-6.636152267456055
96,initial,pp,-7.0314836502075195
97,initial,pp,-8.418304443359375
98,initial,pp,-8.370384216308594
99,initial,pp,-7.3340911865234375
100,initial,pp,-7.911325454711914
101,initial,pp,-6.426680088043213
102,initial,pp,-7.650837421417236
103,initial,pp,-7.750096321105957
104,initial,pp,-6.971472263336182
105,initial,pp,-7.6046576499938965
106,initial,pp,-8.038695335388184
107,initial,pp,-6.882506847381592
108,initial,pp,-7.952068328857422
109,initial,pp,-7.5730695724487305
110,initial,pp,-8.130667686462402
111,initial,pp,-7.551440238952637
112,initial,pp,-7.514892101287842
113,initial,pp,-7.515966892242432
114,initial,pp,-6.537513732910156
115,initial,pp,-7.703165531158447
116,initial,pp,-6.8228840827941895
117,initial,pp,-8.19992733001709
118,initial,pp,-6.856807708740234
119,initial,pp,-7.9973297119140625
120,initial,pp,-8.142313957214355
121,initial,pp,-7.687595367431641
122,initial,pp,-8.104170799255371
123,initial,pp,-6.928901195526123
124,initial,pp,-8.190942764282227
125,initial,pp,-7.228310585021973
126,initial,pp,-7.486417770385742
127,initial,pp,-6.463786602020264
128,initial,pp,-8.166138648986816
129,initial,pp,-7.156068801879883
130,initial,pp,-6.651365756988525
131,initial,pp,-7.156068801879883
132,initial,pp,-8.104170799255371
133,initial,pp,-8.171051979064941
134,initial,pp,-7.284727573394775
135,initial,pp,-8.104170799255371
136,initial,pp,-7.486417293548584
137,initial,pp,-7.837195873260498
138,initial,pp,-5.948536396026611
139,initial,pp,-7.470729827880859
140,initial,pp,-7.880361557006836
141,initial,pp,-7.390259742736816
142,initial,pp,-7.53529167175293
143,initial,pp,-7.388514518737793
144,initial,pp,-7.723589897155762
145,initial,pp,-6.375247478485107
146,initial,pp,-7.148887634277344
147,initial,pp,-7.9143781661987305
148,initial,pp,-7.447254180908203
149,initial,pp,-6.858254432678223
150,initial,pp,-6.08398962020874
151,initial,pp,-8.047183990478516
152,initial,pp,-7.057571887969971
153,initial,pp,-7.320206165313721
154,initial,pp,-7.236000061035156
155,initial,pp,-7.374662399291992
156,initial,pp,-6.644550323486328
157,initial,pp,-6.29304838180542
158,initial,pp,-6.594220161437988
159,initial,pp,-7.14246129989624
160,initial,pp,-7.813131809234619
161,initial,pp,-8.756331443786621
162,initial,pp,-7.386457920074463
163,initial,pp,-8.39013957977295
164,initial,pp,-7.018404483795166
165,initial,pp,-7.311279296875
166,initial,pp,-5.774251937866211
167,initial,pp,-7.523144245147705
168,initial,pp,-8.9219970703125
169,initial,pp,-7.5594892501831055
170,initial,pp,-6.9161200523376465
171,initial,pp,-8.39013957977295
172,initial,pp,-5.985742092132568
173,initial,pp,-6.8318891525268555
174,initial,pp,-8.63485050201416
175,initial,pp,-6.663409233093262
176,initial,pp,-7.311279296875
177,initial,pp,-7.8658576011657715
178,initial,pp,-8.675031661987305
179,initial,pp,-6.463114261627197
180,initial,pp,-8.593329429626465
181,initial,pp,-7.52687931060791
182,initial,pp,-7.798439979553223
183,initial,pp,-6.647204399108887
184,initial,pp,-7.3902268409729
185,initial,pp,-6.84093713760376
186,initial,pp,-6.698916435241699
187,initial,pp,-6.19126558303833
188,initial,pp,-6.329660415649414
189,initial,pp,-6.517461776733398
190,initial,pp,-5.50590705871582
191,initial,pp,-6.771938323974609
192,initial,pp,-7.0633368492126465
193,initial,pp,-6.840348720550537
194,initial,pp,-6.686036109924316
195,initial,pp,-6.927647590637207
196,initial,pp,-6.307356834411621
197,initial,pp,-7.784236431121826
198,initial,pp,-6.522421360015869
199,initial,pp,-6.397697925567627
200,initial,pp,-8.032462120056152
201,initial,pp,-5.978871822357178
202,initial,pp,-6.00007963180542
203,initial,pp,-8.425711631774902
204,initial,pp,-7.443551063537598
205,initial,pp,-7.99542760848999
206,initial,pp,-7.160694599151611
207,initial,pp,-7.537099361419678
208,initial,pp,-6.683429718017578
209,initial,pp,-7.608725070953369
210,initial,pp,-6.913322448730469
211,initial,pp,-8.069729804992676
212,initial,pp,-7.077876567840576
213,initial,pp,-7.096537113189697
214,initial,pp,-7.7704267501831055
215,initial,pp,-7.335879325866699
216,initial,pp,-6.08109712600708
217,initial,pp,-7.228946208953857
218,initial,pp,-7.598392486572266
219,initial,pp,-7.306475639343262
220,initial,pp,-7.4049296379089355
221,initial,do,-8.284112930297852
222,initial,do,-7.95693302154541
223,initial,do,-7.139527797698975
224,initial,do,-6.846536636352539
225,initial,do,-8.156871795654297
226,initial,do,-7.387187480926514
227,initial,do,-8.059944152832031
228,initial,do,-8.668545722961426
229,initial,do,-8.317644119262695
230,initial,do,-7.997649192810059
231,initial,do,-7.786367893218994
232,initial,do,-8.096016883850098
233,initial,do,-8.059469223022461
234,initial,do,-8.668545722961426
235,initial,do,-6.510427474975586
236,initial,do,-7.559566020965576
237,initial,do,-7.867556571960449
238,initial,do,-7.645182132720947
239,initial,do,-8.127527236938477
240,initial,do,-7.343631744384766
241,initial,do,-8.059469223022461
242,initial,do,-8.036404609680176
243,initial,do,-8.408801078796387
244,initial,do,-7.645182132720947
245,initial,do,-8.442916870117188
246,initial,do,-6.439547538757324
247,initial,do,-8.041531562805176
248,initial,do,-7.919586658477783
249,initial,do,-7.7458953857421875
250,initial,do,-7.333509922027588
251,initial,do,-7.81458044052124
252,initial,do,-7.428958415985107
253,initial,do,-8.3728666305542
254,initial,do,-8.232481956481934
255,initial,do,-8.520462989807129
256,initial,do,-8.120328903198242
257,initial,do,-7.462042808532715
258,initial,do,-8.232481956481934
259,initial,do,-6.246685028076172
260,initial,do,-7.81458044052124
261,initial,do,-7.333509922027588
262,initial,do,-6.162255764007568
263,initial,do,-7.971591472625732
264,initial,pp,-7.493090629577637
265,initial,pp,-7.788169860839844
266,initial,pp,-7.097714424133301
267,initial,pp,-6.587595462799072
268,initial,pp,-7.516274452209473
269,initial,pp,-7.319979667663574
270,initial,pp,-7.45562744140625
271,initial,pp,-7.912851810455322
272,initial,pp,-7.92060661315918
273,initial,pp,-7.3753342628479
274,initial,pp,-7.533727169036865
275,initial,pp,-7.474274635314941
276,initial,pp,-7.726700782775879
277,initial,pp,-7.912851810455322
278,initial,pp,-6.4222517013549805
279,initial,pp,-7.186403751373291
280,initial,pp,-7.54732608795166
281,initial,pp,-7.041812419891357
282,initial,pp,-7.461611270904541
283,initial,pp,-7.113078594207764
284,initial,do,-7.7335615158081055
285,initial,do,-6.742724418640137
286,initial,do,-8.283880233764648
287,initial,do,-7.637660026550293
288,initial,do,-7.921332359313965
289,initial,do,-6.9455246925354
290,initial,do,-6.80204439163208
291,initial,do,-8.078802108764648
292,initial,do,-7.921332359313965
293,initial,do,-7.302876949310303
294,initial,do,-6.416347503662109
295,initial,do,-7.62955904006958
296,initial,do,-6.468189716339111
297,initial,do,-7.86129093170166
298,initial,do,-7.691842555999756
299,initial,do,-7.632864475250244
300,initial,do,-7.790648460388184
301,initial,do,-7.103328704833984
302,initial,do,-7.653909206390381
303,initial,do,-7.459672451019287
304,initial,do,-7.203635215759277
305,initial,do,-6.80204439163208
306,initial,do,-7.4271697998046875
307,initial,do,-7.20026969909668
308,initial,do,-7.637660026550293
309,initial,do,-7.182877063751221
310,initial,do,-6.145778179168701
311,initial,do,-7.867425441741943
312,initial,do,-7.637660026550293
313,initial,do,-8.306882858276367
314,initial,do,-6.681950092315674
315,initial,do,-7.676408290863037
316,initial,do,-7.840083599090576
317,initial,do,-8.665292739868164
318,initial,do,-6.145778179168701
319,initial,do,-7.103328704833984
320,initial,do,-6.952394008636475
321,initial,do,-6.960972785949707
322,initial,do,-8.283880233764648
323,initial,do,-8.33493709564209
324,initial,do,-7.670913219451904
325,initial,do,-8.277413368225098
326,initial,do,-7.337626934051514
327,initial,pp,-7.346894264221191
328,initial,pp,-6.797974586486816
329,initial,pp,-7.979975700378418
330,initial,pp,-7.562686920166016
331,initial,pp,-7.839678764343262
332,initial,pp,-6.861440658569336
333,initial,pp,-6.814650535583496
334,initial,pp,-7.905636787414551
335,initial,pp,-7.839678764343262
336,initial,pp,-7.348051071166992
337,initial,pp,-6.670511722564697
338,initial,pp,-7.506438732147217
339,initial,pp,-6.780190944671631
340,initial,pp,-7.6648969650268555
341,initial,pp,-7.5208845138549805
342,initial,pp,-7.5024566650390625
343,initial,pp,-7.844056129455566
344,initial,pp,-7.055018901824951
345,initial,pp,-7.4672698974609375
346,initial,pp,-7.36545991897583
347,initial,do,-6.8068952560424805
348,initial,do,-5.913444995880127
349,initial,do,-6.935903072357178
350,initial,do,-6.032169818878174
351,initial,do,-6.660031795501709
352,initial,do,-6.85338830947876
353,initial,do,-7.08527946472168
354,initial,do,-6.917555809020996
355,initial,do,-7.293324947357178
356,initial,do,-7.166595458984375
357,initial,do,-6.951954364776611
358,initial,do,-6.990541458129883
359,initial,do,-6.296356201171875
360,initial,do,-7.119906902313232
361,initial,do,-6.7148308753967285
362,initial,do,-6.377685070037842
363,initial,do,-7.139989376068115
364,initial,do,-7.313323020935059
365,initial,do,-7.202245712280273
366,initial,do,-6.2576189041137695
367,initial,do,-6.5631537437438965
368,initial,do,-6.408111572265625
369,initial,do,-6.891770362854004
370,initial,do,-6.095555782318115
371,initial,do,-6.969082832336426
372,initial,do,-7.723232746124268
373,initial,do,-6.686178207397461
374,initial,do,-6.75066614151001
375,initial,do,-5.598196506500244
376,initial,do,-7.229928970336914
377,initial,do,-6.327927112579346
378,initial,do,-7.215083599090576
379,initial,do,-6.742907524108887
380,initial,do,-6.873684406280518
381,initial,do,-7.229323863983154
382,initial,do,-7.09296989440918
383,initial,do,-6.2910685539245605
384,initial,do,-6.969082832336426
385,initial,do,-6.431707382202148
386,initial,do,-6.686176776885986
387,initial,do,-6.9414963722229
388,initial,do,-6.517441749572754
389,initial,do,-6.729612350463867
390,initial,pp,-6.842306613922119
391,initial,pp,-5.800582408905029
392,initial,pp,-6.787494659423828
393,initial,pp,-5.966096878051758
394,initial,pp,-6.963835716247559
395,initial,pp,-6.722151756286621
396,initial,pp,-7.019610404968262
397,initial,pp,-6.826756477355957
398,initial,pp,-7.193421363830566
399,initial,pp,-7.002063751220703
400,initial,pp,-7.044647216796875
401,initial,pp,-7.007267951965332
402,initial,pp,-6.413049221038818
403,initial,pp,-7.250194549560547
404,initial,pp,-6.926619052886963
405,initial,pp,-6.399249076843262
406,initial,pp,-7.239323616027832
407,initial,pp,-7.39990758895874
408,initial,pp,-7.351039886474609
409,initial,pp,-6.35545015335083
410,initial,do,-7.792118072509766
411,initial,do,-7.603188514709473
412,initial,do,-7.942344665527344
413,initial,do,-8.994400978088379
414,initial,do,-8.555619239807129
415,initial,do,-7.4179606437683105
416,initial,do,-7.49996280670166
417,initial,do,-8.207770347595215
418,initial,do,-5.864851474761963
419,initial,do,-7.547404766082764
420,initial,do,-7.78593635559082
421,initial,do,-8.253382682800293
422,initial,do,-8.715859413146973
423,initial,do,-8.617358207702637
424,initial,do,-7.330113887786865
425,initial,do,-8.446677207946777
426,initial,do,-6.92816686630249
427,initial,do,-7.68057107925415
428,initial,do,-7.4900946617126465
429,initial,do,-7.762227535247803
430,initial,do,-8.786952018737793
431,initial,do,-7.325287818908691
432,initial,do,-7.68057107925415
433,initial,do,-7.495055198669434
434,initial,do,-8.805649757385254
435,initial,do,-7.386630058288574
436,initial,do,-8.110559463500977
437,initial,do,-8.582383155822754
438,initial,do,-7.188584804534912
439,initial,do,-8.704828262329102
440,initial,do,-8.257816314697266
441,initial,do,-8.132505416870117
442,initial,do,-8.656949043273926
443,initial,do,-8.223254203796387
444,initial,do,-7.636010646820068
445,initial,do,-7.490981101989746
446,initial,do,-8.446677207946777
447,initial,do,-8.180582046508789
448,initial,do,-6.9537272453308105
449,initial,do,-7.498429298400879
450,initial,do,-8.233193397521973
451,initial,do,-8.448518753051758
452,initial,do,-8.060256958007812
453,initial,pp,-7.643977165222168
454,initial,pp,-7.308399677276611
455,initial,pp,-7.698330879211426
456,initial,pp,-8.189964294433594
457,initial,pp,-7.92362642288208
458,initial,pp,-6.8860931396484375
459,initial,pp,-7.131762981414795
460,initial,pp,-8.048144340515137
461,initial,pp,-6.029178142547607
462,initial,pp,-7.192370891571045
463,initial,pp,-7.773186683654785
464,initial,pp,-7.893815517425537
465,initial,pp,-8.223962783813477
466,initial,pp,-8.108242988586426
467,initial,pp,-7.069103717803955
468,initial,pp,-8.031177520751953
469,initial,pp,-6.644679069519043
470,initial,pp,-7.721717357635498
471,initial,pp,-7.064548492431641
472,initial,pp,-8.116201400756836
473,initial,pp,-7.042778491973877
474,initial,pp,-7.900662899017334
475,initial,pp,-7.500938415527344
476,initial,pp,-7.164916038513184
477,initial,pp,-6.123800754547119
478,initial,pp,-7.290351867675781
479,initial,pp,-7.076272010803223
480,initial,pp,-6.798938274383545
481,initial,pp,-7.478941917419434
482,initial,pp,-7.483972549438477
483,initial,pp,-6.7157793045043945
484,initial,pp,-8.047229766845703
485,initial,pp,-7.827817440032959
486,initial,pp,-6.879149436950684
487,initial,pp,-7.812472820281982
488,initial,pp,-6.556177139282227
489,initial,pp,-6.649554252624512
490,initial,pp,-7.358983516693115
491,initial,pp,-6.627338409423828
492,initial,pp,-7.137784481048584
493,initial,do,-7.952491760253906
494,initial,do,-8.200342178344727
495,initial,do,-9.302376747131348
496,initial,do,-9.22108268737793
497,initial,do,-10.300127983093262
498,initial,do,-6.1338210105896
499,initial,do,-8.901641845703125
500,initial,do,-9.564684867858887
501,initial,do,-7.625877857208252
502,initial,do,-6.797574520111084
503,initial,do,-9.347738265991211
504,initial,do,-8.207271575927734
505,initial,do,-9.544404983520508
506,initial,do,-8.2900390625
507,initial,do,-9.877422332763672
508,initial,do,-9.61775016784668
509,initial,do,-9.163620948791504
510,initial,do,-8.253959655761719
511,initial,do,-7.934310436248779
512,initial,do,-8.544748306274414
513,initial,do,-7.631814002990723
514,initial,do,-9.236133575439453
515,initial,do,-9.215425491333008
516,initial,do,-9.77370548248291
517,initial,do,-8.464430809020996
518,initial,do,-10.506158828735352
519,initial,do,-9.254594802856445
520,initial,do,-8.156458854675293
521,initial,do,-9.187416076660156
522,initial,do,-8.415956497192383
523,initial,do,-7.663037300109863
524,initial,do,-8.600621223449707
525,initial,do,-9.50103759765625
526,initial,do,-9.419736862182617
527,initial,do,-7.468530654907227
528,initial,do,-9.4326171875
529,initial,do,-9.4326171875
530,initial,do,-9.86315631866455
531,initial,do,-9.940619468688965
532,initial,do,-10.039350509643555
533,initial,do,-9.444520950317383
534,initial,do,-7.974130153656006
535,initial,do,-7.62298583984375
536,initial,pp,-7.672319412231445
537,initial,pp,-8.021661758422852
538,initial,pp,-8.348843574523926
539,initial,pp,-8.232514381408691
540,initial,pp,-9.611261367797852
541,initial,pp,-6.016604423522949
542,initial,pp,-8.497613906860352
543,initial,pp,-8.982561111450195
544,initial,pp,-7.011405944824219
545,initial,pp,-6.461730480194092
546,initial,pp,-8.60377311706543
547,initial,pp,-7.361861705780029
548,initial,pp,-8.975441932678223
549,initial,pp,-7.598302364349365
550,initial,pp,-9.017220497131348
551,initial,pp,-8.828965187072754
552,initial,pp,-8.232342720031738
553,initial,pp,-7.59415340423584
554,initial,pp,-7.194580078125
555,initial,pp,-8.940559387207031
556,initial,do,-7.856630802154541
557,initial,do,-9.544302940368652
558,initial,do,-7.826014995574951
559,initial,do,-9.118876457214355
560,initial,do,-9.676936149597168
561,initial,do,-7.998986721038818
562,initial,do,-7.57227087020874
563,initial,do,-9.132487297058105
564,initial,do,-9.544302940368652
565,initial,do,-9.171072006225586
566,initial,do,-6.439944744110107
567,initial,do,-6.85845422744751
568,initial,do,-7.591404438018799
569,initial,do,-7.985326290130615
570,initial,do,-6.6318206787109375
571,initial,do,-8.778642654418945
572,initial,do,-8.586349487304688
573,initial,do,-8.917329788208008
574,initial,do,-8.917329788208008
575,initial,do,-9.118653297424316
576,initial,do,-8.24042797088623
577,initial,do,-7.85977840423584
578,initial,do,-8.586349487304688
579,initial,do,-8.076281547546387
580,initial,do,-7.54433012008667
581,initial,do,-7.591404438018799
582,initial,do,-9.393110275268555
583,initial,do,-6.8502984046936035
584,initial,do,-7.295860290527344
585,initial,do,-9.226573944091797
586,initial,do,-8.307051658630371
587,initial,do,-7.945478439331055
588,initial,do,-6.8502984046936035
589,initial,do,-7.946479797363281
590,initial,do,-7.6011481285095215
591,initial,do,-8.702864646911621
592,initial,do,-8.472224235534668
593,initial,do,-8.702864646911621
594,initial,do,-8.800600051879883
595,initial,do,-7.826014995574951
596,initial,do,-9.553399085998535
597,initial,do,-7.591404438018799
598,initial,do,-9.171072006225586
599,initial,pp,-7.594738006591797
600,initial,pp,-9.345301628112793
601,initial,pp,-7.820212364196777
602,initial,pp,-9.249671936035156
603,initial,pp,-8.859904289245605
604,initial,pp,-7.9648213386535645
605,initial,pp,-7.111062526702881
606,initial,pp,-8.546181678771973
607,initial,pp,-9.345301628112793
608,initial,pp,-8.553142547607422
609,initial,pp,-6.534361362457275
610,initial,pp,-6.901768207550049
611,initial,pp,-7.366750240325928
612,initial,pp,-8.032722473144531
613,initial,pp,-6.483500957489014
614,initial,pp,-8.238643646240234
615,initial,pp,-8.933929443359375
616,initial,pp,-8.711042404174805
617,initial,pp,-8.711042404174805
618,initial,pp,-9.122678756713867
619,initial,do,-7.6008195877075195
620,initial,do,-6.873867034912109
621,initial,do,-7.874062538146973
622,initial,do,-7.439428329467773
623,initial,do,-8.106968879699707
624,initial,do,-7.362080097198486
625,initial,do,-7.425156116485596
626,initial,do,-7.523154258728027
627,initial,do,-7.631473541259766
628,initial,do,-8.312315940856934
629,initial,do,-6.964710235595703
630,initial,do,-5.800173759460449
631,initial,do,-6.703832626342773
632,initial,do,-6.949139595031738
633,initial,do,-6.4263105392456055
634,initial,do,-7.990479469299316
635,initial,do,-6.951722145080566
636,initial,do,-8.61945629119873
637,initial,do,-6.703832626342773
638,initial,do,-7.75888729095459
639,initial,do,-7.42501163482666
640,initial,do,-7.775047779083252
641,initial,do,-7.289792537689209
642,initial,do,-8.486661911010742
643,initial,do,-8.046875953674316
644,initial,do,-6.358450889587402
645,initial,do,-8.903358459472656
646,initial,do,-7.451694965362549
647,initial,do,-8.446118354797363
648,initial,do,-8.076275825500488
649,initial,do,-7.718453407287598
650,initial,do,-8.403794288635254
651,initial,do,-9.029051780700684
652,initial,do,-8.325715065002441
653,initial,do,-7.957860469818115
654,initial,do,-6.844936847686768
655,initial,do,-7.829874515533447
656,initial,do,-8.03499698638916
657,initial,do,-8.028568267822266
658,initial,do,-6.703832149505615
659,initial,do,-8.749520301818848
660,initial,do,-8.71374797821045
661,initial,do,-7.024194240570068
662,initial,pp,-7.2583184242248535
663,initial,pp,-6.481843948364258
664,initial,pp,-7.441825866699219
665,initial,pp,-7.052411079406738
666,initial,pp,-8.092703819274902
667,initial,pp,-7.599224090576172
668,initial,pp,-7.236249923706055
669,initial,pp,-7.856686115264893
670,initial,pp,-7.781341075897217
671,initial,pp,-8.266002655029297
672,initial,pp,-7.074106693267822
673,initial,pp,-5.695303440093994
674,initial,pp,-6.357119560241699
675,initial,pp,-6.633520603179932
676,initial,pp,-6.005752086639404
677,initial,pp,-7.784991264343262
678,initial,pp,-6.585042953491211
679,initial,pp,-7.861429214477539
680,initial,pp,-6.357119560241699
681,initial,pp,-7.39894437789917
682,initial,do,-8.43209457397461
683,initial,do,-9.673083305358887
684,initial,do,-7.889448165893555
685,initial,do,-7.007246017456055
686,initial,do,-8.53089714050293
687,initial,do,-8.301432609558105
688,initial,do,-9.83617877960205
689,initial,do,-10.36609935760498
690,initial,do,-7.461430072784424
691,initial,do,-8.574627876281738
692,initial,do,-7.690145015716553
693,initial,do,-8.952415466308594
694,initial,do,-7.760738372802734
695,initial,do,-7.64977502822876
696,initial,do,-9.036860466003418
697,initial,do,-7.990440368652344
698,initial,do,-8.398115158081055
699,initial,do,-8.193085670471191
700,initial,do,-9.178832054138184
701,initial,do,-7.4192070960998535
702,initial,do,-8.299744606018066
703,initial,do,-8.635068893432617
704,initial,do,-9.529263496398926
705,initial,do,-9.052751541137695
706,initial,do,-8.711233139038086
707,initial,do,-9.858746528625488
708,initial,do,-7.847810745239258
709,initial,do,-8.61457347869873
710,initial,do,-9.311211585998535
711,initial,do,-8.27475643157959
712,initial,do,-9.12460994720459
713,initial,do,-9.471104621887207
714,initial,do,-8.762434005737305
715,initial,do,-8.642274856567383
716,initial,do,-9.822575569152832
717,initial,do,-9.876338005065918
718,initial,do,-10.055662155151367
719,initial,do,-9.974090576171875
720,initial,do,-7.950088977813721
721,initial,do,-9.1210355758667
722,initial,do,-7.935865879058838
723,initial,do,-8.635918617248535
724,initial,do,-7.889538288116455
725,initial,pp,-8.705904960632324
726,initial,pp,-8.792637825012207
727,initial,pp,-7.234515190124512
728,initial,pp,-6.408479690551758
729,initial,pp,-8.733102798461914
730,initial,pp,-7.980554103851318
731,initial,pp,-9.124577522277832
732,initial,pp,-9.699909210205078
733,initial,pp,-7.0824151039123535
734,initial,pp,-8.321413040161133
735,initial,pp,-7.235862731933594
736,initial,pp,-8.778724670410156
737,initial,pp,-7.503266334533691
738,initial,pp,-7.665768623352051
739,initial,pp,-9.272560119628906
740,initial,pp,-8.095759391784668
741,initial,pp,-7.8030290603637695
742,initial,pp,-7.57364559173584
743,initial,pp,-8.661749839782715
744,initial,pp,-7.728603839874268
745,initial,pp,-7.095106601715088
746,initial,pp,-7.438828468322754
747,initial,pp,-7.659290790557861
748,initial,pp,-6.677626132965088
749,initial,pp,-7.941800594329834
750,initial,pp,-8.5531005859375
751,initial,pp,-8.737903594970703
752,initial,pp,-7.589791297912598
753,initial,pp,-7.563272476196289
754,initial,pp,-7.677005290985107
755,initial,pp,-6.890402793884277
756,initial,pp,-6.193233013153076
757,initial,pp,-7.263943195343018
758,initial,pp,-6.469295978546143
759,initial,pp,-7.7006096839904785
760,initial,pp,-7.965879917144775
761,initial,pp,-9.107076644897461
762,initial,pp,-8.821158409118652
763,initial,pp,-7.087683200836182
764,initial,pp,-7.506669521331787
765,initial,pp,-7.048911094665527
766,initial,pp,-8.058003425598145
767,initial,pp,-8.09092903137207
768,initial,pp,-7.351816177368164
769,initial,pp,-8.15825366973877
770,initial,pp,-8.233502388000488
771,initial,pp,-8.004289627075195
772,initial,pp,-8.814718246459961
773,initial,pp,-7.1272053718566895
774,initial,pp,-6.246303081512451
775,initial,pp,-7.947750568389893
776,initial,pp,-7.029686450958252
777,initial,pp,-7.078333854675293
778,initial,pp,-7.608616352081299
779,initial,pp,-8.42457389831543
780,initial,pp,-8.32023811340332
781,initial,pp,-8.218790054321289
782,initial,pp,-7.213437557220459
783,initial,pp,-8.309168815612793
784,initial,pp,-8.769657135009766
785,initial,do,-7.64480447769165
786,initial,do,-6.875504970550537
787,initial,do,-6.898360252380371
788,initial,do,-6.187476634979248
789,initial,do,-7.572077751159668
790,initial,do,-6.1867523193359375
791,initial,do,-6.5930256843566895
792,initial,do,-6.9811110496521
793,initial,do,-8.017000198364258
794,initial,do,-8.108316421508789
795,initial,do,-6.819428443908691
796,initial,do,-6.222880840301514
797,initial,do,-6.4225921630859375
798,initial,do,-8.61536979675293
799,initial,do,-5.7533416748046875
800,initial,do,-5.627182960510254
801,initial,do,-7.995590686798096
802,initial,do,-7.209285259246826
803,initial,do,-8.769400596618652
804,initial,do,-8.656405448913574
805,initial,do,-8.1536865234375
806,initial,do,-6.742769718170166
807,initial,do,-7.42039155960083
808,initial,do,-8.822195053100586
809,initial,do,-6.901137351989746
810,initial,do,-5.925956726074219
811,initial,do,-7.719847679138184
812,initial,do,-6.824923038482666
813,initial,do,-7.0569329261779785
814,initial,do,-7.196191787719727
815,initial,do,-6.550543785095215
816,initial,do,-7.433304786682129
817,initial,do,-6.473427772521973
818,initial,do,-5.487825870513916
819,initial,do,-8.019609451293945
820,initial,do,-5.627182960510254
821,initial,do,-8.431589126586914
822,initial,do,-6.683725833892822
823,initial,do,-6.994101047515869
824,initial,do,-8.206758499145508
825,initial,do,-7.786811828613281
826,initial,do,-7.059377193450928
827,initial,do,-8.22217082977295
828,initial,pp,-6.641159534454346
829,initial,pp,-6.352938652038574
830,initial,pp,-6.781674385070801
831,initial,pp,-6.130777835845947
832,initial,pp,-6.979623317718506
833,initial,pp,-6.079124450683594
834,initial,pp,-6.5918869972229
835,initial,pp,-6.7821364402771
836,initial,pp,-7.9623613357543945
837,initial,pp,-7.068142890930176
838,initial,pp,-6.464132785797119
839,initial,pp,-6.219105243682861
840,initial,pp,-6.222282409667969
841,initial,pp,-7.822381496429443
842,initial,pp,-5.703412055969238
843,initial,pp,-5.613975524902344
844,initial,pp,-7.4636101722717285
845,initial,pp,-6.758842468261719
846,initial,pp,-8.02392292022705
847,initial,pp,-7.700592041015625
848,initial,do,-6.587614059448242
849,initial,do,-7.152427673339844
850,initial,do,-6.494449138641357
851,initial,do,-8.4066801071167
852,initial,do,-6.374022960662842
853,initial,do,-7.770598888397217
854,initial,do,-7.598793983459473
855,initial,do,-6.679743766784668
856,initial,do,-6.527978420257568
857,initial,do,-7.192056179046631
858,initial,do,-7.737427711486816
859,initial,do,-6.534698963165283
860,initial,do,-7.144482135772705
861,initial,do,-5.3918890953063965
862,initial,do,-5.748229503631592
863,initial,do,-5.64171028137207
864,initial,do,-6.660519599914551
865,initial,do,-8.444117546081543
866,initial,do,-5.7670512199401855
867,initial,do,-6.729375839233398
868,initial,do,-6.923562049865723
869,initial,do,-6.404209136962891
870,initial,do,-8.67686653137207
871,initial,do,-6.127162456512451
872,initial,do,-6.228623390197754
873,initial,do,-6.862596035003662
874,initial,do,-6.527978420257568
875,initial,do,-6.2898054122924805
876,initial,do,-6.872110843658447
877,initial,do,-7.999966144561768
878,initial,do,-6.914833068847656
879,initial,do,-5.168992042541504
880,initial,do,-8.349899291992188
881,initial,do,-7.945252895355225
882,initial,do,-6.553407669067383
883,initial,do,-7.709895610809326
884,initial,do,-6.587614059448242
885,initial,do,-6.497926712036133
886,initial,do,-6.4846343994140625
887,initial,do,-7.388174057006836
888,initial,do,-8.425188064575195
889,initial,do,-7.748092174530029
890,initial,do,-6.377927303314209
891,initial,pp,-6.38686990737915
892,initial,pp,-6.862236976623535
893,initial,pp,-6.284246444702148
894,initial,pp,-8.088815689086914
895,initial,pp,-6.457821846008301
896,initial,pp,-7.533474922180176
897,initial,pp,-7.443772315979004
898,initial,pp,-6.4635186195373535
899,initial,pp,-6.30619478225708
900,initial,pp,-6.596088886260986
901,initial,pp,-7.328381061553955
902,initial,pp,-6.472103118896484
903,initial,pp,-6.699095249176025
904,initial,pp,-5.439998149871826
905,initial,pp,-5.875358581542969
906,initial,pp,-5.7811784744262695
907,initial,pp,-6.404465198516846
908,initial,pp,-7.975317478179932
909,initial,pp,-5.7791876792907715
910,initial,pp,-6.555690765380859
911,initial,do,-6.737910270690918
912,initial,do,-6.842197895050049
913,initial,do,-6.151677131652832
914,initial,do,-7.085581302642822
915,initial,do,-6.458956241607666
916,initial,do,-6.069423198699951
917,initial,do,-7.011192321777344
918,initial,do,-7.2614898681640625
919,initial,do,-7.034360885620117
920,initial,do,-7.224231243133545
921,initial,do,-6.848842144012451
922,initial,do,-6.746922492980957
923,initial,do,-7.672773361206055
924,initial,do,-6.4799089431762695
925,initial,do,-6.494476318359375
926,initial,do,-6.568374156951904
927,initial,do,-7.397702693939209
928,initial,do,-6.775935649871826
929,initial,do,-6.733064651489258
930,initial,do,-5.717933654785156
931,initial,do,-6.5698041915893555
932,initial,do,-6.144735813140869
933,initial,do,-6.625250816345215
934,initial,do,-5.497998237609863
935,initial,do,-6.377316474914551
936,initial,do,-6.960341453552246
937,initial,do,-5.451182842254639
938,initial,do,-5.889758110046387
939,initial,do,-7.384674072265625
940,initial,do,-6.4412760734558105
941,initial,do,-7.2974090576171875
942,initial,do,-7.38254451751709
943,initial,do,-6.649610996246338
944,initial,do,-6.7242326736450195
945,initial,do,-6.1904706954956055
946,initial,do,-7.599635601043701
947,initial,do,-6.524928569793701
948,initial,do,-6.5513596534729
949,initial,do,-7.2242302894592285
950,initial,do,-6.631561279296875
951,initial,do,-7.492537498474121
952,initial,do,-6.510582447052002
953,initial,do,-7.426246643066406
954,initial,pp,-6.7042927742004395
955,initial,pp,-6.617290496826172
956,initial,pp,-6.339569091796875
957,initial,pp,-6.996984958648682
958,initial,pp,-6.50705099105835
959,initial,pp,-6.316061496734619
960,initial,pp,-7.169421672821045
961,initial,pp,-7.611289024353027
962,initial,pp,-6.935662269592285
963,initial,pp,-7.045228481292725
964,initial,pp,-6.854930400848389
965,initial,pp,-6.624439716339111
966,initial,pp,-7.757010459899902
967,initial,pp,-6.424443244934082
968,initial,pp,-6.857146739959717
969,initial,pp,-7.027518272399902
970,initial,pp,-7.279379367828369
971,initial,pp,-6.978933334350586
972,initial,pp,-6.622842311859131
973,initial,pp,-5.731774806976318
974,initial,do,-7.990411281585693
975,initial,do,-7.368114471435547
976,initial,do,-8.436561584472656
977,initial,do,-7.45229959487915
978,initial,do,-6.9782891273498535
979,initial,do,-6.78963041305542
980,initial,do,-8.125626564025879
981,initial,do,-5.984103679656982
982,initial,do,-7.415480136871338
983,initial,do,-6.733057498931885
984,initial,do,-7.639132022857666
985,initial,do,-7.661384582519531
986,initial,do,-7.9327497482299805
987,initial,do,-6.576559066772461
988,initial,do,-8.655762672424316
989,initial,do,-8.550285339355469
990,initial,do,-9.239828109741211
991,initial,do,-6.572804927825928
992,initial,do,-7.44508695602417
993,initial,do,-7.3789544105529785
994,initial,do,-6.103891849517822
995,initial,do,-8.127555847167969
996,initial,do,-6.892059803009033
997,initial,do,-7.345141887664795
998,initial,do,-7.659717082977295
999,initial,do,-6.635926246643066
1000,initial,do,-6.347321033477783
1001,initial,do,-6.543593406677246
1002,initial,do,-7.162891864776611
1003,initial,do,-7.3789544105529785
1004,initial,do,-7.293982028961182
1005,initial,do,-6.692523956298828
1006,initial,do,-8.154035568237305
1007,initial,do,-7.14355993270874
1008,initial,do,-7.471500873565674
1009,initial,do,-6.512861728668213
1010,initial,do,-6.828440189361572
1011,initial,do,-8.220813751220703
1012,initial,do,-7.552644729614258
1013,initial,do,-8.02247142791748
1014,initial,do,-7.552644729614258
1015,initial,do,-6.854020595550537
1016,initial,do,-5.942509651184082
1017,initial,pp,-6.995735168457031
1018,initial,pp,-6.92510986328125
1019,initial,pp,-7.836847305297852
1020,initial,pp,-6.911900520324707
1021,initial,pp,-6.456440448760986
1022,initial,pp,-6.825844764709473
1023,initial,pp,-7.6563520431518555
1024,initial,pp,-5.491593360900879
1025,initial,pp,-7.206814289093018
1026,initial,pp,-6.126513481140137
1027,initial,pp,-7.705471992492676
1028,initial,pp,-7.4737396240234375
1029,initial,pp,-7.17732048034668
1030,initial,pp,-6.247348785400391
1031,initial,pp,-7.969958782196045
1032,initial,pp,-8.512588500976562
1033,initial,pp,-8.189581871032715
1034,initial,pp,-6.529479503631592
1035,initial,pp,-6.917130470275879
1036,initial,pp,-7.531743049621582
1037,initial,pp,-6.940126895904541
1038,initial,pp,-6.131531238555908
1039,initial,pp,-7.2250285148620605
1040,initial,pp,-6.888284206390381
1041,initial,pp,-5.821725845336914
1042,initial,pp,-6.990524768829346
1043,initial,pp,-8.348386764526367
1044,initial,pp,-5.369039058685303
1045,initial,pp,-7.6098151206970215
1046,initial,pp,-6.4165873527526855
1047,initial,pp,-8.435895919799805
1048,initial,pp,-6.270332336425781
1049,initial,pp,-6.103957176208496
1050,initial,pp,-6.0842366218566895
1051,initial,pp,-5.402846336364746
1052,initial,pp,-7.070204257965088
1053,initial,pp,-7.191816329956055
1054,initial,pp,-6.651861667633057
1055,initial,pp,-5.699231147766113
1056,initial,pp,-5.978991508483887
1057,initial,pp,-6.496901988983154
1058,initial,pp,-6.143777847290039
1059,initial,pp,-6.814970970153809
1060,initial,pp,-5.8345417976379395
1061,initial,pp,-6.425210952758789
1062,initial,pp,-6.759820938110352
1063,initial,pp,-6.003949165344238
1064,initial,pp,-6.551738262176514
1065,initial,pp,-6.767944812774658
1066,initial,pp,-6.421839714050293
1067,initial,pp,-7.322682857513428
1068,initial,pp,-5.896557331085205
1069,initial,pp,-5.983505725860596
1070,initial,pp,-6.374377727508545
1071,initial,pp,-6.328221321105957
1072,initial,pp,-6.18739652633667
1073,initial,pp,-5.945862770080566
1074,initial,pp,-6.5794997215271
1075,initial,pp,-5.914692401885986
1076,initial,pp,-7.281534194946289
1077,initial,do,-8.698674201965332
1078,initial,do,-8.89887523651123
1079,initial,do,-8.690409660339355
1080,initial,do,-8.612515449523926
1081,initial,do,-7.898007869720459
1082,initial,do,-8.256199836730957
1083,initial,do,-8.215914726257324
1084,initial,do,-8.40215015411377
1085,initial,do,-8.163658142089844
1086,initial,do,-7.266529083251953
1087,initial,do,-8.17772102355957
1088,initial,do,-7.781129360198975
1089,initial,do,-8.02100658416748
1090,initial,do,-8.827280044555664
1091,initial,do,-8.640528678894043
1092,initial,do,-7.759416580200195
1093,initial,do,-8.347840309143066
1094,initial,do,-8.396344184875488
1095,initial,do,-6.922545433044434
1096,initial,do,-8.534001350402832
1097,initial,do,-8.757222175598145
1098,initial,do,-8.21317195892334
1099,initial,do,-8.918896675109863
1100,initial,do,-8.492987632751465
1101,initial,do,-8.706015586853027
1102,initial,do,-8.446184158325195
1103,initial,do,-8.36156940460205
1104,initial,do,-7.8260650634765625
1105,initial,do,-8.307266235351562
1106,initial,do,-7.410767078399658
1107,initial,do,-8.21317195892334
1108,initial,do,-8.920619010925293
1109,initial,do,-6.383914947509766
1110,initial,do,-8.955887794494629
1111,initial,do,-7.544360637664795
1112,initial,do,-7.452126979827881
1113,initial,do,-8.44804573059082
1114,initial,do,-8.1099214553833
1115,initial,do,-8.449675559997559
1116,initial,do,-8.606302261352539
1117,initial,do,-8.512619972229004
1118,initial,do,-9.200037002563477
1119,initial,do,-7.109647274017334
1120,initial,pp,-7.738722801208496
1121,initial,pp,-7.8730573654174805
1122,initial,pp,-7.817459583282471
1123,initial,pp,-7.042830467224121
1124,initial,pp,-6.7712883949279785
1125,initial,pp,-7.502626895904541
1126,initial,pp,-7.124998569488525
1127,initial,pp,-7.467287540435791
1128,initial,pp,-6.922017574310303
1129,initial,pp,-6.478602409362793
1130,initial,pp,-7.0235419273376465
1131,initial,pp,-6.4507670402526855
1132,initial,pp,-7.401682376861572
1133,initial,pp,-7.913181781768799
1134,initial,pp,-7.636921405792236
1135,initial,pp,-7.132759094238281
1136,initial,pp,-7.337540626525879
1137,initial,pp,-7.112103462219238
1138,initial,pp,-6.780548095703125
1139,initial,pp,-7.4557952880859375
1140,initial,do,-8.494762420654297
1141,initial,do,-7.913384914398193
1142,initial,do,-6.538425922393799
1143,initial,do,-8.42084789276123
1144,initial,do,-6.967639923095703
1145,initial,do,-7.574897289276123
1146,initial,do,-8.494762420654297
1147,initial,do,-9.074950218200684
1148,initial,do,-8.079666137695312
1149,initial,do,-7.564655780792236
1150,initial,do,-7.497912883758545
1151,initial,do,-8.944055557250977
1152,initial,do,-8.69770336151123
1153,initial,do,-9.030547142028809
1154,initial,do,-7.978729248046875
1155,initial,do,-6.920803070068359
1156,initial,do,-8.044590950012207
1157,initial,do,-7.050201416015625
1158,initial,do,-8.679305076599121
1159,initial,do,-8.438435554504395
1160,initial,do,-8.924054145812988
1161,initial,do,-6.749512195587158
1162,initial,do,-7.528109550476074
1163,initial,do,-7.17940616607666
1164,initial,do,-7.913384914398193
1165,initial,do,-7.364215850830078
1166,initial,do,-8.472006797790527
1167,initial,do,-7.548938274383545
1168,initial,do,-8.440814018249512
1169,initial,do,-7.780834674835205
1170,initial,do,-6.717447757720947
1171,initial,do,-8.01451301574707
1172,initial,do,-8.044590950012207
1173,initial,do,-8.211281776428223
1174,initial,do,-8.310410499572754
1175,initial,do,-8.310410499572754
1176,initial,do,-8.453340530395508
1177,initial,do,-8.730899810791016
1178,initial,do,-7.85518217086792
1179,initial,do,-6.920803070068359
1180,initial,do,-7.528109550476074
1181,initial,do,-8.177003860473633
1182,initial,do,-7.548938274383545
1183,initial,pp,-7.889962196350098
1184,initial,pp,-7.4413533210754395
1185,initial,pp,-6.3637847900390625
1186,initial,pp,-7.52948522567749
1187,initial,pp,-6.494650363922119
1188,initial,pp,-7.019047737121582
1189,initial,pp,-7.889961242675781
1190,initial,pp,-8.373319625854492
1191,initial,pp,-7.373027324676514
1192,initial,pp,-6.945282936096191
1193,initial,pp,-7.12801456451416
1194,initial,pp,-8.1312837600708
1195,initial,pp,-7.869257926940918
1196,initial,pp,-8.156204223632812
1197,initial,pp,-7.387156963348389
1198,initial,pp,-6.591433048248291
1199,initial,pp,-7.476053237915039
1200,initial,pp,-6.860619068145752
1201,initial,pp,-7.955615043640137
1202,initial,pp,-7.468758583068848
1203,initial,do,-7.922914028167725
1204,initial,do,-7.0243821144104
1205,initial,do,-7.871149063110352
1206,initial,do,-7.3418073654174805
1207,initial,do,-7.800520420074463
1208,initial,do,-6.86820125579834
1209,initial,do,-7.766720294952393
1210,initial,do,-7.025789737701416
1211,initial,do,-6.609197616577148
1212,initial,do,-7.152191162109375
1213,initial,do,-7.398387908935547
1214,initial,do,-6.6528120040893555
1215,initial,do,-6.608490943908691
1216,initial,do,-7.207412242889404
1217,initial,do,-7.263815879821777
1218,initial,do,-6.915316581726074
1219,initial,do,-7.388188362121582
1220,initial,do,-7.426814556121826
1221,initial,do,-6.567408561706543
1222,initial,do,-6.439460754394531
1223,initial,do,-8.28648567199707
1224,initial,do,-7.969811916351318
1225,initial,do,-8.017926216125488
1226,initial,do,-7.2998857498168945
1227,initial,do,-7.499391555786133
1228,initial,do,-7.732197284698486
1229,initial,do,-6.969639778137207
1230,initial,do,-7.50748872756958
1231,initial,do,-7.068198204040527
1232,initial,do,-7.067593574523926
1233,initial,do,-7.713168621063232
1234,initial,do,-7.453732967376709
1235,initial,do,-7.076934814453125
1236,initial,do,-7.356631755828857
1237,initial,do,-7.384592533111572
1238,initial,do,-7.62056827545166
1239,initial,do,-6.150121212005615
1240,initial,do,-7.0451436042785645
1241,initial,do,-7.639641761779785
1242,initial,do,-6.039487361907959
1243,initial,do,-6.781651496887207
1244,initial,do,-7.997963905334473
1245,initial,do,-7.079236030578613
1246,initial,pp,-7.798933029174805
1247,initial,pp,-6.5830278396606445
1248,initial,pp,-7.402191162109375
1249,initial,pp,-7.161293983459473
1250,initial,pp,-7.18556547164917
1251,initial,pp,-6.406427383422852
1252,initial,pp,-7.347352981567383
1253,initial,pp,-6.849342346191406
1254,initial,pp,-6.264960289001465
1255,initial,pp,-7.150059223175049
1256,initial,pp,-7.090280532836914
1257,initial,pp,-6.952479362487793
1258,initial,pp,-6.780652046203613
1259,initial,pp,-6.72395133972168
1260,initial,pp,-6.954739093780518
1261,initial,pp,-6.442136764526367
1262,initial,pp,-7.013246536254883
1263,initial,pp,-7.065834999084473
1264,initial,pp,-6.448133945465088
1265,initial,pp,-6.155064582824707
1266,initial,do,-7.4861626625061035
1267,initial,do,-7.963048458099365
1268,initial,do,-8.064630508422852
1269,initial,do,-7.814853191375732
1270,initial,do,-6.99849271774292
1271,initial,do,-8.666955947875977
1272,initial,do,-9.66036319732666
1273,initial,do,-8.503485679626465
1274,initial,do,-6.986340045928955
1275,initial,do,-9.492030143737793
1276,initial,do,-8.637038230895996
1277,initial,do,-7.326000690460205
1278,initial,do,-8.687687873840332
1279,initial,do,-8.913863182067871
1280,initial,do,-8.182520866394043
1281,initial,do,-9.267287254333496
1282,initial,do,-8.203479766845703
1283,initial,do,-8.38469409942627
1284,initial,do,-7.536835193634033
1285,initial,do,-8.54212760925293
1286,initial,do,-6.927510738372803
1287,initial,do,-8.172469139099121
1288,initial,do,-8.458074569702148
1289,initial,do,-9.093664169311523
1290,initial,do,-8.413678169250488
1291,initial,do,-8.421174049377441
1292,initial,do,-8.427218437194824
1293,initial,do,-9.64424991607666
1294,initial,do,-8.410260200500488
1295,initial,do,-8.216717720031738
1296,initial,do,-7.881326198577881
1297,initial,do,-9.15656566619873
1298,initial,do,-7.672387599945068
1299,initial,do,-6.399353981018066
1300,initial,do,-8.439249992370605
1301,initial,do,-9.408513069152832
1302,initial,do,-9.07331371307373
1303,initial,do,-7.897572994232178
1304,initial,do,-7.122575283050537
1305,initial,do,-8.85531997680664
1306,initial,do,-8.965106010437012
1307,initial,do,-7.994036674499512
1308,initial,do,-8.612383842468262
1309,initial,pp,-6.859874725341797
1310,initial,pp,-7.00377893447876
1311,initial,pp,-6.787861347198486
1312,initial,pp,-6.846644401550293
1313,initial,pp,-5.903071403503418
1314,initial,pp,-8.15818977355957
1315,initial,pp,-9.006854057312012
1316,initial,pp,-7.808594226837158
1317,initial,pp,-5.830822944641113
1318,initial,pp,-8.56169319152832
1319,initial,pp,-8.05286693572998
1320,initial,pp,-6.670108795166016
1321,initial,pp,-8.03469467163086
1322,initial,pp,-7.668154239654541
1323,initial,pp,-7.556972026824951
1324,initial,pp,-8.230810165405273
1325,initial,pp,-7.2695136070251465
1326,initial,pp,-7.899430274963379
1327,initial,pp,-6.7640767097473145
1328,initial,pp,-8.14159107208252
1329,initial,pp,-6.418393611907959
1330,initial,pp,-6.450765609741211
1331,initial,pp,-7.647225379943848
1332,initial,pp,-7.892801284790039
1333,initial,pp,-8.101309776306152
1334,initial,pp,-6.990605354309082
1335,initial,pp,-5.763260841369629
1336,initial,pp,-6.318358898162842
1337,initial,pp,-6.8711957931518555
1338,initial,pp,-7.657400131225586
1339,initial,pp,-6.258103847503662
1340,initial,pp,-7.598560810089111
1341,initial,pp,-6.672115802764893
1342,initial,pp,-8.468198776245117
1343,initial,pp,-8.012333869934082
1344,initial,pp,-6.29749870300293
1345,initial,pp,-7.886036396026611
1346,initial,pp,-5.922422409057617
1347,initial,pp,-7.581484317779541
1348,initial,pp,-6.654926776885986
1349,initial,pp,-6.636499404907227
1350,initial,pp,-7.146781921386719
1351,initial,pp,-7.531574249267578
1352,initial,pp,-6.684170722961426
1353,initial,pp,-6.905211448669434
1354,initial,pp,-5.850725173950195
1355,initial,pp,-5.986114025115967
1356,initial,pp,-6.512791633605957
1357,initial,pp,-7.202033042907715
1358,initial,pp,-7.056281089782715
1359,initial,pp,-6.511757850646973
1360,initial,pp,-6.704782009124756
1361,initial,pp,-6.256564140319824
1362,initial,pp,-6.24735689163208
1363,initial,pp,-6.684562683105469
1364,initial,pp,-6.679481029510498
1365,initial,pp,-7.433304786682129
1366,initial,pp,-6.96757698059082
1367,initial,pp,-6.21988582611084
1368,initial,pp,-6.801880836486816
1,final,pp,-14.409255981445312
2,final,pp,-9.173060417175293
3,final,pp,-6.971523761749268
4,final,pp,-13.61389446258545
5,final,pp,-13.44620132446289
6,final,pp,-8.493828773498535
7,final,pp,-9.230364799499512
8,final,pp,-8.898951530456543
9,final,pp,-7.68975305557251
10,final,pp,-7.853048801422119
11,final,pp,-13.477862358093262
12,final,pp,-9.756338119506836
13,final,pp,-8.521873474121094
14,final,pp,-10.187782287597656
15,final,pp,-11.62488079071045
16,final,pp,-8.898951530456543
17,final,pp,-10.282357215881348
18,final,pp,-8.534788131713867
19,final,pp,-7.676147937774658
20,final,pp,-7.616186618804932
21,final,pp,-6.582343578338623
22,final,pp,-13.088475227355957
23,final,pp,-9.952288627624512
24,final,pp,-13.820414543151855
25,final,pp,-13.022381782531738
26,final,pp,-10.728813171386719
27,final,pp,-11.286834716796875
28,final,pp,-10.540931701660156
29,final,pp,-11.268726348876953
30,final,pp,-8.017312049865723
31,final,pp,-12.527694702148438
32,final,pp,-13.820414543151855
33,final,pp,-11.123200416564941
34,final,pp,-9.119978904724121
35,final,pp,-9.607476234436035
36,final,pp,-10.022847175598145
37,final,pp,-11.268723487854004
38,final,pp,-7.181962490081787
39,final,pp,-8.000001907348633
40,final,pp,-8.51203441619873
41,final,pp,-11.31945514678955
42,final,pp,-11.668174743652344
43,final,pp,-10.439841270446777
44,final,pp,-9.286970138549805
45,final,pp,-7.831299304962158
46,final,pp,-11.359081268310547
47,final,pp,-14.616125106811523
48,final,pp,-11.855317115783691
49,final,pp,-11.601057052612305
50,final,pp,-12.28781795501709
51,final,pp,-9.734601974487305
52,final,pp,-10.223999977111816
53,final,pp,-12.6363525390625
54,final,pp,-9.834053039550781
55,final,pp,-11.820551872253418
56,final,pp,-8.417760848999023
57,final,pp,-10.5324068069458
58,final,pp,-13.884231567382812
59,final,pp,-11.780916213989258
60,final,pp,-8.7291259765625
61,final,pp,-9.515591621398926
62,final,pp,-11.44353199005127
63,final,pp,-8.134628295898438
64,final,pp,-8.749699592590332
65,final,pp,-14.38144588470459
66,final,pp,-9.26371955871582
67,final,pp,-9.970017433166504
68,final,pp,-12.178382873535156
69,final,pp,-12.36212158203125
70,final,pp,-11.59191608428955
71,final,pp,-9.477033615112305
72,final,pp,-10.35022258758545
73,final,pp,-8.956658363342285
74,final,pp,-12.664047241210938
75,final,pp,-13.990263938903809
76,final,pp,-13.3432035446167
77,final,pp,-14.767450332641602
78,final,pp,-8.624641418457031
79,final,pp,-8.647123336791992
80,final,pp,-11.128822326660156
81,final,pp,-7.96608304977417
82,final,pp,-9.04271125793457
83,final,pp,-6.902307033538818
84,final,pp,-6.119510650634766
85,final,pp,-9.04271125793457
86,final,pp,-8.2642183303833
87,final,pp,-9.477791786193848
88,final,pp,-7.165770530700684
89,final,pp,-7.216802597045898
90,final,pp,-5.872109413146973
91,final,pp,-7.617030143737793
92,final,pp,-6.796170234680176
93,final,pp,-9.420296669006348
94,final,pp,-8.826940536499023
95,final,pp,-5.817387580871582
96,final,pp,-9.041221618652344
97,final,pp,-8.46667766571045
98,final,pp,-6.7466325759887695
99,final,pp,-7.86177396774292
100,final,pp,-6.833359718322754
101,final,pp,-13.123165130615234
102,final,pp,-9.403787612915039
103,final,pp,-9.847253799438477
104,final,pp,-11.793142318725586
105,final,pp,-6.115478038787842
106,final,pp,-10.547863960266113
107,final,pp,-9.910305976867676
108,final,pp,-11.758576393127441
109,final,pp,-12.106950759887695
110,final,pp,-7.655897617340088
111,final,pp,-7.493434906005859
112,final,pp,-11.684657096862793
113,final,pp,-11.815150260925293
114,final,pp,-13.267009735107422
115,final,pp,-10.603189468383789
116,final,pp,-8.942780494689941
117,final,pp,-10.452093124389648
118,final,pp,-12.836528778076172
119,final,pp,-10.682992935180664
120,final,pp,-7.914177894592285
121,final,pp,-11.977340698242188
122,final,pp,-7.571943283081055
123,final,pp,-12.782289505004883
124,final,pp,-10.615582466125488
125,final,pp,-6.97970724105835
126,final,pp,-6.989194869995117
127,final,pp,-8.31774616241455
128,final,pp,-7.811013698577881
129,final,pp,-10.037728309631348
130,final,pp,-8.093201637268066
131,final,pp,-10.037728309631348
132,final,pp,-7.571948528289795
133,final,pp,-11.748600959777832
134,final,pp,-6.078121662139893
135,final,pp,-7.571948528289795
136,final,pp,-6.989198207855225
137,final,pp,-5.813055038452148
138,final,pp,-9.341556549072266
139,final,pp,-6.463667392730713
140,final,pp,-7.634766101837158
141,final,pp,-9.602761268615723
142,final,pp,-10.788244247436523
143,final,pp,-6.748056888580322
144,final,pp,-11.182209968566895
145,final,pp,-7.861725807189941
146,final,pp,-9.05916976928711
147,final,pp,-10.35881233215332
148,final,pp,-7.587001323699951
149,final,pp,-6.871442794799805
150,final,pp,-8.544575691223145
151,final,pp,-12.586831092834473
152,final,pp,-10.301031112670898
153,final,pp,-6.705920219421387
154,final,pp,-11.029303550720215
155,final,pp,-9.353612899780273
156,final,pp,-11.916152954101562
157,final,pp,-11.584213256835938
158,final,pp,-11.23202896118164
159,final,pp,-6.377597332000732
160,final,pp,-11.444633483886719
161,final,pp,-13.268364906311035
162,final,pp,-5.886787414550781
163,final,pp,-7.414727687835693
164,final,pp,-7.3952412605285645
165,final,pp,-12.161355018615723
166,final,pp,-8.735128402709961
167,final,pp,-13.38631534576416
168,final,pp,-7.296353816986084
169,final,pp,-7.291334629058838
170,final,pp,-9.666285514831543
171,final,pp,-7.414727687835693
172,final,pp,-9.09127140045166
173,final,pp,-9.623093605041504
174,final,pp,-8.32297420501709
175,final,pp,-7.838231563568115
176,final,pp,-12.161355018615723
177,final,pp,-6.655007839202881
178,final,pp,-13.278911590576172
179,final,pp,-12.699310302734375
180,final,pp,-10.764901161193848
181,final,pp,-6.621449947357178
182,final,pp,-8.978726387023926
183,final,pp,-5.3693461418151855
184,final,pp,-8.951709747314453
185,final,pp,-8.588624000549316
186,final,pp,-7.838906764984131
187,final,pp,-7.087060928344727
188,final,pp,-5.25425386428833
189,final,pp,-8.80958366394043
190,final,pp,-6.225712299346924
191,final,pp,-5.7674241065979
192,final,pp,-7.3955183029174805
193,final,pp,-7.0833024978637695
194,final,pp,-5.501353740692139
195,final,pp,-6.672833442687988
196,final,pp,-6.392102241516113
197,final,pp,-5.681136131286621
198,final,pp,-4.685500144958496
199,final,pp,-9.330979347229004
200,final,pp,-7.33984899520874
201,final,pp,-8.034058570861816
202,final,pp,-6.455650806427002
203,final,pp,-10.667231559753418
204,final,pp,-10.80762767791748
205,final,pp,-7.010832786560059
206,final,pp,-5.920558452606201
207,final,pp,-11.00390338897705
208,final,pp,-8.644514083862305
209,final,pp,-7.0675578117370605
210,final,pp,-7.765724182128906
211,final,pp,-9.104498863220215
212,final,pp,-11.793646812438965
213,final,pp,-6.121993064880371
214,final,pp,-9.398730278015137
215,final,pp,-6.3531270027160645
216,final,pp,-10.5870361328125
217,final,pp,-5.492909908294678
218,final,pp,-5.753443241119385
219,final,pp,-8.928783416748047
220,final,pp,-9.665533065795898
221,final,do,-12.8475923538208
222,final,do,-7.506313800811768
223,final,do,-9.317309379577637
224,final,do,-8.360282897949219
225,final,do,-9.343846321105957
226,final,do,-11.058146476745605
227,final,do,-13.466458320617676
228,final,do,-11.284546852111816
229,final,do,-9.018576622009277
230,final,do,-7.581508159637451
231,final,do,-12.17670726776123
232,final,do,-11.897433280944824
233,final,do,-12.450758934020996
234,final,do,-11.284546852111816
235,final,do,-8.143080711364746
236,final,do,-8.11445426940918
237,final,do,-7.28505277633667
238,final,do,-8.729516983032227
239,final,do,-10.859736442565918
240,final,do,-8.025390625
241,final,do,-12.450758934020996
242,final,do,-8.09162425994873
243,final,do,-11.490495681762695
244,final,do,-8.729516983032227
245,final,do,-9.574666023254395
246,final,do,-10.337729454040527
247,final,do,-7.858824729919434
248,final,do,-9.766817092895508
249,final,do,-8.665066719055176
250,final,do,-9.335660934448242
251,final,do,-8.614445686340332
252,final,do,-13.143213272094727
253,final,do,-11.107537269592285
254,final,do,-7.8188934326171875
255,final,do,-7.426459312438965
256,final,do,-9.276739120483398
257,final,do,-13.253507614135742
258,final,do,-7.8188934326171875
259,final,do,-9.922109603881836
260,final,do,-8.614445686340332
261,final,do,-9.335660934448242
262,final,do,-9.789740562438965
263,final,do,-8.88536262512207
264,final,pp,-11.85187816619873
265,final,pp,-6.793832778930664
266,final,pp,-8.486289978027344
267,final,pp,-7.556849956512451
268,final,pp,-8.8050537109375
269,final,pp,-10.041536331176758
270,final,pp,-12.269047737121582
271,final,pp,-10.221230506896973
272,final,pp,-8.719442367553711
273,final,pp,-7.140948295593262
274,final,pp,-11.33517074584961
275,final,pp,-10.2307710647583
276,final,pp,-11.253471374511719
277,final,pp,-10.221230506896973
278,final,pp,-7.677457809448242
279,final,pp,-7.42512845993042
280,final,pp,-7.178581237792969
281,final,pp,-7.841472625732422
282,final,pp,-10.051777839660645
283,final,pp,-7.395871639251709
284,final,do,-7.253791809082031
285,final,do,-6.419399261474609
286,final,do,-8.401110649108887
287,final,do,-10.152653694152832
288,final,do,-9.0872802734375
289,final,do,-7.776759624481201
290,final,do,-8.803476333618164
291,final,do,-10.444491386413574
292,final,do,-9.0872802734375
293,final,do,-8.571359634399414
294,final,do,-7.4127326011657715
295,final,do,-6.492274284362793
296,final,do,-7.336899280548096
297,final,do,-12.229881286621094
298,final,do,-6.784348011016846
299,final,do,-7.746714115142822
300,final,do,-10.34200382232666
301,final,do,-7.573760986328125
302,final,do,-7.674161434173584
303,final,do,-7.370269298553467
304,final,do,-7.687216758728027
305,final,do,-8.803476333618164
306,final,do,-8.627640724182129
307,final,do,-8.461161613464355
308,final,do,-10.152653694152832
309,final,do,-9.218011856079102
310,final,do,-9.126062393188477
311,final,do,-12.270298957824707
312,final,do,-10.152653694152832
313,final,do,-8.377793312072754
314,final,do,-7.77099084854126
315,final,do,-6.765347480773926
316,final,do,-8.054975509643555
317,final,do,-11.422517776489258
318,final,do,-9.126062393188477
319,final,do,-7.573760986328125
320,final,do,-7.063127040863037
321,final,do,-7.604938983917236
322,final,do,-8.401108741760254
323,final,do,-12.148125648498535
324,final,do,-10.651978492736816
325,final,do,-10.764298439025879
326,final,do,-12.777581214904785
327,final,pp,-7.289678573608398
328,final,pp,-6.685486793518066
329,final,pp,-8.208988189697266
330,final,pp,-9.828326225280762
331,final,pp,-9.152320861816406
332,final,pp,-7.471236228942871
333,final,pp,-8.087352752685547
334,final,pp,-10.293787002563477
335,final,pp,-9.152320861816406
336,final,pp,-8.298681259155273
337,final,pp,-7.479372978210449
338,final,pp,-6.647824287414551
339,final,pp,-7.294931888580322
340,final,pp,-11.816611289978027
341,final,pp,-6.953590393066406
342,final,pp,-7.848823547363281
343,final,pp,-10.124516487121582
344,final,pp,-7.766905784606934
345,final,pp,-7.650313377380371
346,final,pp,-7.457183837890625
347,final,do,-8.80435562133789
348,final,do,-9.413393020629883
349,final,do,-9.082131385803223
350,final,do,-8.583553314208984
351,final,do,-11.491288185119629
352,final,do,-8.306819915771484
353,final,do,-12.025861740112305
354,final,do,-8.689139366149902
355,final,do,-7.9972076416015625
356,final,do,-10.878561019897461
357,final,do,-7.918540954589844
358,final,do,-9.128902435302734
359,final,do,-12.16158390045166
360,final,do,-10.78230094909668
361,final,do,-7.779743671417236
362,final,do,-9.667926788330078
363,final,do,-11.470977783203125
364,final,do,-8.239360809326172
365,final,do,-10.432291030883789
366,final,do,-9.616870880126953
367,final,do,-9.099557876586914
368,final,do,-8.140863418579102
369,final,do,-10.943063735961914
370,final,do,-7.185147762298584
371,final,do,-8.58033275604248
372,final,do,-11.094371795654297
373,final,do,-8.04167366027832
374,final,do,-8.85432243347168
375,final,do,-9.228910446166992
376,final,do,-11.832555770874023
377,final,do,-8.203577995300293
378,final,do,-9.727736473083496
379,final,do,-9.621952056884766
380,final,do,-10.331851959228516
381,final,do,-12.468297958374023
382,final,do,-7.62673282623291
383,final,do,-8.119691848754883
384,final,do,-8.58033275604248
385,final,do,-7.682770729064941
386,final,do,-8.041671752929688
387,final,do,-11.824484825134277
388,final,do,-8.775510787963867
389,final,do,-12.212875366210938
390,final,pp,-8.329208374023438
391,final,pp,-8.678349494934082
392,final,pp,-8.249106407165527
393,final,pp,-8.401904106140137
394,final,pp,-10.222665786743164
395,final,pp,-8.781917572021484
396,final,pp,-11.361656188964844
397,final,pp,-8.1322021484375
398,final,pp,-7.234241485595703
399,final,pp,-9.930930137634277
400,final,pp,-7.269309043884277
401,final,pp,-9.111889839172363
402,final,pp,-11.153766632080078
403,final,pp,-10.525897026062012
404,final,pp,-7.677379608154297
405,final,pp,-10.348919868469238
406,final,pp,-10.50106430053711
407,final,pp,-7.2397613525390625
408,final,pp,-11.185260772705078
409,final,pp,-9.213101387023926
410,final,do,-8.643244743347168
411,final,do,-9.539522171020508
412,final,do,-11.781105041503906
413,final,do,-12.334236145019531
414,final,do,-9.084691047668457
415,final,do,-10.820825576782227
416,final,do,-10.848691940307617
417,final,do,-12.537132263183594
418,final,do,-10.270261764526367
419,final,do,-8.002235412597656
420,final,do,-14.032125473022461
421,final,do,-12.075296401977539
422,final,do,-9.940415382385254
423,final,do,-10.56744384765625
424,final,do,-7.51887845993042
425,final,do,-12.2157621383667
426,final,do,-7.9165496826171875
427,final,do,-8.595182418823242
428,final,do,-10.767372131347656
429,final,do,-9.378653526306152
430,final,do,-12.8516263961792
431,final,do,-13.44482135772705
432,final,do,-8.595182418823242
433,final,do,-10.168432235717773
434,final,do,-12.610328674316406
435,final,do,-10.935542106628418
436,final,do,-9.28557014465332
437,final,do,-9.661437034606934
438,final,do,-11.427790641784668
439,final,do,-9.645387649536133
440,final,do,-14.954047203063965
441,final,do,-13.458772659301758
442,final,do,-12.380767822265625
443,final,do,-10.656563758850098
444,final,do,-9.697976112365723
445,final,do,-8.772582054138184
446,final,do,-12.2157621383667
447,final,do,-8.53045654296875
448,final,do,-8.511035919189453
449,final,do,-7.5590386390686035
450,final,do,-9.899527549743652
451,final,do,-12.472289085388184
452,final,do,-13.365132331848145
453,final,pp,-7.506734848022461
454,final,pp,-10.473984718322754
455,final,pp,-10.785137176513672
456,final,pp,-10.998865127563477
457,final,pp,-7.97571325302124
458,final,pp,-9.812392234802246
459,final,pp,-9.723201751708984
460,final,pp,-11.098756790161133
461,final,pp,-9.360013961791992
462,final,pp,-7.196644306182861
463,final,pp,-13.13984489440918
464,final,pp,-10.74598217010498
465,final,pp,-8.796931266784668
466,final,pp,-8.827095985412598
467,final,pp,-7.139055252075195
468,final,pp,-10.57594108581543
469,final,pp,-7.343664169311523
470,final,pp,-7.908525466918945
471,final,pp,-9.635629653930664
472,final,pp,-7.8926825523376465
473,final,pp,-7.350155353546143
474,final,pp,-10.62724781036377
475,final,pp,-11.000875473022461
476,final,pp,-10.334388732910156
477,final,pp,-8.910195350646973
478,final,pp,-6.911601543426514
479,final,pp,-8.35865592956543
480,final,pp,-11.515961647033691
481,final,pp,-9.839693069458008
482,final,pp,-8.38703441619873
483,final,pp,-7.175743103027344
484,final,pp,-10.677641868591309
485,final,pp,-8.550588607788086
486,final,pp,-7.51760196685791
487,final,pp,-9.459367752075195
488,final,pp,-8.145258903503418
489,final,pp,-9.945524215698242
490,final,pp,-8.677318572998047
491,final,pp,-9.42202377319336
492,final,pp,-6.883114814758301
493,final,do,-15.61994743347168
494,final,do,-15.24290657043457
495,final,do,-14.038650512695312
496,final,do,-7.625770568847656
497,final,do,-9.317227363586426
498,final,do,-10.043527603149414
499,final,do,-8.9165678024292
500,final,do,-10.338579177856445
501,final,do,-11.296470642089844
502,final,do,-11.161688804626465
503,final,do,-8.628046989440918
504,final,do,-8.786491394042969
505,final,do,-8.413783073425293
506,final,do,-12.015868186950684
507,final,do,-15.14654541015625
508,final,do,-14.0072603225708
509,final,do,-13.359100341796875
510,final,do,-16.059038162231445
511,final,do,-10.068666458129883
512,final,do,-9.131534576416016
513,final,do,-15.521471977233887
514,final,do,-8.755826950073242
515,final,do,-9.919931411743164
516,final,do,-16.639034271240234
517,final,do,-12.424845695495605
518,final,do,-15.063484191894531
519,final,do,-13.434114456176758
520,final,do,-11.01957893371582
521,final,do,-10.400389671325684
522,final,do,-13.653454780578613
523,final,do,-14.261234283447266
524,final,do,-9.416097640991211
525,final,do,-13.960973739624023
526,final,do,-10.339433670043945
527,final,do,-9.24007797241211
528,final,do,-14.033243179321289
529,final,do,-14.033243179321289
530,final,do,-11.254606246948242
531,final,do,-14.8554048538208
532,final,do,-10.52117919921875
533,final,do,-14.897293090820312
534,final,do,-8.025593757629395
535,final,do,-6.983509540557861
536,final,pp,-14.69070816040039
537,final,pp,-14.588410377502441
538,final,pp,-12.256866455078125
539,final,pp,-6.966761112213135
540,final,pp,-9.005448341369629
541,final,pp,-9.60367202758789
542,final,pp,-7.801961898803711
543,final,pp,-9.464179992675781
544,final,pp,-10.033677101135254
545,final,pp,-10.440271377563477
546,final,pp,-7.792012691497803
547,final,pp,-7.949077129364014
548,final,pp,-7.863475322723389
549,final,pp,-10.507316589355469
550,final,pp,-13.786158561706543
551,final,pp,-13.265388488769531
552,final,pp,-11.178313255310059
553,final,pp,-14.54439640045166
554,final,pp,-8.99286937713623
555,final,pp,-8.897154808044434
556,final,do,-8.01634693145752
557,final,do,-9.185111999511719
558,final,do,-15.156539916992188
559,final,do,-9.298173904418945
560,final,do,-15.376818656921387
561,final,do,-10.720187187194824
562,final,do,-14.68321704864502
563,final,do,-9.213006973266602
564,final,do,-9.185111999511719
565,final,do,-15.145281791687012
566,final,do,-5.747091770172119
567,final,do,-9.75920581817627
568,final,do,-14.712092399597168
569,final,do,-14.63286304473877
570,final,do,-10.475106239318848
571,final,do,-7.264110565185547
572,final,do,-9.718618392944336
573,final,do,-7.565474510192871
574,final,do,-7.565474510192871
575,final,do,-7.871415615081787
576,final,do,-11.136763572692871
577,final,do,-8.781875610351562
578,final,do,-9.718618392944336
579,final,do,-10.918903350830078
580,final,do,-9.284674644470215
581,final,do,-14.712092399597168
582,final,do,-15.336308479309082
583,final,do,-10.46673583984375
584,final,do,-6.222630500793457
585,final,do,-14.893598556518555
586,final,do,-7.972705841064453
587,final,do,-6.48307466506958
588,final,do,-10.46673583984375
589,final,do,-6.267246723175049
590,final,do,-9.2221040725708
591,final,do,-10.344462394714355
592,final,do,-7.49176549911499
593,final,do,-10.344462394714355
594,final,do,-9.41004753112793
595,final,do,-15.156539916992188
596,final,do,-13.051904678344727
597,final,do,-14.712092399597168
598,final,do,-15.145281791687012
599,final,pp,-7.562042236328125
600,final,pp,-8.869223594665527
601,final,pp,-14.337522506713867
602,final,pp,-9.121039390563965
603,final,pp,-14.078207969665527
604,final,pp,-9.849692344665527
605,final,pp,-13.709134101867676
606,final,pp,-8.323062896728516
607,final,pp,-8.869223594665527
608,final,pp,-14.257805824279785
609,final,pp,-5.603035926818848
610,final,pp,-9.219006538391113
611,final,pp,-13.339972496032715
612,final,pp,-14.198850631713867
613,final,pp,-10.309375762939453
614,final,pp,-6.846156597137451
615,final,pp,-9.813704490661621
616,final,pp,-7.355739116668701
617,final,pp,-7.355739116668701
618,final,pp,-7.830280303955078
619,final,do,-10.992358207702637
620,final,do,-9.472250938415527
621,final,do,-9.36778450012207
622,final,do,-10.678772926330566
623,final,do,-10.168362617492676
624,final,do,-9.796319961547852
625,final,do,-9.020285606384277
626,final,do,-8.524801254272461
627,final,do,-9.162667274475098
628,final,do,-8.746549606323242
629,final,do,-8.080341339111328
630,final,do,-9.519043922424316
631,final,do,-10.508927345275879
632,final,do,-11.089862823486328
633,final,do,-10.522786140441895
634,final,do,-11.659223556518555
635,final,do,-12.347888946533203
636,final,do,-14.0960054397583
637,final,do,-10.508927345275879
638,final,do,-8.043100357055664
639,final,do,-10.02583122253418
640,final,do,-10.206128120422363
641,final,do,-11.152071952819824
642,final,do,-10.07123851776123
643,final,do,-13.67275333404541
644,final,do,-7.168087005615234
645,final,do,-9.916407585144043
646,final,do,-9.572432518005371
647,final,do,-11.642889976501465
648,final,do,-8.030356407165527
649,final,do,-10.446664810180664
650,final,do,-9.903417587280273
651,final,do,-14.101004600524902
652,final,do,-13.868494987487793
653,final,do,-8.806721687316895
654,final,do,-8.83422565460205
655,final,do,-14.162425994873047
656,final,do,-13.673843383789062
657,final,do,-14.191441535949707
658,final,do,-10.508926391601562
659,final,do,-12.230941772460938
660,final,do,-12.381916999816895
661,final,do,-7.922175407409668
662,final,pp,-10.791550636291504
663,final,pp,-9.630941390991211
664,final,pp,-10.926911354064941
665,final,pp,-10.972270965576172
666,final,pp,-10.500267028808594
667,final,pp,-9.144307136535645
668,final,pp,-9.152507781982422
669,final,pp,-8.048147201538086
670,final,pp,-8.466018676757812
671,final,pp,-7.796682357788086
672,final,pp,-7.274827003479004
673,final,pp,-8.734749794006348
674,final,pp,-10.772819519042969
675,final,pp,-9.86316967010498
676,final,pp,-10.734660148620605
677,final,pp,-10.614635467529297
678,final,pp,-11.114117622375488
679,final,pp,-12.819108963012695
680,final,pp,-10.772819519042969
681,final,pp,-7.131805419921875
682,final,do,-11.760072708129883
683,final,do,-15.611135482788086
684,final,do,-8.335898399353027
685,final,do,-11.826677322387695
686,final,do,-8.72089672088623
687,final,do,-8.354098320007324
688,final,do,-15.478327751159668
689,final,do,-11.78026294708252
690,final,do,-15.977500915527344
691,final,do,-14.175209999084473
692,final,do,-14.78311824798584
693,final,do,-14.352266311645508
694,final,do,-14.859394073486328
695,final,do,-9.580638885498047
696,final,do,-9.511334419250488
697,final,do,-9.836776733398438
698,final,do,-8.867568016052246
699,final,do,-8.886139869689941
700,final,do,-9.068671226501465
701,final,do,-11.276659965515137
702,final,do,-11.037785530090332
703,final,do,-9.559595108032227
704,final,do,-14.634956359863281
705,final,do,-13.161191940307617
706,final,do,-8.950176239013672
707,final,do,-14.889871597290039
708,final,do,-11.390007019042969
709,final,do,-10.723502159118652
710,final,do,-11.540994644165039
711,final,do,-10.389097213745117
712,final,do,-13.66461181640625
713,final,do,-11.163690567016602
714,final,do,-11.186516761779785
715,final,do,-14.351580619812012
716,final,do,-11.846585273742676
717,final,do,-10.54377269744873
718,final,do,-14.703791618347168
719,final,do,-11.445003509521484
720,final,do,-9.156584739685059
721,final,do,-9.846951484680176
722,final,do,-12.252681732177734
723,final,do,-9.911974906921387
724,final,do,-11.584319114685059
725,final,pp,-11.088726997375488
726,final,pp,-13.016236305236816
727,final,pp,-7.399921894073486
728,final,pp,-9.816158294677734
729,final,pp,-7.86746072769165
730,final,pp,-8.062999725341797
731,final,pp,-13.743250846862793
732,final,pp,-10.380461692810059
733,final,pp,-14.318422317504883
734,final,pp,-11.350886344909668
735,final,pp,-13.567170143127441
736,final,pp,-11.741921424865723
737,final,pp,-13.447552680969238
738,final,pp,-9.174765586853027
739,final,pp,-9.019207000732422
740,final,pp,-9.585326194763184
741,final,pp,-7.769015789031982
742,final,pp,-7.750149250030518
743,final,pp,-8.248893737792969
744,final,pp,-10.581086158752441
745,final,pp,-10.058887481689453
746,final,pp,-11.141622543334961
747,final,pp,-8.577421188354492
748,final,pp,-9.083446502685547
749,final,pp,-10.497610092163086
750,final,pp,-10.686346054077148
751,final,pp,-8.555633544921875
752,final,pp,-7.114370822906494
753,final,pp,-11.500638961791992
754,final,pp,-9.261295318603516
755,final,pp,-9.253325462341309
756,final,pp,-6.149125099182129
757,final,pp,-7.722536563873291
758,final,pp,-7.3786797523498535
759,final,pp,-7.973231792449951
760,final,pp,-8.553239822387695
761,final,pp,-8.903961181640625
762,final,pp,-8.927058219909668
763,final,pp,-12.405555725097656
764,final,pp,-6.089298248291016
765,final,pp,-9.91666316986084
766,final,pp,-10.30931568145752
767,final,pp,-7.883926868438721
768,final,pp,-7.701800346374512
769,final,pp,-7.357499122619629
770,final,pp,-7.3284406661987305
771,final,pp,-12.69700813293457
772,final,pp,-13.171533584594727
773,final,pp,-11.20139217376709
774,final,pp,-8.696368217468262
775,final,pp,-6.895833492279053
776,final,pp,-6.453690528869629
777,final,pp,-10.595649719238281
778,final,pp,-11.185165405273438
779,final,pp,-11.12732219696045
780,final,pp,-6.8292622566223145
781,final,pp,-12.569093704223633
782,final,pp,-10.650652885437012
783,final,pp,-11.34227180480957
784,final,pp,-10.928207397460938
785,final,do,-9.943832397460938
786,final,do,-6.166478633880615
787,final,do,-7.90418004989624
788,final,do,-8.675146102905273
789,final,do,-6.256383419036865
790,final,do,-6.266643524169922
791,final,do,-10.713896751403809
792,final,do,-9.169377326965332
793,final,do,-7.102471351623535
794,final,do,-8.382704734802246
795,final,do,-6.342522144317627
796,final,do,-5.232180595397949
797,final,do,-5.51949405670166
798,final,do,-12.94316291809082
799,final,do,-5.848963737487793
800,final,do,-7.065689563751221
801,final,do,-7.423853397369385
802,final,do,-7.932377338409424
803,final,do,-7.045037269592285
804,final,do,-11.232498168945312
805,final,do,-10.363494873046875
806,final,do,-5.6838507652282715
807,final,do,-6.644715309143066
808,final,do,-8.513039588928223
809,final,do,-5.7803263664245605
810,final,do,-7.287845134735107
811,final,do,-13.000983238220215
812,final,do,-9.636606216430664
813,final,do,-7.223540306091309
814,final,do,-7.682695388793945
815,final,do,-10.538192749023438
816,final,do,-5.326809883117676
817,final,do,-5.888594627380371
818,final,do,-7.797044277191162
819,final,do,-7.675034523010254
820,final,do,-7.065689563751221
821,final,do,-12.675233840942383
822,final,do,-6.554104804992676
823,final,do,-8.740978240966797
824,final,do,-9.363225936889648
825,final,do,-11.848703384399414
826,final,do,-7.272698879241943
827,final,do,-10.562204360961914
828,final,pp,-9.711214065551758
829,final,pp,-6.290555000305176
830,final,pp,-8.012842178344727
831,final,pp,-8.623285293579102
832,final,pp,-6.598585605621338
833,final,pp,-6.627530574798584
834,final,pp,-10.332520484924316
835,final,pp,-9.168478012084961
836,final,pp,-7.1224470138549805
837,final,pp,-8.230289459228516
838,final,pp,-6.014275550842285
839,final,pp,-5.546443462371826
840,final,pp,-5.85005521774292
841,final,pp,-11.976485252380371
842,final,pp,-6.129317760467529
843,final,pp,-7.288885593414307
844,final,pp,-7.229968070983887
845,final,pp,-7.925967216491699
846,final,pp,-7.1197943687438965
847,final,pp,-10.457752227783203
848,final,do,-7.8247270584106445
849,final,do,-8.548402786254883
850,final,do,-8.17281436920166
851,final,do,-11.211433410644531
852,final,do,-5.565070629119873
853,final,do,-8.081499099731445
854,final,do,-12.35791301727295
855,final,do,-9.473471641540527
856,final,do,-9.666626930236816
857,final,do,-6.724351406097412
858,final,do,-6.250105857849121
859,final,do,-9.572739601135254
860,final,do,-7.836179256439209
861,final,do,-7.39782190322876
862,final,do,-6.446833610534668
863,final,do,-5.006425857543945
864,final,do,-5.329477310180664
865,final,do,-9.867835998535156
866,final,do,-4.720854759216309
867,final,do,-6.826642990112305
868,final,do,-6.859210968017578
869,final,do,-6.705192565917969
870,final,do,-11.601449966430664
871,final,do,-4.472723007202148
872,final,do,-5.801412582397461
873,final,do,-8.716364860534668
874,final,do,-9.666626930236816
875,final,do,-4.946349620819092
876,final,do,-6.185568809509277
877,final,do,-8.28941822052002
878,final,do,-5.246448993682861
879,final,do,-5.215163707733154
880,final,do,-7.333956241607666
881,final,do,-9.794550895690918
882,final,do,-4.457948684692383
883,final,do,-6.526608467102051
884,final,do,-7.8247270584106445
885,final,do,-9.02553939819336
886,final,do,-4.848360538482666
887,final,do,-6.860626697540283
888,final,do,-7.230737209320068
889,final,do,-9.40141487121582
890,final,do,-4.594424247741699
891,final,pp,-8.24001693725586
892,final,pp,-8.981776237487793
893,final,pp,-8.456071853637695
894,final,pp,-10.894632339477539
895,final,pp,-6.181292533874512
896,final,pp,-8.13608169555664
897,final,pp,-11.982660293579102
898,final,pp,-9.749236106872559
899,final,pp,-9.921428680419922
900,final,pp,-7.219353675842285
901,final,pp,-6.778902053833008
902,final,pp,-9.895187377929688
903,final,pp,-8.069840431213379
904,final,pp,-7.746654033660889
905,final,pp,-6.838314056396484
906,final,pp,-5.542572021484375
907,final,pp,-5.936722278594971
908,final,pp,-9.695683479309082
909,final,pp,-5.245438098907471
910,final,pp,-7.368778228759766
911,final,do,-6.9500412940979
912,final,do,-9.139761924743652
913,final,do,-6.5254669189453125
914,final,do,-8.287809371948242
915,final,do,-8.564906120300293
916,final,do,-6.7103471755981445
917,final,do,-7.05961799621582
918,final,do,-8.384323120117188
919,final,do,-8.853668212890625
920,final,do,-9.934917449951172
921,final,do,-9.132428169250488
922,final,do,-9.374075889587402
923,final,do,-8.743793487548828
924,final,do,-9.682147979736328
925,final,do,-7.824642658233643
926,final,do,-7.535097122192383
927,final,do,-7.693635940551758
928,final,do,-6.794273853302002
929,final,do,-9.905101776123047
930,final,do,-7.318244457244873
931,final,do,-5.8681793212890625
932,final,do,-8.709925651550293
933,final,do,-7.207786560058594
934,final,do,-6.346360206604004
935,final,do,-6.268710136413574
936,final,do,-7.271726131439209
937,final,do,-5.528598308563232
938,final,do,-8.760298728942871
939,final,do,-11.321834564208984
940,final,do,-6.3914384841918945
941,final,do,-9.122252464294434
942,final,do,-7.188982009887695
943,final,do,-7.502385139465332
944,final,do,-9.276193618774414
945,final,do,-5.734877586364746
946,final,do,-10.35718822479248
947,final,do,-5.82574462890625
948,final,do,-6.543755531311035
949,final,do,-9.934917449951172
950,final,do,-6.015292644500732
951,final,do,-10.385770797729492
952,final,do,-7.5705037117004395
953,final,do,-6.741449356079102
954,final,pp,-8.809331893920898
955,final,pp,-13.324384689331055
956,final,pp,-8.934306144714355
957,final,pp,-8.116462707519531
958,final,pp,-9.163726806640625
959,final,pp,-7.6967926025390625
960,final,pp,-9.01212215423584
961,final,pp,-9.159414291381836
962,final,pp,-8.864035606384277
963,final,pp,-10.230425834655762
964,final,pp,-10.863064765930176
965,final,pp,-10.324198722839355
966,final,pp,-8.657190322875977
967,final,pp,-11.380334854125977
968,final,pp,-8.288973808288574
969,final,pp,-6.7946295738220215
970,final,pp,-10.165270805358887
971,final,pp,-8.201980590820312
972,final,pp,-10.444524765014648
973,final,pp,-7.819024085998535
974,final,do,-7.7913360595703125
975,final,do,-7.285903453826904
976,final,do,-8.903321266174316
977,final,do,-7.434896945953369
978,final,do,-7.021410942077637
979,final,do,-8.146944999694824
980,final,do,-9.900321960449219
981,final,do,-6.841832160949707
982,final,do,-12.047738075256348
983,final,do,-5.5543999671936035
984,final,do,-8.992892265319824
985,final,do,-6.957921981811523
986,final,do,-7.504836082458496
987,final,do,-7.42955207824707
988,final,do,-8.06018352508545
989,final,do,-8.595041275024414
990,final,do,-9.244685173034668
991,final,do,-9.414748191833496
992,final,do,-8.577413558959961
993,final,do,-8.929795265197754
994,final,do,-5.846065998077393
995,final,do,-13.59953784942627
996,final,do,-9.873749732971191
997,final,do,-8.702221870422363
998,final,do,-9.192412376403809
999,final,do,-12.127273559570312
1000,final,do,-5.625870227813721
1001,final,do,-10.965599060058594
1002,final,do,-5.5886335372924805
1003,final,do,-8.929795265197754
1004,final,do,-9.868663787841797
1005,final,do,-7.734838008880615
1006,final,do,-10.50809383392334
1007,final,do,-6.899334907531738
1008,final,do,-5.399187088012695
1009,final,do,-5.07079553604126
1010,final,do,-7.338144779205322
1011,final,do,-8.655613899230957
1012,final,do,-7.450353145599365
1013,final,do,-10.593605995178223
1014,final,do,-7.450353145599365
1015,final,do,-7.646147727966309
1016,final,do,-5.73834228515625
1017,final,pp,-7.143040180206299
1018,final,pp,-7.046326160430908
1019,final,pp,-8.71739673614502
1020,final,pp,-6.952747344970703
1021,final,pp,-7.354856014251709
1022,final,pp,-8.947931289672852
1023,final,pp,-8.946306228637695
1024,final,pp,-6.528834819793701
1025,final,pp,-10.915874481201172
1026,final,pp,-5.46915340423584
1027,final,pp,-8.816445350646973
1028,final,pp,-7.91028356552124
1029,final,pp,-7.383563995361328
1030,final,pp,-7.062509059906006
1031,final,pp,-7.714849472045898
1032,final,pp,-7.457655906677246
1033,final,pp,-8.853282928466797
1034,final,pp,-8.974289894104004
1035,final,pp,-7.971324920654297
1036,final,pp,-8.410358428955078
1037,final,pp,-5.576828479766846
1038,final,pp,-5.693692207336426
1039,final,pp,-8.471440315246582
1040,final,pp,-6.777687072753906
1041,final,pp,-5.092900276184082
1042,final,pp,-8.547789573669434
1043,final,pp,-7.967566013336182
1044,final,pp,-4.17454719543457
1045,final,pp,-11.30267333984375
1046,final,pp,-7.116039752960205
1047,final,pp,-6.799557685852051
1048,final,pp,-5.909382343292236
1049,final,pp,-6.831064224243164
1050,final,pp,-6.388122081756592
1051,final,pp,-5.465520858764648
1052,final,pp,-7.161398410797119
1053,final,pp,-6.408233165740967
1054,final,pp,-5.330376148223877
1055,final,pp,-6.4574995040893555
1056,final,pp,-7.994311332702637
1057,final,pp,-8.20419692993164
1058,final,pp,-6.701295375823975
1059,final,pp,-6.919485092163086
1060,final,pp,-8.259449005126953
1061,final,pp,-6.399467468261719
1062,final,pp,-8.7318754196167
1063,final,pp,-6.668740749359131
1064,final,pp,-10.366260528564453
1065,final,pp,-9.91512393951416
1066,final,pp,-6.689478397369385
1067,final,pp,-9.353205680847168
1068,final,pp,-6.0921525955200195
1069,final,pp,-8.312195777893066
1070,final,pp,-8.316058158874512
1071,final,pp,-5.2051167488098145
1072,final,pp,-7.109291076660156
1073,final,pp,-8.342608451843262
1074,final,pp,-7.698486804962158
1075,final,pp,-9.497533798217773
1076,final,pp,-9.317708969116211
1077,final,do,-10.686076164245605
1078,final,do,-9.210603713989258
1079,final,do,-6.849668979644775
1080,final,do,-8.623820304870605
1081,final,do,-7.232679843902588
1082,final,do,-5.534833908081055
1083,final,do,-8.367472648620605
1084,final,do,-12.36108112335205
1085,final,do,-10.935587882995605
1086,final,do,-6.832503318786621
1087,final,do,-10.668159484863281
1088,final,do,-9.25755786895752
1089,final,do,-6.575639247894287
1090,final,do,-8.551823616027832
1091,final,do,-13.215550422668457
1092,final,do,-8.018885612487793
1093,final,do,-12.598258972167969
1094,final,do,-11.095913887023926
1095,final,do,-9.483993530273438
1096,final,do,-7.676394939422607
1097,final,do,-12.129374504089355
1098,final,do,-6.324441432952881
1099,final,do,-6.283550262451172
1100,final,do,-6.5708184242248535
1101,final,do,-8.039074897766113
1102,final,do,-5.958372116088867
1103,final,do,-8.013855934143066
1104,final,do,-7.093000411987305
1105,final,do,-13.202347755432129
1106,final,do,-8.815203666687012
1107,final,do,-6.324441432952881
1108,final,do,-8.14881420135498
1109,final,do,-9.683423042297363
1110,final,do,-10.889130592346191
1111,final,do,-12.799483299255371
1112,final,do,-7.360421657562256
1113,final,do,-12.84158992767334
1114,final,do,-7.706698894500732
1115,final,do,-8.266753196716309
1116,final,do,-7.978643417358398
1117,final,do,-13.411515235900879
1118,final,do,-11.536322593688965
1119,final,do,-7.341174125671387
1120,final,pp,-9.62693977355957
1121,final,pp,-8.732572555541992
1122,final,pp,-6.782214164733887
1123,final,pp,-7.942115783691406
1124,final,pp,-6.661011219024658
1125,final,pp,-5.694118022918701
1126,final,pp,-7.710245609283447
1127,final,pp,-11.104655265808105
1128,final,pp,-9.86942195892334
1129,final,pp,-6.663118839263916
1130,final,pp,-9.839401245117188
1131,final,pp,-8.448190689086914
1132,final,pp,-6.436797142028809
1133,final,pp,-8.274393081665039
1134,final,pp,-12.124125480651855
1135,final,pp,-7.781895637512207
1136,final,pp,-11.6094388961792
1137,final,pp,-10.162636756896973
1138,final,pp,-9.1720609664917
1139,final,pp,-7.3147501945495605
1140,final,do,-5.376977920532227
1141,final,do,-7.763021945953369
1142,final,do,-8.638343811035156
1143,final,do,-6.9305548667907715
1144,final,do,-6.441169261932373
1145,final,do,-7.772636413574219
1146,final,do,-5.376977920532227
1147,final,do,-10.231865882873535
1148,final,do,-5.5110392570495605
1149,final,do,-5.999014854431152
1150,final,do,-5.160465717315674
1151,final,do,-7.4065728187561035
1152,final,do,-7.9837493896484375
1153,final,do,-8.525217056274414
1154,final,do,-9.681502342224121
1155,final,do,-4.576484680175781
1156,final,do,-6.421235084533691
1157,final,do,-8.97275161743164
1158,final,do,-6.862267017364502
1159,final,do,-7.216050624847412
1160,final,do,-5.437485218048096
1161,final,do,-4.842348098754883
1162,final,do,-12.495979309082031
1163,final,do,-12.582984924316406
1164,final,do,-7.763021945953369
1165,final,do,-8.446690559387207
1166,final,do,-9.529889106750488
1167,final,do,-6.258951663970947
1168,final,do,-5.370319843292236
1169,final,do,-6.458470821380615
1170,final,do,-5.8936238288879395
1171,final,do,-5.829798221588135
1172,final,do,-6.421235084533691
1173,final,do,-5.3330979347229
1174,final,do,-6.331670761108398
1175,final,do,-6.331670761108398
1176,final,do,-10.79401683807373
1177,final,do,-11.273239135742188
1178,final,do,-6.111386775970459
1179,final,do,-4.576484680175781
1180,final,do,-12.495979309082031
1181,final,do,-7.299018859863281
1182,final,do,-6.258951663970947
1183,final,pp,-5.8314690589904785
1184,final,pp,-7.898132801055908
1185,final,pp,-8.599055290222168
1186,final,pp,-7.05078649520874
1187,final,pp,-6.706727027893066
1188,final,pp,-7.687193870544434
1189,final,pp,-5.831467628479004
1190,final,pp,-10.007412910461426
1191,final,pp,-5.944364070892334
1192,final,pp,-6.313094615936279
1193,final,pp,-5.621197700500488
1194,final,pp,-7.67057466506958
1195,final,pp,-8.00711727142334
1196,final,pp,-8.507790565490723
1197,final,pp,-9.424534797668457
1198,final,pp,-4.967312335968018
1199,final,pp,-6.718000411987305
1200,final,pp,-8.942828178405762
1201,final,pp,-7.050140380859375
1202,final,pp,-7.166682720184326
1203,final,do,-7.406912803649902
1204,final,do,-7.0079345703125
1205,final,do,-7.342458724975586
1206,final,do,-11.504217147827148
1207,final,do,-10.267193794250488
1208,final,do,-12.530832290649414
1209,final,do,-12.162607192993164
1210,final,do,-7.341788291931152
1211,final,do,-7.730902671813965
1212,final,do,-12.499713897705078
1213,final,do,-7.0516357421875
1214,final,do,-7.517160892486572
1215,final,do,-7.696065425872803
1216,final,do,-6.6098480224609375
1217,final,do,-7.652523517608643
1218,final,do,-7.34242057800293
1219,final,do,-11.68880844116211
1220,final,do,-11.113932609558105
1221,final,do,-9.330216407775879
1222,final,do,-9.1356201171875
1223,final,do,-7.483211517333984
1224,final,do,-9.80263614654541
1225,final,do,-8.906549453735352
1226,final,do,-6.7054877281188965
1227,final,do,-7.088772773742676
1228,final,do,-9.923843383789062
1229,final,do,-7.370041370391846
1230,final,do,-9.477580070495605
1231,final,do,-8.364394187927246
1232,final,do,-7.450428009033203
1233,final,do,-9.578520774841309
1234,final,do,-8.198433876037598
1235,final,do,-12.348139762878418
1236,final,do,-7.337316036224365
1237,final,do,-12.112388610839844
1238,final,do,-9.804790496826172
1239,final,do,-7.645182132720947
1240,final,do,-8.529650688171387
1241,final,do,-8.64323616027832
1242,final,do,-9.39907455444336
1243,final,do,-6.286529541015625
1244,final,do,-7.4947099685668945
1245,final,do,-6.744986057281494
1246,final,pp,-7.843351364135742
1247,final,pp,-6.045438766479492
1248,final,pp,-6.665482044219971
1249,final,pp,-10.066913604736328
1250,final,pp,-10.136737823486328
1251,final,pp,-11.28439712524414
1252,final,pp,-11.10042953491211
1253,final,pp,-9.211215019226074
1254,final,pp,-8.989730834960938
1255,final,pp,-12.202518463134766
1256,final,pp,-6.528413772583008
1257,final,pp,-8.213988304138184
1258,final,pp,-7.469338417053223
1259,final,pp,-5.849555969238281
1260,final,pp,-6.70186710357666
1261,final,pp,-8.345484733581543
1262,final,pp,-12.239337921142578
1263,final,pp,-11.102313995361328
1264,final,pp,-9.49288272857666
1265,final,pp,-9.742569923400879
1266,final,do,-6.746626853942871
1267,final,do,-10.135419845581055
1268,final,do,-9.724600791931152
1269,final,do,-7.192479610443115
1270,final,do,-7.296108245849609
1271,final,do,-14.62829303741455
1272,final,do,-10.124205589294434
1273,final,do,-9.188986778259277
1274,final,do,-7.548829555511475
1275,final,do,-9.56242847442627
1276,final,do,-10.559268951416016
1277,final,do,-6.612590312957764
1278,final,do,-10.682812690734863
1279,final,do,-7.212153911590576
1280,final,do,-14.006810188293457
1281,final,do,-9.22468090057373
1282,final,do,-9.8942289352417
1283,final,do,-13.983253479003906
1284,final,do,-12.284335136413574
1285,final,do,-7.683552265167236
1286,final,do,-12.685297012329102
1287,final,do,-7.100040435791016
1288,final,do,-7.717875957489014
1289,final,do,-12.35805892944336
1290,final,do,-7.474775791168213
1291,final,do,-10.56917667388916
1292,final,do,-10.894938468933105
1293,final,do,-8.23343563079834
1294,final,do,-8.951866149902344
1295,final,do,-13.177578926086426
1296,final,do,-10.894271850585938
1297,final,do,-8.007512092590332
1298,final,do,-8.488679885864258
1299,final,do,-8.907462120056152
1300,final,do,-9.114960670471191
1301,final,do,-8.976303100585938
1302,final,do,-12.38222599029541
1303,final,do,-14.164311408996582
1304,final,do,-8.300015449523926
1305,final,do,-7.960877895355225
1306,final,do,-9.430274963378906
1307,final,do,-14.65991497039795
1308,final,do,-8.850163459777832
1309,final,pp,-7.444665431976318
1310,final,pp,-10.815839767456055
1311,final,pp,-7.803291320800781
1312,final,pp,-7.312869548797607
1313,final,pp,-6.700929641723633
1314,final,pp,-12.35640811920166
1315,final,pp,-8.806363105773926
1316,final,pp,-8.355815887451172
1317,final,pp,-6.987889289855957
1318,final,pp,-8.349843978881836
1319,final,pp,-8.883341789245605
1320,final,pp,-7.552428245544434
1321,final,pp,-9.280177116394043
1322,final,pp,-6.621366024017334
1323,final,pp,-12.182371139526367
1324,final,pp,-8.169145584106445
1325,final,pp,-9.483515739440918
1326,final,pp,-12.588945388793945
1327,final,pp,-10.703679084777832
1328,final,pp,-6.446196556091309
1329,final,pp,-7.711968898773193
1330,final,pp,-5.666762828826904
1331,final,pp,-7.85841178894043
1332,final,pp,-7.060710430145264
1333,final,pp,-7.274971008300781
1334,final,pp,-7.230096340179443
1335,final,pp,-5.912568092346191
1336,final,pp,-9.541708946228027
1337,final,pp,-6.0529561042785645
1338,final,pp,-7.884392738342285
1339,final,pp,-5.489273548126221
1340,final,pp,-5.664906978607178
1341,final,pp,-6.071651935577393
1342,final,pp,-10.590457916259766
1343,final,pp,-10.039515495300293
1344,final,pp,-5.71458101272583
1345,final,pp,-9.09157943725586
1346,final,pp,-6.151402473449707
1347,final,pp,-8.998336791992188
1348,final,pp,-8.619974136352539
1349,final,pp,-8.774751663208008
1350,final,pp,-6.912848949432373
1351,final,pp,-9.443229675292969
1352,final,pp,-10.350556373596191
1353,final,pp,-9.941509246826172
1354,final,pp,-7.25888204574585
1355,final,pp,-6.495070934295654
1356,final,pp,-8.459489822387695
1357,final,pp,-6.607492923736572
1358,final,pp,-10.819429397583008
1359,final,pp,-5.963187217712402
1360,final,pp,-5.404201507568359
1361,final,pp,-12.15230941772461
1362,final,pp,-8.829386711120605
1363,final,pp,-9.218474388122559
1364,final,pp,-7.69317626953125
1365,final,pp,-9.940463066101074
1366,final,pp,-6.549814701080322
1367,final,pp,-7.348956108093262
1368,final,pp,-6.8843994140625
1,best,pp,-11.748517036437988
2,best,pp,-7.386779308319092
3,best,pp,-5.4004364013671875
4,best,pp,-11.388969421386719
5,best,pp,-10.761214256286621
6,best,pp,-7.725121974945068
7,best,pp,-8.56274127960205
8,best,pp,-8.164952278137207
9,best,pp,-7.522808074951172
10,best,pp,-7.579700469970703
11,best,pp,-12.921656608581543
12,best,pp,-8.7588472366333
13,best,pp,-6.668489933013916
14,best,pp,-9.216054916381836
15,best,pp,-10.387473106384277
16,best,pp,-8.164952278137207
17,best,pp,-8.5220365524292
18,best,pp,-6.345459938049316
19,best,pp,-5.766208648681641
20,best,pp,-7.506062030792236
21,best,pp,-5.032724380493164
22,best,pp,-12.582169532775879
23,best,pp,-8.215943336486816
24,best,pp,-11.19842529296875
25,best,pp,-10.792781829833984
26,best,pp,-9.011475563049316
27,best,pp,-10.148089408874512
28,best,pp,-9.332152366638184
29,best,pp,-9.462388038635254
30,best,pp,-6.246671199798584
31,best,pp,-10.345532417297363
32,best,pp,-11.19842529296875
33,best,pp,-9.654800415039062
34,best,pp,-9.06959056854248
35,best,pp,-8.657798767089844
36,best,pp,-9.084177017211914
37,best,pp,-9.462389945983887
38,best,pp,-7.157454013824463
39,best,pp,-6.106626510620117
40,best,pp,-8.469035148620605
41,best,pp,-11.353137969970703
42,best,pp,-10.809019088745117
43,best,pp,-9.029037475585938
44,best,pp,-7.892836093902588
45,best,pp,-7.608936786651611
46,best,pp,-9.71791934967041
47,best,pp,-14.235298156738281
48,best,pp,-12.76962947845459
49,best,pp,-10.809150695800781
50,best,pp,-10.206300735473633
51,best,pp,-8.913969039916992
52,best,pp,-9.493127822875977
53,best,pp,-12.665220260620117
54,best,pp,-8.338496208190918
55,best,pp,-10.704911231994629
56,best,pp,-6.294310569763184
57,best,pp,-10.833993911743164
58,best,pp,-13.872198104858398
59,best,pp,-10.895951271057129
60,best,pp,-7.662254810333252
61,best,pp,-9.278935432434082
62,best,pp,-9.94623851776123
63,best,pp,-6.2242889404296875
64,best,pp,-6.9966301918029785
65,best,pp,-13.814992904663086
66,best,pp,-9.719805717468262
67,best,pp,-9.039655685424805
68,best,pp,-10.287616729736328
69,best,pp,-10.822479248046875
70,best,pp,-10.180740356445312
71,best,pp,-9.813267707824707
72,best,pp,-9.105128288269043
73,best,pp,-7.294097423553467
74,best,pp,-10.653928756713867
75,best,pp,-14.094657897949219
76,best,pp,-13.544593811035156
77,best,pp,-15.824078559875488
78,best,pp,-8.241353034973145
79,best,pp,-8.035895347595215
80,best,pp,-13.256163597106934
81,best,pp,-6.147868633270264
82,best,pp,-8.982187271118164
83,best,pp,-7.326825141906738
84,best,pp,-5.147059917449951
85,best,pp,-8.982187271118164
86,best,pp,-7.835333347320557
87,best,pp,-8.67880916595459
88,best,pp,-7.688497066497803
89,best,pp,-7.145236492156982
90,best,pp,-4.8643903732299805
91,best,pp,-7.343356132507324
92,best,pp,-6.526932716369629
93,best,pp,-8.291587829589844
94,best,pp,-8.388175964355469
95,best,pp,-4.783236026763916
96,best,pp,-8.237381935119629
97,best,pp,-8.583135604858398
98,best,pp,-5.7339301109313965
99,best,pp,-6.792865753173828
100,best,pp,-5.365331649780273
101,best,pp,-12.612125396728516
102,best,pp,-10.256830215454102
103,best,pp,-8.804393768310547
104,best,pp,-11.857468605041504
105,best,pp,-4.49176549911499
106,best,pp,-9.495333671569824
107,best,pp,-8.592671394348145
108,best,pp,-9.785969734191895
109,best,pp,-11.28063678741455
110,best,pp,-7.467357158660889
111,best,pp,-7.279189586639404
112,best,pp,-10.107244491577148
113,best,pp,-10.918242454528809
114,best,pp,-12.72354507446289
115,best,pp,-9.30407428741455
116,best,pp,-7.747815132141113
117,best,pp,-9.408164024353027
118,best,pp,-12.338309288024902
119,best,pp,-9.312594413757324
120,best,pp,-7.314353942871094
121,best,pp,-9.749455451965332
122,best,pp,-5.814538955688477
123,best,pp,-12.289534568786621
124,best,pp,-8.797689437866211
125,best,pp,-4.810883045196533
126,best,pp,-5.1103997230529785
127,best,pp,-7.025245666503906
128,best,pp,-7.819887638092041
129,best,pp,-8.929755210876465
130,best,pp,-7.068504333496094
131,best,pp,-8.929755210876465
132,best,pp,-5.814540386199951
133,best,pp,-9.534395217895508
134,best,pp,-4.512325763702393
135,best,pp,-5.814540386199951
136,best,pp,-5.110401153564453
137,best,pp,-4.235561847686768
138,best,pp,-8.393710136413574
139,best,pp,-4.532359600067139
140,best,pp,-5.836268901824951
141,best,pp,-8.164737701416016
142,best,pp,-12.287338256835938
143,best,pp,-6.410952568054199
144,best,pp,-10.652870178222656
145,best,pp,-6.965684413909912
146,best,pp,-8.109554290771484
147,best,pp,-9.39599895477295
148,best,pp,-8.080437660217285
149,best,pp,-5.920280456542969
150,best,pp,-7.756548881530762
151,best,pp,-12.513206481933594
152,best,pp,-9.120645523071289
153,best,pp,-5.649957656860352
154,best,pp,-10.670652389526367
155,best,pp,-8.423957824707031
156,best,pp,-11.629622459411621
157,best,pp,-11.28557014465332
158,best,pp,-9.453399658203125
159,best,pp,-4.952241897583008
160,best,pp,-9.472173690795898
161,best,pp,-10.75951099395752
162,best,pp,-4.577381134033203
163,best,pp,-7.038307189941406
164,best,pp,-8.500527381896973
165,best,pp,-12.751194953918457
166,best,pp,-7.784729480743408
167,best,pp,-12.81886100769043
168,best,pp,-6.954610824584961
169,best,pp,-6.0007781982421875
170,best,pp,-7.983893871307373
171,best,pp,-7.038307189941406
172,best,pp,-9.78254508972168
173,best,pp,-8.719951629638672
174,best,pp,-8.400172233581543
175,best,pp,-7.446164608001709
176,best,pp,-12.751194953918457
177,best,pp,-4.828225612640381
178,best,pp,-10.656805992126465
179,best,pp,-11.620984077453613
180,best,pp,-9.782055854797363
181,best,pp,-7.347564697265625
182,best,pp,-8.230161666870117
183,best,pp,-4.66627311706543
184,best,pp,-8.20018482208252
185,best,pp,-7.081993103027344
186,best,pp,-7.617646217346191
187,best,pp,-6.469930648803711
188,best,pp,-4.791743755340576
189,best,pp,-7.076154708862305
190,best,pp,-5.977187633514404
191,best,pp,-6.039544105529785
192,best,pp,-6.618887901306152
193,best,pp,-5.995522975921631
194,best,pp,-5.8611955642700195
195,best,pp,-6.096135139465332
196,best,pp,-6.15749979019165
197,best,pp,-4.473085403442383
198,best,pp,-3.594071626663208
199,best,pp,-9.032289505004883
200,best,pp,-6.240913391113281
201,best,pp,-6.878180027008057
202,best,pp,-5.970646381378174
203,best,pp,-9.16718578338623
204,best,pp,-8.823938369750977
205,best,pp,-7.638251304626465
206,best,pp,-5.649017810821533
207,best,pp,-10.133111000061035
208,best,pp,-7.829030513763428
209,best,pp,-5.878345012664795
210,best,pp,-7.971927642822266
211,best,pp,-7.931877136230469
212,best,pp,-11.523926734924316
213,best,pp,-4.225941181182861
214,best,pp,-7.872427940368652
215,best,pp,-5.432519435882568
216,best,pp,-8.814919471740723
217,best,pp,-3.923088550567627
218,best,pp,-4.48036527633667
219,best,pp,-7.993821144104004
220,best,pp,-9.353476524353027
221,best,do,-10.614346504211426
222,best,do,-6.142849445343018
223,best,do,-8.454366683959961
224,best,do,-6.752838134765625
225,best,do,-7.952017307281494
226,best,do,-9.887346267700195
227,best,do,-11.60579776763916
228,best,do,-9.8477144241333
229,best,do,-9.05488395690918
230,best,do,-7.432726860046387
231,best,do,-10.274161338806152
232,best,do,-10.058302879333496
233,best,do,-10.53711223602295
234,best,do,-9.8477144241333
235,best,do,-6.2162184715271
236,best,do,-8.166084289550781
237,best,do,-6.364078044891357
238,best,do,-8.897202491760254
239,best,do,-10.233527183532715
240,best,do,-7.046704292297363
241,best,do,-10.53711223602295
242,best,do,-7.35483455657959
243,best,do,-9.828869819641113
244,best,do,-8.897202491760254
245,best,do,-9.329575538635254
246,best,do,-10.151376724243164
247,best,do,-7.660801887512207
248,best,do,-8.45433235168457
249,best,do,-8.846518516540527
250,best,do,-7.373885154724121
251,best,do,-8.0919828414917
252,best,do,-12.677511215209961
253,best,do,-9.997430801391602
254,best,do,-7.5093231201171875
255,best,do,-6.094246864318848
256,best,do,-7.651365756988525
257,best,do,-12.832927703857422
258,best,do,-7.5093231201171875
259,best,do,-9.109696388244629
260,best,do,-8.0919828414917
261,best,do,-7.373885154724121
262,best,do,-9.065400123596191
263,best,do,-9.505331993103027
264,best,pp,-9.909430503845215
265,best,pp,-5.622137069702148
266,best,pp,-7.671792507171631
267,best,pp,-5.911649703979492
268,best,pp,-7.44703483581543
269,best,pp,-9.052861213684082
270,best,pp,-10.278265953063965
271,best,pp,-8.785505294799805
272,best,pp,-8.616294860839844
273,best,pp,-6.813760757446289
274,best,pp,-9.672094345092773
275,best,pp,-8.70823860168457
276,best,pp,-9.621026039123535
277,best,pp,-8.785505294799805
278,best,pp,-6.002348899841309
279,best,pp,-7.776206970214844
280,best,pp,-5.941102981567383
281,best,pp,-7.732726097106934
282,best,pp,-9.28967571258545
283,best,pp,-6.54280948638916
284,best,do,-7.173588275909424
285,best,do,-6.2224836349487305
286,best,do,-8.444215774536133
287,best,do,-9.057515144348145
288,best,do,-7.587906360626221
289,best,do,-6.175710201263428
290,best,do,-8.894333839416504
291,best,do,-9.954133987426758
292,best,do,-7.587906360626221
293,best,do,-7.925079345703125
294,best,do,-6.822756290435791
295,best,do,-5.1478986740112305
296,best,do,-6.669830322265625
297,best,do,-10.138044357299805
298,best,do,-6.522547721862793
299,best,do,-7.276434898376465
300,best,do,-9.844472885131836
301,best,do,-5.716419219970703
302,best,do,-7.068263053894043
303,best,do,-6.4558210372924805
304,best,do,-5.845215320587158
305,best,do,-8.894333839416504
306,best,do,-7.6006340980529785
307,best,do,-7.170214653015137
308,best,do,-9.057515144348145
309,best,do,-7.7909932136535645
310,best,do,-8.328051567077637
311,best,do,-10.090316772460938
312,best,do,-9.057515144348145
313,best,do,-8.70445728302002
314,best,do,-7.572757244110107
315,best,do,-6.533003330230713
316,best,do,-6.551937580108643
317,best,do,-11.4939603805542
318,best,do,-8.328051567077637
319,best,do,-5.716419219970703
320,best,do,-6.1056365966796875
321,best,do,-6.976921081542969
322,best,do,-8.44421672821045
323,best,do,-10.788350105285645
324,best,do,-9.058733940124512
325,best,do,-9.913548469543457
326,best,do,-12.397605895996094
327,best,pp,-7.3145012855529785
328,best,pp,-6.4254326820373535
329,best,pp,-8.19268798828125
330,best,pp,-8.894781112670898
331,best,pp,-7.796975135803223
332,best,pp,-5.833248138427734
333,best,pp,-8.023188591003418
334,best,pp,-9.379584312438965
335,best,pp,-7.796975135803223
336,best,pp,-7.495124816894531
337,best,pp,-6.796780586242676
338,best,pp,-5.503129005432129
339,best,pp,-6.659702301025391
340,best,pp,-9.84925365447998
341,best,pp,-6.732091426849365
342,best,pp,-7.207489967346191
343,best,pp,-9.161938667297363
344,best,pp,-6.048346042633057
345,best,pp,-7.101937770843506
346,best,pp,-6.616395950317383
347,best,do,-8.86497688293457
348,best,do,-8.81006145477295
349,best,do,-8.079349517822266
350,best,do,-7.842874526977539
351,best,do,-9.956513404846191
352,best,do,-8.853181838989258
353,best,do,-10.558512687683105
354,best,do,-7.775396347045898
355,best,do,-6.667999267578125
356,best,do,-10.100757598876953
357,best,do,-7.901134014129639
358,best,do,-8.256646156311035
359,best,do,-11.81771183013916
360,best,do,-9.532036781311035
361,best,do,-7.59130859375
362,best,do,-8.492594718933105
363,best,do,-10.260355949401855
364,best,do,-6.869899749755859
365,best,do,-10.323174476623535
366,best,do,-9.346160888671875
367,best,do,-8.889979362487793
368,best,do,-7.517899513244629
369,best,do,-9.789155960083008
370,best,do,-7.0602922439575195
371,best,do,-8.616456031799316
372,best,do,-10.64407730102539
373,best,do,-8.153873443603516
374,best,do,-7.633670330047607
375,best,do,-8.505013465881348
376,best,do,-10.116619110107422
377,best,do,-7.372315406799316
378,best,do,-8.789286613464355
379,best,do,-8.48288345336914
380,best,do,-9.59234619140625
381,best,do,-12.143074989318848
382,best,do,-6.968428134918213
383,best,do,-8.011619567871094
384,best,do,-8.616456031799316
385,best,do,-7.476816654205322
386,best,do,-8.1538724899292
387,best,do,-10.286816596984863
388,best,do,-7.232354640960693
389,best,do,-12.27615737915039
390,best,pp,-8.217145919799805
391,best,pp,-7.973564147949219
392,best,pp,-6.790032386779785
393,best,pp,-7.274571895599365
394,best,pp,-8.886735916137695
395,best,pp,-8.958096504211426
396,best,pp,-10.115095138549805
397,best,pp,-6.712013244628906
398,best,pp,-6.085619926452637
399,best,pp,-8.865409851074219
400,best,pp,-7.29032039642334
401,best,pp,-8.105477333068848
402,best,pp,-10.772187232971191
403,best,pp,-10.26341724395752
404,best,pp,-7.618655204772949
405,best,pp,-9.241552352905273
406,best,pp,-9.997116088867188
407,best,pp,-5.9626784324646
408,best,pp,-11.099002838134766
409,best,pp,-9.533308982849121
410,best,do,-8.302460670471191
411,best,do,-8.97435474395752
412,best,do,-10.747771263122559
413,best,do,-10.747800827026367
414,best,do,-7.411467552185059
415,best,do,-9.270660400390625
416,best,do,-9.974509239196777
417,best,do,-10.841316223144531
418,best,do,-9.414775848388672
419,best,do,-7.810399532318115
420,best,do,-13.688400268554688
421,best,do,-10.322275161743164
422,best,do,-8.384546279907227
423,best,do,-10.546072959899902
424,best,do,-6.245521545410156
425,best,do,-10.431137084960938
426,best,do,-7.59247350692749
427,best,do,-8.198826789855957
428,best,do,-9.21353816986084
429,best,do,-7.567694664001465
430,best,do,-11.121230125427246
431,best,do,-12.956877708435059
432,best,do,-8.198826789855957
433,best,do,-8.93305492401123
434,best,do,-11.871439933776855
435,best,do,-9.653828620910645
436,best,do,-9.372551918029785
437,best,do,-8.9326810836792
438,best,do,-9.84619426727295
439,best,do,-9.351905822753906
440,best,do,-12.604682922363281
441,best,do,-12.373635292053223
442,best,do,-10.603914260864258
443,best,do,-9.436814308166504
444,best,do,-8.380104064941406
445,best,do,-7.33056640625
446,best,do,-10.431137084960938
447,best,do,-8.308173179626465
448,best,do,-8.179247856140137
449,best,do,-7.650142192840576
450,best,do,-9.098052024841309
451,best,do,-11.395134925842285
452,best,do,-11.198023796081543
453,best,pp,-7.16018533706665
454,best,pp,-10.969748497009277
455,best,pp,-9.729596138000488
456,best,pp,-11.10137939453125
457,best,pp,-6.392694473266602
458,best,pp,-8.420761108398438
459,best,pp,-8.888378143310547
460,best,pp,-9.634167671203613
461,best,pp,-8.560609817504883
462,best,pp,-7.022837162017822
463,best,pp,-12.706995010375977
464,best,pp,-9.202279090881348
465,best,pp,-9.041259765625
466,best,pp,-8.873444557189941
467,best,pp,-6.10003137588501
468,best,pp,-9.14316177368164
469,best,pp,-7.082819938659668
470,best,pp,-7.5454630851745605
471,best,pp,-8.293050765991211
472,best,pp,-6.395506858825684
473,best,pp,-6.815395832061768
474,best,pp,-9.224761962890625
475,best,pp,-9.348979949951172
476,best,pp,-10.567628860473633
477,best,pp,-8.197132110595703
478,best,pp,-5.699485778808594
479,best,pp,-8.542583465576172
480,best,pp,-11.171931266784668
481,best,pp,-8.442893028259277
482,best,pp,-7.117862224578857
483,best,pp,-6.365530967712402
484,best,pp,-9.227766036987305
485,best,pp,-7.232066631317139
486,best,pp,-6.262539863586426
487,best,pp,-7.925981521606445
488,best,pp,-6.897454261779785
489,best,pp,-10.235992431640625
490,best,pp,-8.54477310180664
491,best,pp,-7.526355266571045
492,best,pp,-5.615768909454346
493,best,do,-14.930007934570312
494,best,do,-14.649169921875
495,best,do,-11.789929389953613
496,best,do,-5.97861909866333
497,best,do,-8.787946701049805
498,best,do,-9.181519508361816
499,best,do,-6.579643249511719
500,best,do,-8.209348678588867
501,best,do,-10.02148151397705
502,best,do,-10.07472038269043
503,best,do,-6.311263084411621
504,best,do,-7.057767868041992
505,best,do,-6.531683921813965
506,best,do,-10.256292343139648
507,best,do,-12.751887321472168
508,best,do,-11.747200012207031
509,best,do,-11.612024307250977
510,best,do,-15.386749267578125
511,best,do,-9.9238920211792
512,best,do,-6.775763034820557
513,best,do,-14.854374885559082
514,best,do,-6.783266544342041
515,best,do,-7.7553253173828125
516,best,do,-13.469243049621582
517,best,do,-10.618014335632324
518,best,do,-12.764164924621582
519,best,do,-11.086323738098145
520,best,do,-9.45130729675293
521,best,do,-8.199447631835938
522,best,do,-11.607364654541016
523,best,do,-13.72999382019043
524,best,do,-8.17353343963623
525,best,do,-11.720857620239258
526,best,do,-10.248927116394043
527,best,do,-7.9912495613098145
528,best,do,-11.815752029418945
529,best,do,-11.815752029418945
530,best,do,-11.189950942993164
531,best,do,-13.160345077514648
532,best,do,-9.550027847290039
533,best,do,-12.502551078796387
534,best,do,-6.1495680809021
535,best,do,-5.347559452056885
536,best,pp,-14.05565357208252
537,best,pp,-14.010478019714355
538,best,pp,-10.509456634521484
539,best,pp,-5.484291076660156
540,best,pp,-8.62303638458252
541,best,pp,-8.787817001342773
542,best,pp,-6.008535385131836
543,best,pp,-7.695354461669922
544,best,pp,-8.981727600097656
545,best,pp,-9.52493953704834
546,best,pp,-5.997867107391357
547,best,pp,-6.435665607452393
548,best,pp,-6.33435583114624
549,best,pp,-8.937200546264648
550,best,pp,-11.861461639404297
551,best,pp,-11.293330192565918
552,best,pp,-10.431234359741211
553,best,pp,-14.064698219299316
554,best,pp,-7.893293857574463
555,best,pp,-6.980173110961914
556,best,do,-6.364776611328125
557,best,do,-8.37720012664795
558,best,do,-14.491793632507324
559,best,do,-8.233599662780762
560,best,do,-12.411543846130371
561,best,do,-8.91393756866455
562,best,do,-14.156694412231445
563,best,do,-9.558134078979492
564,best,do,-8.37720012664795
565,best,do,-12.078971862792969
566,best,do,-5.614084243774414
567,best,do,-8.960356712341309
568,best,do,-14.15537166595459
569,best,do,-14.089048385620117
570,best,do,-9.451361656188965
571,best,do,-6.927130222320557
572,best,do,-8.182281494140625
573,best,do,-5.329270362854004
574,best,do,-5.329270362854004
575,best,do,-5.838741302490234
576,best,do,-10.888602256774902
577,best,do,-9.810094833374023
578,best,do,-8.182281494140625
579,best,do,-10.157733917236328
580,best,do,-9.277743339538574
581,best,do,-14.15537166595459
582,best,do,-12.241955757141113
583,best,do,-9.419622421264648
584,best,do,-6.687285423278809
585,best,do,-11.849052429199219
586,best,do,-7.3111138343811035
587,best,do,-6.2468719482421875
588,best,do,-9.419622421264648
589,best,do,-5.60568380355835
590,best,do,-8.151418685913086
591,best,do,-10.328628540039062
592,best,do,-7.137667179107666
593,best,do,-10.328628540039062
594,best,do,-9.344913482666016
595,best,do,-14.491793632507324
596,best,do,-10.993865966796875
597,best,do,-14.15537166595459
598,best,do,-12.078971862792969
599,best,pp,-6.0991668701171875
600,best,pp,-8.192788124084473
601,best,pp,-13.691742897033691
602,best,pp,-8.267024993896484
603,best,pp,-11.536235809326172
604,best,pp,-8.640934944152832
605,best,pp,-13.150956153869629
606,best,pp,-8.408379554748535
607,best,pp,-8.192788124084473
608,best,pp,-11.653999328613281
609,best,pp,-5.462883949279785
610,best,pp,-7.776849269866943
611,best,pp,-12.889434814453125
612,best,pp,-13.633681297302246
613,best,pp,-9.361489295959473
614,best,pp,-6.664519786834717
615,best,pp,-8.45510482788086
616,best,pp,-5.590904235839844
617,best,pp,-5.590904235839844
618,best,pp,-6.188592433929443
619,best,do,-9.65083122253418
620,best,do,-9.206982612609863
621,best,do,-10.023274421691895
622,best,do,-9.717476844787598
623,best,do,-9.271535873413086
624,best,do,-8.637909889221191
625,best,do,-8.999947547912598
626,best,do,-6.771583080291748
627,best,do,-8.502214431762695
628,best,do,-7.072511196136475
629,best,do,-7.795499801635742
630,best,do,-8.803572654724121
631,best,do,-9.691959381103516
632,best,do,-9.739599227905273
633,best,do,-11.069845199584961
634,best,do,-9.948819160461426
635,best,do,-10.427934646606445
636,best,do,-12.056358337402344
637,best,do,-9.691959381103516
638,best,do,-6.601352691650391
639,best,do,-8.917608261108398
640,best,do,-9.078600883483887
641,best,do,-10.702520370483398
642,best,do,-10.073835372924805
643,best,do,-11.460047721862793
644,best,do,-7.498222351074219
645,best,do,-9.976045608520508
646,best,do,-7.953465938568115
647,best,do,-10.043008804321289
648,best,do,-6.702669620513916
649,best,do,-9.553088188171387
650,best,do,-10.239057540893555
651,best,do,-12.195600509643555
652,best,do,-11.641440391540527
653,best,do,-7.057391166687012
654,best,do,-8.007987022399902
655,best,do,-13.689133644104004
656,best,do,-11.456929206848145
657,best,do,-13.755393028259277
658,best,do,-9.691959381103516
659,best,do,-10.808648109436035
660,best,do,-11.378717422485352
661,best,do,-6.486833572387695
662,best,pp,-9.621623992919922
663,best,pp,-8.08154296875
664,best,pp,-11.113080978393555
665,best,pp,-10.112029075622559
666,best,pp,-10.390115737915039
667,best,pp,-8.106271743774414
668,best,pp,-9.718599319458008
669,best,pp,-6.474964141845703
670,best,pp,-7.79818058013916
671,best,pp,-6.312725067138672
672,best,pp,-7.293859481811523
673,best,pp,-8.055646896362305
674,best,pp,-10.977804183959961
675,best,pp,-8.656323432922363
676,best,pp,-10.585271835327148
677,best,pp,-8.961958885192871
678,best,pp,-9.432422637939453
679,best,pp,-12.253744125366211
680,best,pp,-10.977804183959961
681,best,pp,-5.925131320953369
682,best,do,-10.321073532104492
683,best,do,-13.374486923217773
684,best,do,-8.057122230529785
685,best,do,-10.83531665802002
686,best,do,-8.458208084106445
687,best,do,-8.080784797668457
688,best,do,-13.025667190551758
689,best,do,-11.691465377807617
690,best,do,-15.380577087402344
691,best,do,-12.29832935333252
692,best,do,-14.23621940612793
693,best,do,-12.165499687194824
694,best,do,-14.314277648925781
695,best,do,-9.588796615600586
696,best,do,-7.354074001312256
697,best,do,-8.110037803649902
698,best,do,-7.268191814422607
699,best,do,-6.827165603637695
700,best,do,-8.864395141601562
701,best,do,-9.45265007019043
702,best,do,-9.679073333740234
703,best,do,-9.278595924377441
704,best,do,-12.183415412902832
705,best,do,-11.983075141906738
706,best,do,-8.679496765136719
707,best,do,-13.344169616699219
708,best,do,-9.710634231567383
709,best,do,-11.293871879577637
710,best,do,-11.562214851379395
711,best,do,-10.407367706298828
712,best,do,-13.588565826416016
713,best,do,-10.282259941101074
714,best,do,-9.03700065612793
715,best,do,-11.803696632385254
716,best,do,-9.68600082397461
717,best,do,-8.527181625366211
718,best,do,-13.170076370239258
719,best,do,-9.259222030639648
720,best,do,-9.8464994430542
721,best,do,-9.12449836730957
722,best,do,-10.524165153503418
723,best,do,-9.135968208312988
724,best,do,-10.142107009887695
725,best,pp,-10.887919425964355
726,best,pp,-11.187889099121094
727,best,pp,-7.862349510192871
728,best,pp,-8.98646354675293
729,best,pp,-7.63164758682251
730,best,pp,-7.847741603851318
731,best,pp,-11.855141639709473
732,best,pp,-12.04089069366455
733,best,pp,-13.748603820800781
734,best,pp,-9.75902271270752
735,best,pp,-13.177443504333496
736,best,pp,-9.937087059020996
737,best,pp,-14.009050369262695
738,best,pp,-9.167798042297363
739,best,pp,-7.0678534507751465
740,best,pp,-8.320778846740723
741,best,pp,-6.425342082977295
742,best,pp,-6.130306720733643
743,best,pp,-9.128008842468262
744,best,pp,-8.772188186645508
745,best,pp,-9.213435173034668
746,best,pp,-9.38219928741455
747,best,pp,-7.448835372924805
748,best,pp,-7.814341068267822
749,best,pp,-9.440072059631348
750,best,pp,-10.009521484375
751,best,pp,-7.955543518066406
752,best,pp,-6.081292152404785
753,best,pp,-11.128872871398926
754,best,pp,-7.912565231323242
755,best,pp,-8.875557899475098
756,best,pp,-5.510004997253418
757,best,pp,-7.6549859046936035
758,best,pp,-6.27598237991333
759,best,pp,-6.77460241317749
760,best,pp,-7.870053291320801
761,best,pp,-7.5069260597229
762,best,pp,-8.857014656066895
763,best,pp,-11.9293851852417
764,best,pp,-5.058865070343018
765,best,pp,-8.791391372680664
766,best,pp,-9.227386474609375
767,best,pp,-6.350205421447754
768,best,pp,-7.769629001617432
769,best,pp,-5.777923107147217
770,best,pp,-5.801329612731934
771,best,pp,-10.43628978729248
772,best,pp,-11.439062118530273
773,best,pp,-9.118972778320312
774,best,pp,-7.739317417144775
775,best,pp,-5.557946681976318
776,best,pp,-4.9723005294799805
777,best,pp,-9.215843200683594
778,best,pp,-9.3325834274292
779,best,pp,-9.603507995605469
780,best,pp,-5.076385974884033
781,best,pp,-10.462060928344727
782,best,pp,-9.005952835083008
783,best,pp,-9.430168151855469
784,best,pp,-9.413260459899902
785,best,do,-8.82612133026123
786,best,do,-4.633138179779053
787,best,do,-6.704610347747803
788,best,do,-7.101330280303955
789,best,do,-4.8403449058532715
790,best,do,-5.455071449279785
791,best,do,-10.197211265563965
792,best,do,-7.452301979064941
793,best,do,-5.4674296379089355
794,best,do,-8.285736083984375
795,best,do,-5.87040901184082
796,best,do,-5.344803333282471
797,best,do,-3.93430495262146
798,best,do,-11.160505294799805
799,best,do,-5.55307674407959
800,best,do,-6.528674602508545
801,best,do,-7.528453350067139
802,best,do,-6.7159600257873535
803,best,do,-6.776005268096924
804,best,do,-9.616192817687988
805,best,do,-8.656730651855469
806,best,do,-4.106239318847656
807,best,do,-6.355263710021973
808,best,do,-8.622790336608887
809,best,do,-4.67860746383667
810,best,do,-6.684309482574463
811,best,do,-12.503449440002441
812,best,do,-7.894002437591553
813,best,do,-6.204288005828857
814,best,do,-6.488534927368164
815,best,do,-8.335799217224121
816,best,do,-4.107118606567383
817,best,do,-4.4304022789001465
818,best,do,-6.882901191711426
819,best,do,-7.793363094329834
820,best,do,-6.528674602508545
821,best,do,-10.383994102478027
822,best,do,-6.292675971984863
823,best,do,-7.360837459564209
824,best,do,-8.480399131774902
825,best,do,-9.624330520629883
826,best,do,-7.097006320953369
827,best,do,-9.434041023254395
828,best,pp,-8.69685173034668
829,best,pp,-4.917776107788086
830,best,pp,-6.917548179626465
831,best,pp,-7.0859856605529785
832,best,pp,-5.335235595703125
833,best,pp,-6.210366249084473
834,best,pp,-10.401975631713867
835,best,pp,-7.537831783294678
836,best,pp,-5.616324424743652
837,best,pp,-8.31954574584961
838,best,pp,-5.635470867156982
839,best,pp,-6.375315189361572
840,best,pp,-4.371930122375488
841,best,pp,-9.953696250915527
842,best,pp,-5.769905090332031
843,best,pp,-6.673476696014404
844,best,pp,-7.096341609954834
845,best,pp,-6.782647609710693
846,best,pp,-6.833422660827637
847,best,pp,-8.961731910705566
848,best,do,-6.198294639587402
849,best,do,-6.853478908538818
850,best,do,-6.730640411376953
851,best,do,-9.40185546875
852,best,do,-4.874017715454102
853,best,do,-7.133525848388672
854,best,do,-11.92034912109375
855,best,do,-9.117438316345215
856,best,do,-7.5300774574279785
857,best,do,-4.8249592781066895
858,best,do,-4.662604331970215
859,best,do,-9.205460548400879
860,best,do,-6.558084011077881
861,best,do,-6.448378086090088
862,best,do,-5.599476337432861
863,best,do,-4.587188720703125
864,best,do,-3.854740619659424
865,best,do,-8.98781681060791
866,best,do,-4.313545227050781
867,best,do,-6.211355209350586
868,best,do,-5.929027557373047
869,best,do,-5.227884292602539
870,best,do,-9.424942016601562
871,best,do,-4.586472511291504
872,best,do,-5.096560001373291
873,best,do,-7.000824928283691
874,best,do,-7.5300774574279785
875,best,do,-4.446558952331543
876,best,do,-5.082605361938477
877,best,do,-6.867100238800049
878,best,do,-5.362843990325928
879,best,do,-4.457768440246582
880,best,do,-7.327460289001465
881,best,do,-8.240674018859863
882,best,do,-4.326597213745117
883,best,do,-5.561337471008301
884,best,do,-6.198292255401611
885,best,do,-7.10934591293335
886,best,do,-4.058202266693115
887,best,do,-5.945713996887207
888,best,do,-5.754288673400879
889,best,do,-7.704104900360107
890,best,do,-4.748550891876221
891,best,pp,-6.858643054962158
892,best,pp,-7.438961982727051
893,best,pp,-7.509401321411133
894,best,pp,-9.245598793029785
895,best,pp,-5.548401832580566
896,best,pp,-7.225143909454346
897,best,pp,-11.53248405456543
898,best,pp,-9.430181503295898
899,best,pp,-7.94366455078125
900,best,pp,-5.5553131103515625
901,best,pp,-5.35020112991333
902,best,pp,-9.586594581604004
903,best,pp,-7.373911380767822
904,best,pp,-6.911491394042969
905,best,pp,-6.6088385581970215
906,best,pp,-5.6603617668151855
907,best,pp,-4.610442161560059
908,best,pp,-8.377967834472656
909,best,pp,-5.097176551818848
910,best,pp,-6.6850409507751465
911,best,do,-6.985640048980713
912,best,do,-8.551054954528809
913,best,do,-5.827268123626709
914,best,do,-6.995878219604492
915,best,do,-7.129881858825684
916,best,do,-5.745413303375244
917,best,do,-7.289424419403076
918,best,do,-7.852643966674805
919,best,do,-7.631783485412598
920,best,do,-8.50486946105957
921,best,do,-7.583361625671387
922,best,do,-9.30084228515625
923,best,do,-8.628813743591309
924,best,do,-7.915125846862793
925,best,do,-6.71213960647583
926,best,do,-6.12157678604126
927,best,do,-7.795845985412598
928,best,do,-6.73256254196167
929,best,do,-9.486138343811035
930,best,do,-6.669198989868164
931,best,do,-5.632704257965088
932,best,do,-7.326871395111084
933,best,do,-6.393496036529541
934,best,do,-5.5988569259643555
935,best,do,-6.241549968719482
936,best,do,-7.361299514770508
937,best,do,-5.139763832092285
938,best,do,-8.009282112121582
939,best,do,-9.848609924316406
940,best,do,-5.383176803588867
941,best,do,-7.869561195373535
942,best,do,-6.84984827041626
943,best,do,-6.7558274269104
944,best,do,-7.715719699859619
945,best,do,-4.556599140167236
946,best,do,-9.067770004272461
947,best,do,-5.479893684387207
948,best,do,-6.410122871398926
949,best,do,-8.504870414733887
950,best,do,-5.0058512687683105
951,best,do,-9.486838340759277
952,best,do,-6.49478006362915
953,best,do,-5.647165775299072
954,best,pp,-9.625590324401855
955,best,pp,-12.612743377685547
956,best,pp,-7.739320755004883
957,best,pp,-6.739195823669434
958,best,pp,-7.71977424621582
959,best,pp,-6.876834869384766
960,best,pp,-10.2332763671875
961,best,pp,-7.9559736251831055
962,best,pp,-7.949679374694824
963,best,pp,-8.60552978515625
964,best,pp,-10.38631534576416
965,best,pp,-10.361043930053711
966,best,pp,-8.5191068649292
967,best,pp,-10.83224105834961
968,best,pp,-7.064408779144287
969,best,pp,-5.555314064025879
970,best,pp,-10.772321701049805
971,best,pp,-8.394757270812988
972,best,pp,-9.727653503417969
973,best,pp,-7.475040435791016
974,best,do,-7.502089500427246
975,best,do,-7.04548978805542
976,best,do,-8.743884086608887
977,best,do,-7.132115364074707
978,best,do,-5.408708572387695
979,best,do,-7.557759761810303
980,best,do,-8.771217346191406
981,best,do,-5.929866313934326
982,best,do,-10.039960861206055
983,best,do,-5.399052143096924
984,best,do,-7.86932373046875
985,best,do,-6.658069610595703
986,best,do,-7.114626884460449
987,best,do,-7.13718318939209
988,best,do,-6.445873260498047
989,best,do,-7.154656410217285
990,best,do,-8.509090423583984
991,best,do,-7.8589653968811035
992,best,do,-7.215500831604004
993,best,do,-7.636593341827393
994,best,do,-4.411771774291992
995,best,do,-11.24377727508545
996,best,do,-8.38407039642334
997,best,do,-8.21980094909668
998,best,do,-7.98902702331543
999,best,do,-11.67170238494873
1000,best,do,-5.479642391204834
1001,best,do,-10.39140510559082
1002,best,do,-5.359867095947266
1003,best,do,-7.636593341827393
1004,best,do,-8.300527572631836
1005,best,do,-6.557154178619385
1006,best,do,-9.625646591186523
1007,best,do,-6.337858200073242
1008,best,do,-4.315490245819092
1009,best,do,-5.1045427322387695
1010,best,do,-6.71256160736084
1011,best,do,-7.890850067138672
1012,best,do,-7.428643226623535
1013,best,do,-9.134360313415527
1014,best,do,-7.428643226623535
1015,best,do,-6.503899574279785
1016,best,do,-5.271918296813965
1017,best,pp,-6.8069539070129395
1018,best,pp,-6.825897216796875
1019,best,pp,-9.9203462600708
1020,best,pp,-6.6353559494018555
1021,best,pp,-6.320146560668945
1022,best,pp,-9.184850692749023
1023,best,pp,-8.386001586914062
1024,best,pp,-5.77887487411499
1025,best,pp,-9.222580909729004
1026,best,pp,-5.541511535644531
1027,best,pp,-7.761371612548828
1028,best,pp,-9.488253593444824
1029,best,pp,-7.518562316894531
1030,best,pp,-7.232205867767334
1031,best,pp,-6.22676944732666
1032,best,pp,-6.189425468444824
1033,best,pp,-8.738080978393555
1034,best,pp,-7.927402973175049
1035,best,pp,-6.869955539703369
1036,best,pp,-7.291019439697266
1037,best,pp,-4.596792221069336
1038,best,pp,-4.486091613769531
1039,best,pp,-7.335740566253662
1040,best,pp,-5.773788928985596
1041,best,pp,-5.026575088500977
1042,best,pp,-7.804224491119385
1043,best,pp,-7.891809940338135
1044,best,pp,-4.068317413330078
1045,best,pp,-10.886481285095215
1046,best,pp,-6.163246154785156
1047,best,pp,-5.812212944030762
1048,best,pp,-5.1800971031188965
1049,best,pp,-6.029530048370361
1050,best,pp,-5.591383457183838
1051,best,pp,-4.664807319641113
1052,best,pp,-6.349952697753906
1053,best,pp,-6.01776647567749
1054,best,pp,-5.106691837310791
1055,best,pp,-5.997400760650635
1056,best,pp,-6.67479133605957
1057,best,pp,-7.036159992218018
1058,best,pp,-7.402130126953125
1059,best,pp,-6.450854778289795
1060,best,pp,-6.858648300170898
1061,best,pp,-6.090902805328369
1062,best,pp,-7.765125751495361
1063,best,pp,-6.289686679840088
1064,best,pp,-8.577520370483398
1065,best,pp,-9.635453224182129
1066,best,pp,-6.444774627685547
1067,best,pp,-8.078906059265137
1068,best,pp,-5.062814712524414
1069,best,pp,-7.581639289855957
1070,best,pp,-7.112833023071289
1071,best,pp,-4.209772109985352
1072,best,pp,-6.402392387390137
1073,best,pp,-8.930337905883789
1074,best,pp,-6.540942668914795
1075,best,pp,-9.148789405822754
1076,best,pp,-8.080770492553711
1077,best,do,-8.82067584991455
1078,best,do,-7.649144649505615
1079,best,do,-6.540603160858154
1080,best,do,-8.611610412597656
1081,best,do,-7.04264497756958
1082,best,do,-3.891853094100952
1083,best,do,-8.264552116394043
1084,best,do,-10.113707542419434
1085,best,do,-9.680130958557129
1086,best,do,-5.7867937088012695
1087,best,do,-9.418137550354004
1088,best,do,-7.753856658935547
1089,best,do,-4.749517917633057
1090,best,do,-6.773710250854492
1091,best,do,-10.607989311218262
1092,best,do,-6.675222873687744
1093,best,do,-10.083337783813477
1094,best,do,-9.852714538574219
1095,best,do,-8.624022483825684
1096,best,do,-5.854628086090088
1097,best,do,-9.831442832946777
1098,best,do,-5.974763870239258
1099,best,do,-6.048853397369385
1100,best,do,-6.291872024536133
1101,best,do,-6.207396030426025
1102,best,do,-4.360718250274658
1103,best,do,-6.260906219482422
1104,best,do,-6.786510467529297
1105,best,do,-10.59475040435791
1106,best,do,-7.462378025054932
1107,best,do,-5.974763870239258
1108,best,do,-8.177247047424316
1109,best,do,-8.691828727722168
1110,best,do,-9.014204978942871
1111,best,do,-12.35626220703125
1112,best,do,-6.2370476722717285
1113,best,do,-10.274076461791992
1114,best,do,-6.944556713104248
1115,best,do,-6.446388244628906
1116,best,do,-7.912228107452393
1117,best,do,-10.755450248718262
1118,best,do,-9.670376777648926
1119,best,do,-5.19794225692749
1120,best,pp,-8.05715274810791
1121,best,pp,-7.241328239440918
1122,best,pp,-6.460793495178223
1123,best,pp,-7.901029109954834
1124,best,pp,-6.634082317352295
1125,best,pp,-4.250226020812988
1126,best,pp,-7.580719947814941
1127,best,pp,-9.142038345336914
1128,best,pp,-8.769464492797852
1129,best,pp,-5.686093807220459
1130,best,pp,-9.087908744812012
1131,best,pp,-7.225802898406982
1132,best,pp,-4.816840171813965
1133,best,pp,-6.693844795227051
1134,best,pp,-9.873128890991211
1135,best,pp,-6.592385292053223
1136,best,pp,-9.397358894348145
1137,best,pp,-9.056767463684082
1138,best,pp,-8.360438346862793
1139,best,pp,-5.665858268737793
1140,best,do,-3.791692018508911
1141,best,do,-6.451013088226318
1142,best,do,-7.749475955963135
1143,best,do,-5.268042087554932
1144,best,do,-5.692453861236572
1145,best,do,-6.48391580581665
1146,best,do,-3.791692018508911
1147,best,do,-8.459349632263184
1148,best,do,-5.306961536407471
1149,best,do,-4.937382221221924
1150,best,do,-4.982662200927734
1151,best,do,-7.4782280921936035
1152,best,do,-6.304914474487305
1153,best,do,-6.861339569091797
1154,best,do,-8.440638542175293
1155,best,do,-4.358798980712891
1156,best,do,-5.3892951011657715
1157,best,do,-8.058088302612305
1158,best,do,-6.133695602416992
1159,best,do,-5.527856349945068
1160,best,do,-3.8962275981903076
1161,best,do,-4.710208892822266
1162,best,do,-11.991717338562012
1163,best,do,-12.096023559570312
1164,best,do,-6.451013088226318
1165,best,do,-6.8224005699157715
1166,best,do,-8.36388874053955
1167,best,do,-5.20776891708374
1168,best,do,-3.8570072650909424
1169,best,do,-5.391391277313232
1170,best,do,-5.121814250946045
1171,best,do,-5.813307285308838
1172,best,do,-5.3892951011657715
1173,best,do,-5.067481994628906
1174,best,do,-5.600898265838623
1175,best,do,-5.600898265838623
1176,best,do,-8.641454696655273
1177,best,do,-9.203594207763672
1178,best,do,-6.043266296386719
1179,best,do,-4.358798980712891
1180,best,do,-11.991717338562012
1181,best,do,-7.328174591064453
1182,best,do,-5.20776891708374
1183,best,pp,-4.434027194976807
1184,best,pp,-6.886234283447266
1185,best,pp,-7.75786828994751
1186,best,pp,-5.623101711273193
1187,best,pp,-6.09251070022583
1188,best,pp,-6.546825885772705
1189,best,pp,-4.434027671813965
1190,best,pp,-8.403657913208008
1191,best,pp,-5.700797080993652
1192,best,pp,-5.325023651123047
1193,best,pp,-5.3958001136779785
1194,best,pp,-7.606781482696533
1195,best,pp,-6.499001502990723
1196,best,pp,-7.054527759552002
1197,best,pp,-8.292826652526855
1198,best,pp,-4.7177815437316895
1199,best,pp,-5.764046669006348
1200,best,pp,-8.142170906066895
1201,best,pp,-6.378401756286621
1202,best,pp,-5.67659854888916
1203,best,do,-6.240949630737305
1204,best,do,-5.853743553161621
1205,best,do,-6.186892986297607
1206,best,do,-9.93292236328125
1207,best,do,-8.923580169677734
1208,best,do,-12.078023910522461
1209,best,do,-10.183387756347656
1210,best,do,-6.873457908630371
1211,best,do,-6.404462814331055
1212,best,do,-11.956494331359863
1213,best,do,-6.830009460449219
1214,best,do,-5.835753440856934
1215,best,do,-5.933238506317139
1216,best,do,-5.4042558670043945
1217,best,do,-7.382416725158691
1218,best,do,-7.58759880065918
1219,best,do,-9.775623321533203
1220,best,do,-9.488842010498047
1221,best,do,-8.576086044311523
1222,best,do,-8.406510353088379
1223,best,do,-5.960829734802246
1224,best,do,-8.543538093566895
1225,best,do,-8.82906723022461
1226,best,do,-5.569060802459717
1227,best,do,-6.867528915405273
1228,best,do,-9.066065788269043
1229,best,do,-7.3173418045043945
1230,best,do,-8.146504402160645
1231,best,do,-7.778329372406006
1232,best,do,-5.95020866394043
1233,best,do,-8.31285572052002
1234,best,do,-8.194664001464844
1235,best,do,-11.928431510925293
1236,best,do,-7.487637519836426
1237,best,do,-10.157209396362305
1238,best,do,-9.008633613586426
1239,best,do,-5.96243953704834
1240,best,do,-7.510529041290283
1241,best,do,-7.836855888366699
1242,best,do,-8.618793487548828
1243,best,do,-6.11245059967041
1244,best,do,-6.090150833129883
1245,best,do,-6.572452545166016
1246,best,pp,-6.650039196014404
1247,best,pp,-4.939131259918213
1248,best,pp,-5.315189361572266
1249,best,pp,-9.219995498657227
1250,best,pp,-9.802260398864746
1251,best,pp,-10.804649353027344
1252,best,pp,-9.275525093078613
1253,best,pp,-9.360128402709961
1254,best,pp,-8.15267276763916
1255,best,pp,-11.863235473632812
1256,best,pp,-6.274816513061523
1257,best,pp,-6.652313232421875
1258,best,pp,-5.643283367156982
1259,best,pp,-4.650285243988037
1260,best,pp,-6.6473493576049805
1261,best,pp,-8.68540096282959
1262,best,pp,-11.830897331237793
1263,best,pp,-11.079543113708496
1264,best,pp,-9.086953163146973
1265,best,pp,-10.001404762268066
1266,best,do,-5.359729290008545
1267,best,do,-8.923669815063477
1268,best,do,-8.768963813781738
1269,best,do,-6.934664249420166
1270,best,do,-6.611164569854736
1271,best,do,-12.048644065856934
1272,best,do,-10.099440574645996
1273,best,do,-9.055914878845215
1274,best,do,-6.942318439483643
1275,best,do,-8.778429985046387
1276,best,do,-9.132655143737793
1277,best,do,-6.3667449951171875
1278,best,do,-9.210213661193848
1279,best,do,-5.435586452484131
1280,best,do,-11.288464546203613
1281,best,do,-9.102543830871582
1282,best,do,-8.55607795715332
1283,best,do,-11.231179237365723
1284,best,do,-10.04680061340332
1285,best,do,-5.9357686042785645
1286,best,do,-12.211374282836914
1287,best,do,-5.473593235015869
1288,best,do,-7.304129123687744
1289,best,do,-10.399460792541504
1290,best,do,-7.217928409576416
1291,best,do,-9.358145713806152
1292,best,do,-9.123642921447754
1293,best,do,-6.697226047515869
1294,best,do,-7.220823764801025
1295,best,do,-10.701188087463379
1296,best,do,-9.186217308044434
1297,best,do,-6.51178503036499
1298,best,do,-7.719167232513428
1299,best,do,-8.044654846191406
1300,best,do,-7.288197040557861
1301,best,do,-8.599596977233887
1302,best,do,-11.09576416015625
1303,best,do,-13.55706787109375
1304,best,do,-7.170426368713379
1305,best,do,-6.0165791511535645
1306,best,do,-9.395352363586426
1307,best,do,-14.166986465454102
1308,best,do,-8.109108924865723
1309,best,pp,-6.856441974639893
1310,best,pp,-11.034828186035156
1311,best,pp,-6.979384899139404
1312,best,pp,-8.919543266296387
1313,best,pp,-6.9183759689331055
1314,best,pp,-10.15589714050293
1315,best,pp,-9.128963470458984
1316,best,pp,-9.186747550964355
1317,best,pp,-7.269155025482178
1318,best,pp,-7.705958843231201
1319,best,pp,-7.7019805908203125
1320,best,pp,-8.364423751831055
1321,best,pp,-8.074580192565918
1322,best,pp,-4.924344539642334
1323,best,pp,-9.870905876159668
1324,best,pp,-10.095710754394531
1325,best,pp,-9.903711318969727
1326,best,pp,-10.29405689239502
1327,best,pp,-8.896062850952148
1328,best,pp,-4.946362495422363
1329,best,pp,-6.370067596435547
1330,best,pp,-5.371176242828369
1331,best,pp,-6.941844463348389
1332,best,pp,-6.473341941833496
1333,best,pp,-6.0749993324279785
1334,best,pp,-5.884078502655029
1335,best,pp,-5.332650184631348
1336,best,pp,-9.067692756652832
1337,best,pp,-6.034858703613281
1338,best,pp,-6.659846305847168
1339,best,pp,-4.820540904998779
1340,best,pp,-4.498330593109131
1341,best,pp,-5.215353965759277
1342,best,pp,-8.774738311767578
1343,best,pp,-8.50318431854248
1344,best,pp,-4.420682430267334
1345,best,pp,-8.193079948425293
1346,best,pp,-5.471505641937256
1347,best,pp,-8.154662132263184
1348,best,pp,-7.994213581085205
1349,best,pp,-8.045029640197754
1350,best,pp,-6.5192108154296875
1351,best,pp,-8.024486541748047
1352,best,pp,-8.455337524414062
1353,best,pp,-8.403404235839844
1354,best,pp,-6.8050737380981445
1355,best,pp,-4.611143589019775
1356,best,pp,-7.718682289123535
1357,best,pp,-5.763370990753174
1358,best,pp,-9.826438903808594
1359,best,pp,-4.749929904937744
1360,best,pp,-3.9714479446411133
1361,best,pp,-11.415399551391602
1362,best,pp,-7.610340595245361
1363,best,pp,-8.241168975830078
1364,best,pp,-8.210918426513672
1365,best,pp,-8.477231979370117
1366,best,pp,-6.963281631469727
1367,best,pp,-6.422598361968994
1368,best,pp,-5.785550594329834
