item_id,model_state,do,pp
0,initial,-7.494712829589844,-6.215549945831299
1,initial,-7.885083198547363,-7.056997299194336
2,initial,-7.384792327880859,-6.825449466705322
3,initial,-8.303640365600586,-7.774890899658203
4,initial,-7.693572998046875,-5.937642574310303
5,initial,-7.6390533447265625,-7.051695346832275
6,initial,-8.661677360534668,-7.5733323097229
7,initial,-8.0659761428833,-6.940896511077881
8,initial,-7.026958465576172,-6.006186008453369
9,initial,-7.384792327880859,-6.825449466705322
10,initial,-9.230143547058105,-7.545507907867432
11,initial,-6.844369411468506,-6.430141448974609
12,initial,-8.309741020202637,-6.361591815948486
13,initial,-8.942855834960938,-7.216064929962158
14,initial,-7.026958465576172,-6.006186008453369
15,initial,-8.92453384399414,-7.440713882446289
16,initial,-7.702181816101074,-6.936188220977783
17,initial,-7.9704718589782715,-6.797705173492432
18,initial,-9.017056465148926,-8.075642585754395
19,initial,-7.033850193023682,-6.804294586181641
20,initial,-7.046790599822998,-6.186482906341553
21,initial,-7.667442321777344,-6.53515625
22,initial,-8.236821174621582,-7.745645523071289
23,initial,-8.101119995117188,-6.947299003601074
24,initial,-8.908395767211914,-7.551619052886963
25,initial,-8.101119995117188,-6.947299003601074
26,initial,-8.916372299194336,-7.5170135498046875
27,initial,-9.087956428527832,-7.777620315551758
28,initial,-7.417025089263916,-6.626026630401611
29,initial,-9.116379737854004,-7.909383296966553
30,initial,-8.048391342163086,-6.933135986328125
31,initial,-7.733956813812256,-6.82037353515625
32,initial,-8.23681926727295,-7.745645523071289
33,initial,-7.733957767486572,-6.820374011993408
34,initial,-7.811178684234619,-6.892248630523682
35,initial,-8.745651245117188,-7.686182498931885
36,initial,-7.417024612426758,-6.626026630401611
37,initial,-7.733957767486572,-6.820374011993408
38,initial,-7.465125560760498,-6.669229984283447
39,initial,-7.243378162384033,-6.2728962898254395
40,initial,-7.425047874450684,-6.654711723327637
41,initial,-7.121706962585449,-6.778846740722656
42,initial,-7.262154579162598,-6.863882064819336
43,initial,-7.9683756828308105,-7.349953651428223
44,initial,-7.9668450355529785,-6.642034530639648
45,initial,-7.143416881561279,-6.409331798553467
46,initial,-7.86063289642334,-6.15270471572876
47,initial,-7.458829879760742,-6.934597492218018
48,initial,-8.9245023727417,-8.123920440673828
49,initial,-7.107069492340088,-6.335388660430908
50,initial,-8.239269256591797,-7.187927722930908
51,initial,-9.0214204788208,-7.970563888549805
52,initial,-7.860068321228027,-7.071922302246094
53,initial,-8.316230773925781,-7.213587760925293
54,initial,-7.957295894622803,-7.01795768737793
55,initial,-7.501552104949951,-6.259741306304932
56,initial,-7.306103229522705,-6.267613410949707
57,initial,-6.935417175292969,-6.450159072875977
58,initial,-8.01929759979248,-6.666128158569336
59,initial,-7.287081718444824,-6.433466911315918
60,initial,-8.372660636901855,-7.5230712890625
61,initial,-9.055181503295898,-8.31546401977539
62,initial,-10.131486892700195,-9.184486389160156
63,initial,-9.745779037475586,-8.393750190734863
64,initial,-7.897148609161377,-7.296324253082275
65,initial,-8.191743850708008,-7.174309730529785
66,initial,-8.541873931884766,-7.39542818069458
67,initial,-9.993958473205566,-9.0358304977417
68,initial,-9.02735710144043,-7.282243728637695
69,initial,-8.85571575164795,-7.346364498138428
70,initial,-7.981069564819336,-7.027675151824951
71,initial,-9.45924186706543,-8.333511352539062
72,initial,-7.241357326507568,-6.486873626708984
73,initial,-7.310654163360596,-7.072569370269775
74,initial,-6.966928958892822,-6.644904613494873
75,initial,-9.456586837768555,-7.504092693328857
76,initial,-8.66281795501709,-7.825984954833984
77,initial,-9.55398178100586,-7.78762674331665
78,initial,-7.920687198638916,-7.525628089904785
79,initial,-7.9416022300720215,-7.325028419494629
80,initial,-5.517705917358398,-5.3227314949035645
81,initial,-5.873049259185791,-5.408389091491699
82,initial,-8.146834373474121,-6.963387489318848
83,initial,-6.841129302978516,-6.049635410308838
84,initial,-6.477258682250977,-5.973161697387695
85,initial,-8.177340507507324,-7.798861980438232
86,initial,-7.488924980163574,-6.924909591674805
87,initial,-6.677727222442627,-6.193955421447754
88,initial,-6.685181140899658,-6.057480812072754
89,initial,-5.873349666595459,-5.8355302810668945
90,initial,-6.635033130645752,-5.835295677185059
91,initial,-8.932150840759277,-8.278672218322754
92,initial,-6.010563373565674,-5.689126014709473
93,initial,-7.0760498046875,-6.818594455718994
94,initial,-6.905783653259277,-7.019433975219727
95,initial,-7.167622089385986,-6.839561462402344
96,initial,-5.945250034332275,-5.5317463874816895
97,initial,-6.634771823883057,-5.935000419616699
98,initial,-8.29172134399414,-7.817451000213623
99,initial,-6.122344970703125,-5.492960453033447
100,initial,-7.775779724121094,-6.184781074523926
101,initial,-7.847670555114746,-6.893719673156738
102,initial,-9.005305290222168,-7.768967628479004
103,initial,-7.296520709991455,-6.542237758636475
104,initial,-7.296520709991455,-6.542237758636475
105,initial,-7.1939826011657715,-6.0723371505737305
106,initial,-8.234976768493652,-6.9992356300354
107,initial,-8.458355903625488,-6.723733425140381
108,initial,-6.8504838943481445,-5.813608646392822
109,initial,-9.560090065002441,-8.1694974899292
110,initial,-8.338491439819336,-6.824685096740723
111,initial,-7.096716403961182,-6.443538665771484
112,initial,-8.271581649780273,-7.199538230895996
113,initial,-8.306683540344238,-6.816417217254639
114,initial,-6.847961902618408,-6.363061904907227
115,initial,-7.843100070953369,-6.962273120880127
116,initial,-9.43864917755127,-8.008561134338379
117,initial,-7.773417949676514,-6.714580535888672
118,initial,-8.234976768493652,-6.9992356300354
119,initial,-8.521734237670898,-7.406615257263184
120,initial,-7.534112453460693,-6.303545951843262
121,initial,-6.993762493133545,-5.898098945617676
122,initial,-7.8575053215026855,-6.5281782150268555
123,initial,-7.553097724914551,-6.028911113739014
124,initial,-7.490269660949707,-6.413655757904053
125,initial,-9.227468490600586,-7.168965816497803
126,initial,-9.169717788696289,-7.742257595062256
127,initial,-9.05904769897461,-7.142853260040283
128,initial,-7.861170291900635,-6.68050479888916
129,initial,-9.995451927185059,-7.915533542633057
130,initial,-7.843475341796875,-5.9213995933532715
131,initial,-7.362618446350098,-6.503114700317383
132,initial,-7.13756799697876,-6.1936726570129395
133,initial,-9.405546188354492,-7.485889434814453
134,initial,-9.995451927185059,-7.915533542633057
135,initial,-7.40844202041626,-6.0933518409729
136,initial,-7.516651153564453,-5.9586992263793945
137,initial,-7.40844202041626,-6.0933518409729
138,initial,-9.227468490600586,-7.168965816497803
139,initial,-7.773426532745361,-6.55478048324585
140,initial,-7.2372002601623535,-6.1863884925842285
141,initial,-8.023225784301758,-6.731693267822266
142,initial,-7.524081230163574,-6.7012481689453125
143,initial,-6.6683807373046875,-5.452383041381836
144,initial,-8.701382637023926,-7.6190314292907715
145,initial,-7.5924201011657715,-6.275631427764893
146,initial,-8.209343910217285,-7.106213569641113
147,initial,-8.504303932189941,-7.278589725494385
148,initial,-7.789985179901123,-6.926210880279541
149,initial,-7.703718185424805,-6.391599178314209
150,initial,-7.729446887969971,-6.85359001159668
151,initial,-8.11911678314209,-6.699110984802246
152,initial,-8.84528636932373,-7.358304500579834
153,initial,-8.678271293640137,-7.3562517166137695
154,initial,-7.2372002601623535,-6.1863884925842285
155,initial,-8.209343910217285,-7.106213569641113
156,initial,-8.9443941116333,-7.645946502685547
157,initial,-8.908430099487305,-7.5571699142456055
158,initial,-7.736248016357422,-6.351260185241699
159,initial,-8.209343910217285,-7.106213569641113
160,initial,-8.642206192016602,-7.096586227416992
161,initial,-9.488227844238281,-6.871927261352539
162,initial,-8.35454273223877,-7.353244304656982
163,initial,-9.835004806518555,-8.246634483337402
164,initial,-9.744723320007324,-8.3845853805542
165,initial,-7.2671799659729,-6.188288688659668
166,initial,-8.834073066711426,-7.617565155029297
167,initial,-9.835004806518555,-8.246634483337402
168,initial,-8.548185348510742,-7.626434803009033
169,initial,-8.314566612243652,-7.36939001083374
170,initial,-9.9893217086792,-8.109723091125488
171,initial,-9.39903450012207,-7.388004302978516
172,initial,-7.794822692871094,-6.895258903503418
173,initial,-9.924026489257812,-7.983580112457275
174,initial,-9.413633346557617,-7.781631946563721
175,initial,-8.479905128479004,-7.686167240142822
176,initial,-10.11085033416748,-8.249102592468262
177,initial,-7.924665927886963,-6.459984302520752
178,initial,-8.220553398132324,-6.920303821563721
179,initial,-8.813947677612305,-7.44408655166626
180,initial,-7.1040239334106445,-6.542539119720459
181,initial,-5.618509769439697,-5.282270908355713
182,initial,-6.003405570983887,-5.820003986358643
183,initial,-6.3218584060668945,-5.834034442901611
184,initial,-6.545948028564453,-5.648261547088623
185,initial,-7.634472370147705,-6.836390018463135
186,initial,-7.218106269836426,-6.714430809020996
187,initial,-8.146191596984863,-7.016144275665283
188,initial,-5.90074348449707,-5.42287540435791
189,initial,-7.046947479248047,-6.469704627990723
190,initial,-7.298671722412109,-6.281850814819336
191,initial,-7.1040239334106445,-6.542539119720459
192,initial,-6.6551384925842285,-6.082672595977783
193,initial,-7.729383945465088,-6.987288951873779
194,initial,-6.305190086364746,-5.9964447021484375
195,initial,-7.467240333557129,-6.7642316818237305
196,initial,-6.753015995025635,-6.268124103546143
197,initial,-7.651256561279297,-6.259435176849365
198,initial,-8.425073623657227,-7.324134349822998
199,initial,-6.459158897399902,-5.891945838928223
200,initial,-6.540252208709717,-5.656109809875488
201,initial,-7.568260669708252,-6.739664077758789
202,initial,-8.02633285522461,-7.119126796722412
203,initial,-7.076817989349365,-5.970451831817627
204,initial,-7.076817989349365,-5.970451831817627
205,initial,-7.138503074645996,-6.373222827911377
206,initial,-9.093247413635254,-7.60064172744751
207,initial,-9.318629264831543,-7.9577460289001465
208,initial,-7.076817989349365,-5.970451831817627
209,initial,-7.138503074645996,-6.373222827911377
210,initial,-7.848422527313232,-6.63726806640625
211,initial,-8.031061172485352,-6.619155406951904
212,initial,-8.031061172485352,-6.619155406951904
213,initial,-8.431317329406738,-7.210765838623047
214,initial,-7.848422527313232,-6.63726806640625
215,initial,-8.525047302246094,-7.58196496963501
216,initial,-8.401466369628906,-7.412444114685059
217,initial,-8.734692573547363,-7.541985511779785
218,initial,-7.024612903594971,-6.030124664306641
219,initial,-7.33287239074707,-5.746955871582031
220,initial,-6.951047420501709,-6.434102535247803
221,initial,-7.241458892822266,-6.655174732208252
222,initial,-7.144194602966309,-6.552600383758545
223,initial,-7.413203239440918,-6.809569358825684
224,initial,-7.823826789855957,-7.069567680358887
225,initial,-7.873258590698242,-6.934823036193848
226,initial,-7.175344944000244,-6.574655532836914
227,initial,-7.399536609649658,-6.678258419036865
228,initial,-7.635965347290039,-6.7460246086120605
229,initial,-7.873258590698242,-6.934823036193848
230,initial,-7.752161502838135,-6.936351299285889
231,initial,-7.002653121948242,-6.339755535125732
232,initial,-7.779956817626953,-7.130776405334473
233,initial,-8.503999710083008,-7.669569969177246
234,initial,-8.507000923156738,-7.30489444732666
235,initial,-7.377148151397705,-6.675659656524658
236,initial,-6.823822021484375,-6.2544121742248535
237,initial,-7.2681708335876465,-6.613424777984619
238,initial,-8.676779747009277,-7.857375621795654
239,initial,-7.687471389770508,-6.832724571228027
240,initial,-6.896794319152832,-6.456079483032227
241,initial,-7.347118854522705,-6.880780220031738
242,initial,-8.15296745300293,-7.642488479614258
243,initial,-7.0906219482421875,-6.7113213539123535
244,initial,-7.483306407928467,-7.145778179168701
245,initial,-8.083884239196777,-7.520883560180664
246,initial,-6.900845527648926,-6.511307716369629
247,initial,-7.857676029205322,-7.486454963684082
248,initial,-8.214105606079102,-7.864396095275879
249,initial,-8.048968315124512,-7.5574235916137695
250,initial,-7.544295787811279,-7.344198226928711
251,initial,-6.700464725494385,-6.691512584686279
252,initial,-6.829380989074707,-6.5305399894714355
253,initial,-7.065367698669434,-6.527468204498291
254,initial,-6.644089698791504,-6.170413017272949
255,initial,-7.277932643890381,-6.715025424957275
256,initial,-8.051420211791992,-7.435421466827393
257,initial,-8.110355377197266,-7.6628241539001465
258,initial,-6.676962852478027,-6.279172420501709
259,initial,-6.054684162139893,-5.833889007568359
260,initial,-6.624711990356445,-6.482213020324707
261,initial,-6.5087361335754395,-6.6816840171813965
262,initial,-6.352445602416992,-6.040078163146973
263,initial,-7.010229110717773,-6.405184268951416
264,initial,-7.286031246185303,-6.915268898010254
265,initial,-6.6569623947143555,-6.22962760925293
266,initial,-6.418072700500488,-6.068799018859863
267,initial,-6.597047805786133,-5.986411094665527
268,initial,-6.630277633666992,-6.533541202545166
269,initial,-6.954539775848389,-6.991652011871338
270,initial,-6.894523620605469,-6.49385404586792
271,initial,-6.250916957855225,-6.351748466491699
272,initial,-6.163707256317139,-5.789407253265381
273,initial,-6.152840614318848,-6.069752216339111
274,initial,-7.659636497497559,-7.265122413635254
275,initial,-6.00015926361084,-5.712826728820801
276,initial,-6.441943168640137,-6.493582725524902
277,initial,-6.117166996002197,-6.377316474914551
278,initial,-6.66494083404541,-6.342803955078125
279,initial,-6.941257953643799,-6.651312351226807
280,initial,-8.768426895141602,-8.209883689880371
281,initial,-8.127690315246582,-7.6474223136901855
282,initial,-7.515705108642578,-7.710655212402344
283,initial,-7.125904560089111,-7.270410537719727
284,initial,-7.276549339294434,-6.778858661651611
285,initial,-6.334598541259766,-6.611836910247803
286,initial,-8.3790864944458,-7.682760238647461
287,initial,-8.249162673950195,-7.303971767425537
288,initial,-8.168603897094727,-7.816856384277344
289,initial,-6.36759614944458,-6.440454006195068
290,initial,-8.273409843444824,-7.9282941818237305
291,initial,-8.472021102905273,-7.5647993087768555
292,initial,-7.754537582397461,-7.370143413543701
293,initial,-8.602917671203613,-7.939297676086426
294,initial,-6.957969665527344,-6.217008113861084
295,initial,-7.7586469650268555,-6.994435787200928
296,initial,-7.556167125701904,-7.282293319702148
297,initial,-8.948468208312988,-8.182291030883789
298,initial,-7.584774971008301,-7.275360107421875
299,initial,-8.564703941345215,-8.090629577636719
300,initial,-6.628352165222168,-6.289996147155762
301,initial,-6.749352931976318,-6.634105205535889
302,initial,-6.116937160491943,-5.921279430389404
303,initial,-7.186944484710693,-6.73261022567749
304,initial,-6.2428178787231445,-5.935868740081787
305,initial,-7.689542770385742,-7.388068199157715
306,initial,-8.70479679107666,-7.841270446777344
307,initial,-6.130732536315918,-5.856302261352539
308,initial,-6.299958229064941,-6.032371997833252
309,initial,-6.358343124389648,-6.365434646606445
310,initial,-7.691493034362793,-7.212604999542236
311,initial,-6.6524176597595215,-6.588953018188477
312,initial,-6.803497314453125,-6.35556173324585
313,initial,-6.2343363761901855,-6.010143756866455
314,initial,-6.064425945281982,-5.928796291351318
315,initial,-6.242796421051025,-6.084719181060791
316,initial,-5.408441543579102,-5.242752552032471
317,initial,-7.02396821975708,-6.670621395111084
318,initial,-6.0191874504089355,-5.745157241821289
319,initial,-7.854683876037598,-7.256558895111084
320,initial,-5.864283084869385,-5.2135515213012695
321,initial,-7.422586441040039,-6.847874164581299
322,initial,-6.927314758300781,-6.770181179046631
323,initial,-6.888125419616699,-6.074766159057617
324,initial,-7.508882999420166,-6.883238315582275
325,initial,-6.675031661987305,-6.378589630126953
326,initial,-7.513003349304199,-7.076448440551758
327,initial,-8.203198432922363,-7.614620685577393
328,initial,-6.000497817993164,-5.987653732299805
329,initial,-7.590215682983398,-7.046789646148682
330,initial,-6.659650802612305,-6.371957778930664
331,initial,-7.95115327835083,-7.209158897399902
332,initial,-7.912353515625,-6.983259201049805
333,initial,-6.534910202026367,-6.130591869354248
334,initial,-6.162369728088379,-5.851456642150879
335,initial,-6.682567119598389,-6.1540913581848145
336,initial,-7.768913269042969,-6.960057258605957
337,initial,-6.722702980041504,-6.2107133865356445
338,initial,-5.8757734298706055,-5.695652961730957
339,initial,-7.034486770629883,-6.511744499206543
340,initial,-6.781144142150879,-6.106040954589844
341,initial,-9.773430824279785,-9.395003318786621
342,initial,-9.452203750610352,-8.301239013671875
343,initial,-9.721019744873047,-8.872535705566406
344,initial,-7.5157036781311035,-7.415603160858154
345,initial,-8.510319709777832,-7.288547039031982
346,initial,-9.547223091125488,-8.047693252563477
347,initial,-8.087702751159668,-7.55485200881958
348,initial,-9.972814559936523,-9.108723640441895
349,initial,-7.970235824584961,-7.620841026306152
350,initial,-8.210190773010254,-8.299834251403809
351,initial,-9.888842582702637,-9.059982299804688
352,initial,-8.614364624023438,-7.545192718505859
353,initial,-9.760197639465332,-8.349410057067871
354,initial,-8.061722755432129,-7.009232521057129
355,initial,-8.264702796936035,-7.708244323730469
356,initial,-10.387502670288086,-9.173872947692871
357,initial,-9.246749877929688,-9.512836456298828
358,initial,-8.03403091430664,-7.2302165031433105
359,initial,-8.79625129699707,-7.78115701675415
360,initial,-7.823731899261475,-7.487876892089844
361,initial,-9.3275728225708,-8.399147987365723
362,initial,-7.776088714599609,-6.996201515197754
363,initial,-7.527526378631592,-7.833462238311768
364,initial,-7.54040002822876,-7.163075923919678
365,initial,-7.453111171722412,-6.960134983062744
366,initial,-7.689213752746582,-8.380321502685547
367,initial,-8.483202934265137,-8.258861541748047
368,initial,-9.171407699584961,-8.833195686340332
369,initial,-9.894342422485352,-9.148154258728027
370,initial,-7.6788129806518555,-7.398631572723389
371,initial,-9.8041353225708,-9.11042308807373
372,initial,-8.516242980957031,-8.051072120666504
373,initial,-10.164583206176758,-9.493653297424316
374,initial,-8.25860595703125,-8.198904991149902
375,initial,-6.234254360198975,-6.184835433959961
376,initial,-7.911511421203613,-8.40095043182373
377,initial,-9.3275728225708,-8.399147987365723
378,initial,-7.527526378631592,-7.833462238311768
379,initial,-7.869213104248047,-7.847142696380615
380,initial,-7.373564720153809,-7.614664554595947
381,initial,-8.937743186950684,-7.862051010131836
382,initial,-7.144900321960449,-6.914327621459961
383,initial,-8.850126266479492,-8.638628959655762
384,initial,-6.287039279937744,-6.212859153747559
385,initial,-8.284913063049316,-8.197673797607422
386,initial,-7.954104900360107,-7.266735076904297
387,initial,-8.960630416870117,-8.432393074035645
388,initial,-7.466310977935791,-7.59359073638916
389,initial,-7.491524696350098,-7.070076942443848
390,initial,-7.382069110870361,-7.793163299560547
391,initial,-7.8125691413879395,-7.632519245147705
392,initial,-7.3513264656066895,-6.914244651794434
393,initial,-8.33182144165039,-8.072237968444824
394,initial,-7.295566558837891,-7.137277603149414
395,initial,-8.866182327270508,-8.839374542236328
396,initial,-8.208283424377441,-7.636074066162109
397,initial,-6.890381813049316,-6.540373802185059
398,initial,-7.430412769317627,-7.346192359924316
399,initial,-7.882281303405762,-7.2495245933532715
400,initial,-8.803046226501465,-7.735054969787598
401,initial,-9.730021476745605,-8.409894943237305
402,initial,-11.016229629516602,-10.325461387634277
403,initial,-7.635356426239014,-7.658836364746094
404,initial,-9.709500312805176,-7.97183084487915
405,initial,-9.26433277130127,-8.837862968444824
406,initial,-8.05329418182373,-7.75424861907959
407,initial,-8.775035858154297,-8.037981986999512
408,initial,-7.687511444091797,-7.3397345542907715
409,initial,-8.354992866516113,-7.482479095458984
410,initial,-7.878573894500732,-7.554424285888672
411,initial,-9.309184074401855,-8.524713516235352
412,initial,-8.388941764831543,-8.038712501525879
413,initial,-8.145419120788574,-7.808777332305908
414,initial,-8.693381309509277,-8.544814109802246
415,initial,-9.186870574951172,-8.164046287536621
416,initial,-9.600366592407227,-9.066856384277344
417,initial,-9.120200157165527,-9.026289939880371
418,initial,-8.448724746704102,-7.502542018890381
419,initial,-7.635356426239014,-7.658836364746094
420,initial,-8.291369438171387,-7.75153923034668
421,initial,-6.979320526123047,-6.63302755355835
422,initial,-6.612791538238525,-6.300384521484375
423,initial,-6.864606857299805,-6.520491123199463
424,initial,-6.394129753112793,-6.017627239227295
425,initial,-8.550047874450684,-8.135127067565918
426,initial,-8.847834587097168,-8.257854461669922
427,initial,-9.358011245727539,-8.753798484802246
428,initial,-8.446678161621094,-8.441451072692871
429,initial,-6.134087085723877,-5.947014331817627
430,initial,-9.410842895507812,-8.90805721282959
431,initial,-6.8054728507995605,-6.361891746520996
432,initial,-6.593901634216309,-6.432730197906494
433,initial,-8.341870307922363,-7.22756290435791
434,initial,-8.618395805358887,-7.912537574768066
435,initial,-6.730964183807373,-6.2593302726745605
436,initial,-6.343323230743408,-6.146777153015137
437,initial,-6.485956192016602,-6.134240627288818
438,initial,-6.383655548095703,-6.030385971069336
439,initial,-6.8845672607421875,-6.725207328796387
440,initial,-7.912124156951904,-7.525867462158203
441,initial,-6.248874664306641,-5.926194667816162
442,initial,-8.08743953704834,-7.424079418182373
443,initial,-7.488808631896973,-6.772263050079346
444,initial,-8.085488319396973,-7.128254413604736
445,initial,-8.330267906188965,-8.085406303405762
446,initial,-8.947653770446777,-7.996822834014893
447,initial,-8.692374229431152,-8.011275291442871
448,initial,-7.990628242492676,-7.058290004730225
449,initial,-7.201155662536621,-6.347071647644043
450,initial,-8.013731002807617,-6.813801288604736
451,initial,-8.133461952209473,-7.110997676849365
452,initial,-8.549283027648926,-7.243466854095459
453,initial,-7.5684003829956055,-6.381192684173584
454,initial,-7.1316022872924805,-6.24470329284668
455,initial,-7.655110836029053,-7.378440856933594
456,initial,-7.311045169830322,-7.266268253326416
457,initial,-7.34602689743042,-6.6946611404418945
458,initial,-7.578756809234619,-6.922786235809326
459,initial,-7.7310638427734375,-7.463572978973389
460,initial,-7.689179420471191,-7.209012985229492
461,initial,-5.816649436950684,-5.442698001861572
462,initial,-5.506680488586426,-5.445822238922119
463,initial,-7.376156330108643,-7.19342041015625
464,initial,-6.66062593460083,-6.466324806213379
465,initial,-6.177319526672363,-6.216098308563232
466,initial,-6.8145647048950195,-6.200837135314941
467,initial,-7.203563690185547,-6.469972610473633
468,initial,-7.765393257141113,-7.38571834564209
469,initial,-6.2558393478393555,-6.3598246574401855
470,initial,-6.773979663848877,-7.164008140563965
471,initial,-9.1927490234375,-8.067423820495605
472,initial,-7.266715049743652,-6.709616184234619
473,initial,-6.527042388916016,-6.472193717956543
474,initial,-6.262124061584473,-6.095816135406494
475,initial,-7.281618118286133,-6.861583232879639
476,initial,-5.418127059936523,-5.546848297119141
477,initial,-6.355220317840576,-6.120621204376221
478,initial,-5.987269401550293,-5.962494373321533
479,initial,-5.9869489669799805,-5.6857171058654785
480,initial,-5.520425319671631,-5.6952290534973145
481,initial,-6.234341144561768,-6.131993293762207
482,initial,-7.400192737579346,-7.444629669189453
483,initial,-5.400862216949463,-5.317538261413574
484,initial,-5.229994773864746,-5.329873085021973
485,initial,-5.876511573791504,-5.979240417480469
486,initial,-5.876511573791504,-5.979240417480469
487,initial,-6.37936544418335,-6.395771026611328
488,initial,-5.369431972503662,-5.156795024871826
489,initial,-7.204060077667236,-6.914661407470703
490,initial,-7.779268741607666,-7.528010368347168
491,initial,-9.16480827331543,-8.923540115356445
492,initial,-5.876511573791504,-5.979240417480469
493,initial,-5.216052055358887,-4.977296829223633
494,initial,-6.862451553344727,-6.410567283630371
495,initial,-7.533055305480957,-7.1341094970703125
496,initial,-5.366765022277832,-5.593071937561035
497,initial,-5.8629608154296875,-5.94373083114624
498,initial,-5.216052055358887,-4.977296829223633
499,initial,-7.008198261260986,-6.6777849197387695
500,initial,-5.856057643890381,-5.924028396606445
501,initial,-5.8616414070129395,-5.499608516693115
502,initial,-6.651602268218994,-6.435154438018799
503,initial,-7.880621910095215,-7.8186140060424805
504,initial,-5.94681978225708,-5.50353479385376
505,initial,-6.625596523284912,-6.430887222290039
506,initial,-7.00022029876709,-6.703941822052002
507,initial,-8.186403274536133,-7.6033935546875
508,initial,-7.063973903656006,-6.420689582824707
509,initial,-5.925956726074219,-5.475351810455322
510,initial,-7.824480056762695,-7.151908874511719
511,initial,-7.9224853515625,-7.1646246910095215
512,initial,-6.365381717681885,-6.307862281799316
513,initial,-6.977475166320801,-6.533714294433594
514,initial,-6.3436431884765625,-6.279540538787842
515,initial,-6.925863265991211,-6.728969573974609
516,initial,-6.857028961181641,-6.56186056137085
517,initial,-5.361061096191406,-5.103309154510498
518,initial,-6.790951728820801,-6.627632141113281
519,initial,-8.275043487548828,-8.245256423950195
520,initial,-8.207579612731934,-7.296889305114746
521,initial,-7.395224571228027,-7.102319717407227
522,initial,-8.469327926635742,-7.944183349609375
523,initial,-6.696500778198242,-6.444557189941406
524,initial,-6.635512828826904,-6.174190998077393
525,initial,-7.605353355407715,-6.9822893142700195
526,initial,-5.545097827911377,-5.221963882446289
527,initial,-5.471994876861572,-5.848588943481445
528,initial,-8.942809104919434,-8.3192720413208
529,initial,-7.709305763244629,-7.37678337097168
530,initial,-6.551923751831055,-5.890048027038574
531,initial,-9.161532402038574,-8.448973655700684
532,initial,-8.316693305969238,-8.031444549560547
533,initial,-7.468968391418457,-6.927325248718262
534,initial,-8.10949993133545,-7.89003849029541
535,initial,-6.151167392730713,-5.918764114379883
536,initial,-6.683291435241699,-6.63376522064209
537,initial,-9.161532402038574,-8.448973655700684
538,initial,-5.632216930389404,-5.5049591064453125
539,initial,-6.343310832977295,-6.302364826202393
540,initial,-5.111720085144043,-5.184183120727539
541,initial,-5.159666061401367,-5.27225923538208
542,initial,-6.041996955871582,-6.094278335571289
543,initial,-5.244411468505859,-5.3882975578308105
544,initial,-5.2744140625,-5.493802070617676
545,initial,-6.088050365447998,-5.846232891082764
546,initial,-5.829917907714844,-5.748756408691406
547,initial,-6.066285610198975,-6.346906661987305
548,initial,-5.108119010925293,-5.076346397399902
549,initial,-5.989941596984863,-5.758999347686768
550,initial,-6.068173885345459,-6.073178768157959
551,initial,-7.118772506713867,-6.96047830581665
552,initial,-5.754579067230225,-6.006163597106934
553,initial,-7.4071245193481445,-7.093015670776367
554,initial,-7.204896450042725,-6.732160568237305
555,initial,-7.569758415222168,-7.257585048675537
556,initial,-5.62649393081665,-6.004903316497803
557,initial,-5.916708469390869,-6.086071014404297
558,initial,-5.590465545654297,-5.434074878692627
559,initial,-5.2375688552856445,-5.840700626373291
560,initial,-7.53192663192749,-7.045928001403809
561,initial,-7.105100631713867,-6.540295600891113
562,initial,-8.121546745300293,-7.777101516723633
563,initial,-5.846155166625977,-5.566954135894775
564,initial,-7.966795444488525,-7.423880577087402
565,initial,-5.8175740242004395,-5.29477596282959
566,initial,-6.631960391998291,-6.3857421875
567,initial,-7.317421913146973,-6.74667501449585
568,initial,-6.143082618713379,-6.363672256469727
569,initial,-7.024043560028076,-6.8119659423828125
570,initial,-7.438624382019043,-7.152552127838135
571,initial,-6.7166337966918945,-6.101977825164795
572,initial,-6.812729835510254,-6.460325717926025
573,initial,-8.564654350280762,-8.090534210205078
574,initial,-5.529214382171631,-5.185827255249023
575,initial,-5.765788555145264,-5.323505878448486
576,initial,-6.496499538421631,-5.963953971862793
577,initial,-4.866215705871582,-4.451375484466553
578,initial,-5.605588912963867,-5.373532772064209
579,initial,-5.811283588409424,-5.158060073852539
580,initial,-7.273595333099365,-6.5830793380737305
581,initial,-8.00976848602295,-7.209263801574707
582,initial,-7.017760276794434,-6.187496185302734
583,initial,-8.289164543151855,-7.303576946258545
584,initial,-7.515584945678711,-6.664147853851318
585,initial,-6.980513572692871,-6.015369892120361
586,initial,-7.2236647605896,-6.230428218841553
587,initial,-8.204708099365234,-7.348221778869629
588,initial,-8.322994232177734,-7.258037567138672
589,initial,-7.9848175048828125,-7.224437713623047
590,initial,-8.520310401916504,-7.314722537994385
591,initial,-9.221575736999512,-7.590888977050781
592,initial,-8.163437843322754,-7.177659034729004
593,initial,-7.1139092445373535,-6.297581195831299
594,initial,-6.548882007598877,-5.7302374839782715
595,initial,-8.482744216918945,-7.180346965789795
596,initial,-6.890678405761719,-5.771563529968262
597,initial,-8.1239595413208,-7.039798259735107
598,initial,-8.835925102233887,-7.201874256134033
599,initial,-7.5152459144592285,-6.47487735748291
600,initial,-7.063953399658203,-6.671984672546387
601,initial,-8.564486503601074,-8.167725563049316
602,initial,-9.036628723144531,-8.305740356445312
603,initial,-8.735420227050781,-7.923555850982666
604,initial,-7.063953399658203,-6.671984672546387
605,initial,-7.539402008056641,-6.730233669281006
606,initial,-8.511240005493164,-7.586958408355713
607,initial,-7.6740193367004395,-7.225089073181152
608,initial,-8.051115989685059,-7.050750732421875
609,initial,-8.028047561645508,-7.283768177032471
610,initial,-7.178959369659424,-6.530625343322754
611,initial,-9.036629676818848,-8.305739402770996
612,initial,-7.180911064147949,-6.450770378112793
613,initial,-7.484556674957275,-6.691140174865723
614,initial,-7.00749397277832,-6.559661865234375
615,initial,-7.339595794677734,-6.833741664886475
616,initial,-6.978287696838379,-6.118885040283203
617,initial,-7.931039333343506,-7.1180572509765625
618,initial,-7.483052730560303,-6.908956050872803
619,initial,-8.374860763549805,-7.723175048828125
620,initial,-7.544188022613525,-6.490332126617432
621,initial,-7.589674472808838,-6.93465518951416
622,initial,-8.635293960571289,-7.716428756713867
623,initial,-6.689042091369629,-6.146620750427246
624,initial,-7.1811041831970215,-6.327348709106445
625,initial,-7.00252628326416,-6.871570587158203
626,initial,-7.9689459800720215,-7.116936683654785
627,initial,-7.062648296356201,-6.229398250579834
628,initial,-7.136929512023926,-6.546802997589111
629,initial,-8.370641708374023,-7.343270301818848
630,initial,-7.601729393005371,-6.833038330078125
631,initial,-8.076459884643555,-7.16190242767334
632,initial,-6.5700883865356445,-6.298335552215576
633,initial,-6.085113525390625,-5.4068284034729
634,initial,-7.516578197479248,-6.696747303009033
635,initial,-6.373912334442139,-5.747653961181641
636,initial,-7.307046413421631,-6.765528202056885
637,initial,-6.628473281860352,-6.2934722900390625
638,initial,-7.569399356842041,-6.720944881439209
639,initial,-6.614035606384277,-6.092685699462891
640,initial,-8.01960277557373,-7.394041538238525
641,initial,-7.9844069480896,-7.495068550109863
642,initial,-7.140949249267578,-6.557689666748047
643,initial,-8.776405334472656,-7.576648235321045
644,initial,-8.488780975341797,-7.393472194671631
645,initial,-8.567818641662598,-8.136059761047363
646,initial,-9.275168418884277,-8.46972942352295
647,initial,-7.596397399902344,-6.359371662139893
648,initial,-9.08067798614502,-8.285262107849121
649,initial,-8.442499160766602,-8.187132835388184
650,initial,-7.88640832901001,-7.407803535461426
651,initial,-7.443188190460205,-6.5368733406066895
652,initial,-7.015102863311768,-6.183159828186035
653,initial,-7.677791595458984,-6.730293273925781
654,initial,-8.151107788085938,-6.866035461425781
655,initial,-8.241722106933594,-8.021439552307129
656,initial,-8.529961585998535,-7.532857418060303
657,initial,-8.275200843811035,-7.979716777801514
658,initial,-8.557748794555664,-7.8329997062683105
659,initial,-8.068921089172363,-7.140392780303955
660,initial,-7.762956142425537,-7.3544464111328125
661,initial,-5.847477436065674,-5.408077239990234
662,initial,-7.579441070556641,-7.13134241104126
663,initial,-7.51432991027832,-7.366484642028809
664,initial,-5.9360222816467285,-6.012430191040039
665,initial,-5.860300540924072,-5.9717793464660645
666,initial,-5.765867710113525,-5.81717586517334
667,initial,-7.078657627105713,-6.365757465362549
668,initial,-5.743688106536865,-5.604494094848633
669,initial,-5.503549098968506,-5.6352763175964355
670,initial,-7.650293827056885,-7.2251105308532715
671,initial,-6.5700225830078125,-6.5077009201049805
672,initial,-7.573873043060303,-7.155893325805664
673,initial,-5.873908519744873,-5.661777973175049
674,initial,-7.650293350219727,-7.225109577178955
675,initial,-6.641303062438965,-6.781123638153076
676,initial,-8.499642372131348,-7.828566551208496
677,initial,-6.411690711975098,-5.940317153930664
678,initial,-6.685161590576172,-6.423618793487549
679,initial,-7.4258317947387695,-6.970638751983643
680,initial,-7.64777135848999,-6.49331521987915
681,initial,-7.57257080078125,-6.804384231567383
682,initial,-7.0686211585998535,-6.243098735809326
683,initial,-7.686261177062988,-6.822793006896973
684,initial,-8.016490936279297,-6.754701614379883
685,initial,-6.853462219238281,-5.877765655517578
686,initial,-7.089236736297607,-6.451440334320068
687,initial,-6.31474494934082,-6.08424186706543
688,initial,-7.35071325302124,-6.517040252685547
689,initial,-8.4205904006958,-7.491599082946777
690,initial,-6.871192932128906,-6.237118244171143
691,initial,-6.718437194824219,-5.899586200714111
692,initial,-7.465760231018066,-6.868751049041748
693,initial,-7.2576799392700195,-6.483898162841797
694,initial,-7.569374084472656,-7.051051616668701
695,initial,-7.681044578552246,-7.186302661895752
696,initial,-8.214693069458008,-7.572500228881836
697,initial,-7.155068874359131,-6.188898086547852
698,initial,-7.399131774902344,-6.929957389831543
699,initial,-6.477230548858643,-5.636562347412109
0,final,-4.18866491317749,-4.369649887084961
1,final,-5.275208473205566,-5.078815937042236
2,final,-4.236863136291504,-3.8409953117370605
3,final,-6.455683708190918,-5.916191577911377
4,final,-5.202511787414551,-4.591552257537842
5,final,-4.819510459899902,-4.499972820281982
6,final,-5.789071083068848,-5.432748317718506
7,final,-4.994468688964844,-4.471641540527344
8,final,-4.614328861236572,-3.706838369369507
9,final,-4.236863136291504,-3.8409953117370605
10,final,-6.293143272399902,-5.331355571746826
11,final,-4.193714141845703,-3.830502986907959
12,final,-4.469983100891113,-3.9436042308807373
13,final,-5.551875114440918,-4.85290002822876
14,final,-4.614328861236572,-3.706838369369507
15,final,-5.860904693603516,-5.221859931945801
16,final,-4.516933917999268,-4.0851969718933105
17,final,-6.154338836669922,-5.620284557342529
18,final,-7.208966255187988,-6.561620235443115
19,final,-5.253942966461182,-4.938839435577393
20,final,-4.680450439453125,-4.3849310874938965
21,final,-6.375846862792969,-5.362086772918701
22,final,-5.374054431915283,-4.9829840660095215
23,final,-5.589688777923584,-4.83478307723999
24,final,-5.766079902648926,-5.115882396697998
25,final,-5.589688777923584,-4.83478307723999
26,final,-6.821932792663574,-6.213070392608643
27,final,-6.339599609375,-5.737799167633057
28,final,-5.734918117523193,-5.049122333526611
29,final,-6.606783390045166,-5.678245544433594
30,final,-5.573505401611328,-4.89231014251709
31,final,-4.873102188110352,-4.478200912475586
32,final,-5.374054908752441,-4.9829840660095215
33,final,-4.873102188110352,-4.478200912475586
34,final,-5.220076560974121,-4.971303939819336
35,final,-6.243330478668213,-5.661959171295166
36,final,-5.734918594360352,-5.049122333526611
37,final,-4.873102188110352,-4.478200912475586
38,final,-4.688466548919678,-4.302185535430908
39,final,-5.353066921234131,-4.742741584777832
40,final,-5.459712505340576,-5.0950751304626465
41,final,-4.9354472160339355,-4.642393112182617
42,final,-4.688610076904297,-4.604581832885742
43,final,-5.592879295349121,-5.315099239349365
44,final,-5.018996238708496,-4.958750247955322
45,final,-6.158411979675293,-5.386812210083008
46,final,-3.5422005653381348,-4.025021076202393
47,final,-5.803283214569092,-5.381722927093506
48,final,-6.231322765350342,-5.89587926864624
49,final,-4.956556797027588,-4.832881927490234
50,final,-5.6465559005737305,-5.3485918045043945
51,final,-6.195159435272217,-5.79904842376709
52,final,-6.181031703948975,-5.498236656188965
53,final,-4.692284107208252,-4.815876007080078
54,final,-4.824695587158203,-4.778871536254883
55,final,-3.8354532718658447,-4.020793914794922
56,final,-4.907961368560791,-4.581124305725098
57,final,-4.039812088012695,-4.028878688812256
58,final,-4.972709655761719,-4.305278778076172
59,final,-3.648930072784424,-3.7357254028320312
60,final,-6.89818811416626,-6.08058500289917
61,final,-5.762905597686768,-4.999328136444092
62,final,-8.543813705444336,-7.321324825286865
63,final,-6.759757041931152,-5.533294677734375
64,final,-6.160245895385742,-5.497034549713135
65,final,-6.416196346282959,-4.6608500480651855
66,final,-6.6577277183532715,-5.142182350158691
67,final,-7.486441612243652,-6.573909759521484
68,final,-6.264099597930908,-5.587588787078857
69,final,-6.079005241394043,-4.675617694854736
70,final,-5.961542129516602,-5.739317417144775
71,final,-7.874050140380859,-6.6923699378967285
72,final,-4.443358898162842,-3.876735210418701
73,final,-4.763186454772949,-4.982601165771484
74,final,-5.511651039123535,-4.9824604988098145
75,final,-7.1325788497924805,-6.0153632164001465
76,final,-6.180200099945068,-4.733895301818848
77,final,-7.045877933502197,-6.188404560089111
78,final,-6.100605010986328,-5.355891704559326
79,final,-6.453693866729736,-5.222414493560791
80,final,-4.14932918548584,-3.891343593597412
81,final,-4.751817226409912,-4.0777153968811035
82,final,-5.381219387054443,-5.006593704223633
83,final,-5.530341148376465,-5.26663875579834
84,final,-5.378185272216797,-5.03230619430542
85,final,-5.274987697601318,-5.623925685882568
86,final,-5.868936538696289,-5.46136474609375
87,final,-5.402303695678711,-4.917773246765137
88,final,-5.3040571212768555,-4.9007649421691895
89,final,-4.660392761230469,-4.346922874450684
90,final,-5.5954813957214355,-5.185571193695068
91,final,-6.763691425323486,-6.322867393493652
92,final,-4.691610336303711,-4.206993579864502
93,final,-4.950753211975098,-4.501074314117432
94,final,-4.223402500152588,-4.377717971801758
95,final,-6.1236419677734375,-5.6508965492248535
96,final,-4.623067378997803,-4.37952995300293
97,final,-5.603152275085449,-5.120797634124756
98,final,-5.904484272003174,-5.962242603302002
99,final,-4.776037693023682,-4.241971015930176
100,final,-4.853490829467773,-4.751256465911865
101,final,-5.426886558532715,-4.7802205085754395
102,final,-7.168759822845459,-6.107747554779053
103,final,-3.894489288330078,-3.923914670944214
104,final,-3.894489288330078,-3.923914670944214
105,final,-5.42947244644165,-4.803487300872803
106,final,-5.6606926918029785,-5.14389181137085
107,final,-6.0082855224609375,-5.388062477111816
108,final,-4.175573825836182,-4.0056915283203125
109,final,-7.511800289154053,-6.741381645202637
110,final,-6.296365261077881,-5.893291473388672
111,final,-4.094973087310791,-4.102989673614502
112,final,-5.346551418304443,-5.547059535980225
113,final,-5.541662693023682,-5.508269786834717
114,final,-5.203974723815918,-4.858365058898926
115,final,-6.137351989746094,-5.719010829925537
116,final,-6.138702869415283,-5.700311183929443
117,final,-5.036882400512695,-5.055566310882568
118,final,-5.6606926918029785,-5.14389181137085
119,final,-5.726131439208984,-5.465008735656738
120,final,-4.393884181976318,-3.8878419399261475
121,final,-4.498931884765625,-3.846771240234375
122,final,-6.334183216094971,-5.349628448486328
123,final,-5.168869972229004,-3.7387325763702393
124,final,-4.390622138977051,-3.6190102100372314
125,final,-6.138563632965088,-5.228482246398926
126,final,-6.75220251083374,-5.519311904907227
127,final,-5.659592151641846,-4.675121784210205
128,final,-5.069424152374268,-4.5063300132751465
129,final,-7.473132133483887,-6.2320380210876465
130,final,-4.4939866065979,-3.610642671585083
131,final,-6.246691703796387,-4.718513488769531
132,final,-4.543603420257568,-4.087536811828613
133,final,-6.522230625152588,-5.30839729309082
134,final,-7.473132133483887,-6.2320380210876465
135,final,-4.370979309082031,-3.3959014415740967
136,final,-4.912537097930908,-4.385504722595215
137,final,-4.370979309082031,-3.3959014415740967
138,final,-6.1385626792907715,-5.228481292724609
139,final,-5.6603264808654785,-4.809615612030029
140,final,-4.7010931968688965,-4.440910339355469
141,final,-4.478423118591309,-4.308061599731445
142,final,-5.879956245422363,-5.139693260192871
143,final,-4.043063640594482,-3.5793566703796387
144,final,-6.197394847869873,-5.478635787963867
145,final,-5.558211326599121,-4.9415693283081055
146,final,-6.204158306121826,-5.536364555358887
147,final,-5.950982093811035,-5.147518157958984
148,final,-5.9554443359375,-5.32034969329834
149,final,-4.9400787353515625,-4.596731185913086
150,final,-6.318283557891846,-5.61046028137207
151,final,-4.795227527618408,-4.604150295257568
152,final,-5.020812034606934,-4.519537448883057
153,final,-5.928651332855225,-5.735222339630127
154,final,-4.7010931968688965,-4.440910339355469
155,final,-6.204158306121826,-5.536364555358887
156,final,-6.144287586212158,-5.568377494812012
157,final,-6.126294136047363,-5.625914573669434
158,final,-4.730091571807861,-4.25432825088501
159,final,-6.204158306121826,-5.536364555358887
160,final,-6.93438720703125,-5.269893169403076
161,final,-6.7274346351623535,-4.781816005706787
162,final,-5.744089603424072,-5.370269775390625
163,final,-6.658396244049072,-5.470810413360596
164,final,-7.830102443695068,-6.603944301605225
165,final,-5.598188877105713,-4.195734977722168
166,final,-6.357156276702881,-4.957427024841309
167,final,-6.658396244049072,-5.470810413360596
168,final,-6.529533863067627,-5.455859661102295
169,final,-6.233059406280518,-4.946388244628906
170,final,-6.762168884277344,-5.187038898468018
171,final,-6.027510166168213,-4.551985263824463
172,final,-5.721569061279297,-4.552374839782715
173,final,-7.21938419342041,-5.963162899017334
174,final,-6.309130668640137,-5.6256327629089355
175,final,-6.440631866455078,-5.215481758117676
176,final,-7.141781806945801,-5.701229095458984
177,final,-7.503900051116943,-5.628326892852783
178,final,-5.792924404144287,-4.822330951690674
179,final,-7.009915828704834,-5.456701278686523
180,final,-5.327736854553223,-5.139668941497803
181,final,-4.490471839904785,-4.067870140075684
182,final,-4.819907188415527,-4.522511005401611
183,final,-5.043559551239014,-4.63724422454834
184,final,-5.758555889129639,-5.072481632232666
185,final,-5.94395112991333,-5.138676166534424
186,final,-5.755645751953125,-5.457189559936523
187,final,-5.524847984313965,-5.199922561645508
188,final,-4.561024188995361,-4.0272603034973145
189,final,-6.177304267883301,-5.533360481262207
190,final,-4.925182342529297,-4.664971351623535
191,final,-5.327736854553223,-5.139668941497803
192,final,-5.508330345153809,-5.113324165344238
193,final,-6.281952857971191,-5.665299415588379
194,final,-5.926853179931641,-5.534249305725098
195,final,-6.38068962097168,-5.591484069824219
196,final,-5.9506144523620605,-5.505710124969482
197,final,-4.873669147491455,-4.2698869705200195
198,final,-5.957028865814209,-5.483677387237549
199,final,-5.374603271484375,-4.668365001678467
200,final,-3.966986894607544,-3.8054914474487305
201,final,-6.129044055938721,-5.780301094055176
202,final,-4.765896797180176,-4.556930065155029
203,final,-4.7931904792785645,-4.359460830688477
204,final,-4.7931904792785645,-4.359460830688477
205,final,-4.253067970275879,-4.417197227478027
206,final,-6.434545993804932,-5.752204895019531
207,final,-7.286169528961182,-6.623810291290283
208,final,-4.7931904792785645,-4.359460830688477
209,final,-4.253067970275879,-4.417197227478027
210,final,-5.469205856323242,-4.644312858581543
211,final,-6.474144458770752,-5.334887504577637
212,final,-6.474144458770752,-5.334887504577637
213,final,-5.042712688446045,-4.829830169677734
214,final,-5.469205856323242,-4.644312858581543
215,final,-6.34171724319458,-5.9875006675720215
216,final,-5.121566295623779,-4.9119181632995605
217,final,-6.191020965576172,-5.967130184173584
218,final,-4.405637741088867,-4.37025260925293
219,final,-4.303192615509033,-3.595916748046875
220,final,-4.56365442276001,-4.141398906707764
221,final,-3.7723982334136963,-3.6416120529174805
222,final,-5.131974697113037,-4.733304977416992
223,final,-4.979798793792725,-4.713578224182129
224,final,-4.617968559265137,-4.375779628753662
225,final,-5.862738132476807,-5.24724817276001
226,final,-4.9062275886535645,-4.723947525024414
227,final,-5.1569366455078125,-4.7465667724609375
228,final,-5.600735664367676,-5.057822227478027
229,final,-5.862738132476807,-5.24724817276001
230,final,-4.952535152435303,-4.649074077606201
231,final,-3.9935696125030518,-3.6571545600891113
232,final,-5.4505767822265625,-5.192849636077881
233,final,-5.577343463897705,-4.929129600524902
234,final,-5.827365398406982,-5.131949424743652
235,final,-5.441002368927002,-4.9884467124938965
236,final,-4.034245491027832,-3.788403034210205
237,final,-4.552202224731445,-4.2008376121521
238,final,-6.101445198059082,-5.282145023345947
239,final,-4.793412208557129,-4.40308141708374
240,final,-4.422110557556152,-3.9179017543792725
241,final,-5.019176959991455,-4.592508316040039
242,final,-7.106688499450684,-6.395279884338379
243,final,-5.4452056884765625,-4.8614630699157715
244,final,-6.250813961029053,-5.737917423248291
245,final,-6.513129711151123,-5.875152587890625
246,final,-6.11445426940918,-5.425426483154297
247,final,-5.599314212799072,-4.965658187866211
248,final,-5.708165645599365,-5.162281036376953
249,final,-5.428630828857422,-4.937680721282959
250,final,-5.597359657287598,-5.098031044006348
251,final,-4.7133965492248535,-4.411472320556641
252,final,-4.100275993347168,-3.687262535095215
253,final,-5.255326747894287,-4.607428550720215
254,final,-4.355087757110596,-3.8802456855773926
255,final,-6.023852348327637,-5.5070648193359375
256,final,-5.485964298248291,-5.0587897300720215
257,final,-5.755943298339844,-5.190858364105225
258,final,-4.624961853027344,-4.159780502319336
259,final,-3.738386869430542,-3.3931760787963867
260,final,-4.662727355957031,-4.855612754821777
261,final,-4.059056758880615,-4.145087242126465
262,final,-4.044166088104248,-4.1571245193481445
263,final,-4.582823753356934,-4.519206523895264
264,final,-4.736091136932373,-4.337148189544678
265,final,-4.85213565826416,-4.915828227996826
266,final,-4.7601447105407715,-4.193857669830322
267,final,-3.20192289352417,-3.4148833751678467
268,final,-4.543190956115723,-4.817805290222168
269,final,-5.484605312347412,-5.32264518737793
270,final,-5.1407880783081055,-4.609585285186768
271,final,-3.11623477935791,-3.2717647552490234
272,final,-4.1049346923828125,-3.944448232650757
273,final,-4.265870094299316,-4.467005729675293
274,final,-5.916696071624756,-5.342522621154785
275,final,-3.8801982402801514,-3.679509162902832
276,final,-4.02985954284668,-3.630288600921631
277,final,-3.2530276775360107,-3.4522483348846436
278,final,-4.774575710296631,-4.466238021850586
279,final,-4.339735984802246,-3.847097396850586
280,final,-6.944674968719482,-6.187637805938721
281,final,-5.42073917388916,-4.269550323486328
282,final,-5.56988525390625,-4.698349952697754
283,final,-5.9933905601501465,-5.305774688720703
284,final,-5.250943183898926,-4.586055755615234
285,final,-3.788539409637451,-3.799776792526245
286,final,-7.092674732208252,-6.034111499786377
287,final,-6.597939491271973,-5.39067268371582
288,final,-5.764520168304443,-5.171958923339844
289,final,-4.650146007537842,-4.193464279174805
290,final,-7.113310813903809,-6.879336833953857
291,final,-6.076278209686279,-5.202432632446289
292,final,-6.27635383605957,-5.9158453941345215
293,final,-6.6612162590026855,-5.634304046630859
294,final,-5.43032169342041,-4.22275972366333
295,final,-5.859278678894043,-4.736894607543945
296,final,-5.027606964111328,-4.276576995849609
297,final,-6.6640448570251465,-5.726607322692871
298,final,-5.73333215713501,-5.227747917175293
299,final,-6.508620262145996,-5.856919765472412
300,final,-5.057219982147217,-4.831521511077881
301,final,-5.25834321975708,-5.128398895263672
302,final,-4.543977737426758,-4.354457378387451
303,final,-6.243027210235596,-5.989828109741211
304,final,-4.993693828582764,-4.600677490234375
305,final,-5.421946048736572,-5.218627452850342
306,final,-6.632593154907227,-6.247966766357422
307,final,-4.720349311828613,-4.126216411590576
308,final,-4.716944694519043,-4.470414638519287
309,final,-4.140458106994629,-4.056792736053467
310,final,-6.5269455909729,-6.192138195037842
311,final,-5.376852989196777,-4.718082427978516
312,final,-5.68014669418335,-5.601593017578125
313,final,-4.854071140289307,-4.627660274505615
314,final,-5.006927013397217,-4.702274322509766
315,final,-5.054618835449219,-4.546177387237549
316,final,-3.994359254837036,-3.619598627090454
317,final,-5.493218898773193,-4.8482584953308105
318,final,-4.73933744430542,-4.257884502410889
319,final,-6.203822612762451,-5.6301984786987305
320,final,-3.89890718460083,-3.516674518585205
321,final,-5.065446853637695,-4.996596336364746
322,final,-5.048490047454834,-5.024920463562012
323,final,-3.899381637573242,-3.83954119682312
324,final,-5.447668075561523,-5.240822792053223
325,final,-4.789849281311035,-4.722055912017822
326,final,-4.065943241119385,-4.161596775054932
327,final,-6.541007041931152,-6.2234625816345215
328,final,-3.3161778450012207,-3.3148436546325684
329,final,-4.872719764709473,-4.108121395111084
330,final,-4.950126647949219,-4.908866882324219
331,final,-6.057023525238037,-6.136410236358643
332,final,-4.807344436645508,-4.561448097229004
333,final,-5.650357723236084,-5.150417327880859
334,final,-4.327413558959961,-4.08610200881958
335,final,-4.398923873901367,-4.006955146789551
336,final,-5.877943515777588,-4.901700496673584
337,final,-4.604956150054932,-4.333375930786133
338,final,-3.695093870162964,-3.3321309089660645
339,final,-4.530419826507568,-4.118376731872559
340,final,-3.945845127105713,-4.222650527954102
341,final,-7.049378871917725,-7.238940715789795
342,final,-6.240104675292969,-6.105358600616455
343,final,-7.168975830078125,-7.03950309753418
344,final,-5.3747477531433105,-5.854667663574219
345,final,-5.087775707244873,-5.1280670166015625
346,final,-7.215394496917725,-6.684998989105225
347,final,-7.204752445220947,-6.352255344390869
348,final,-6.822325229644775,-6.631204128265381
349,final,-5.517171859741211,-6.03339147567749
350,final,-6.739153861999512,-6.382192134857178
351,final,-7.298928737640381,-7.33784294128418
352,final,-6.603318691253662,-6.132212162017822
353,final,-7.394875526428223,-6.846799850463867
354,final,-4.852052211761475,-4.9026312828063965
355,final,-6.888648509979248,-6.50421142578125
356,final,-7.813260555267334,-7.38472318649292
357,final,-7.450035095214844,-7.233408451080322
358,final,-5.379541873931885,-5.4437432289123535
359,final,-6.90748405456543,-6.355662822723389
360,final,-5.315916061401367,-5.8505377769470215
361,final,-6.669206142425537,-6.094545841217041
362,final,-5.916855335235596,-5.6950531005859375
363,final,-4.775578498840332,-5.224991798400879
364,final,-4.947923183441162,-4.879396915435791
365,final,-5.794600486755371,-5.439788818359375
366,final,-5.440512657165527,-5.867915630340576
367,final,-5.572934150695801,-5.649593353271484
368,final,-6.115447044372559,-6.001873016357422
369,final,-7.245790958404541,-7.235757350921631
370,final,-4.867375373840332,-5.616425037384033
371,final,-7.806663513183594,-7.222450256347656
372,final,-5.562690734863281,-6.403553485870361
373,final,-8.044987678527832,-7.580166339874268
374,final,-4.961845397949219,-5.371776580810547
375,final,-4.7532830238342285,-4.839186668395996
376,final,-4.1727752685546875,-4.837209701538086
377,final,-6.669206142425537,-6.094545841217041
378,final,-4.775578498840332,-5.224991798400879
379,final,-6.347410202026367,-6.30040979385376
380,final,-4.910615921020508,-5.3530497550964355
381,final,-5.157360553741455,-5.106184482574463
382,final,-4.472080707550049,-5.415142059326172
383,final,-6.452517509460449,-6.468514442443848
384,final,-4.22080135345459,-4.366475582122803
385,final,-3.9347641468048096,-4.724275588989258
386,final,-4.674069881439209,-4.919734954833984
387,final,-6.656240940093994,-6.376762390136719
388,final,-5.63585090637207,-5.723993301391602
389,final,-5.058495998382568,-5.067495346069336
390,final,-4.014202117919922,-5.076192378997803
391,final,-6.03078031539917,-5.825891971588135
392,final,-5.5621337890625,-5.675434112548828
393,final,-6.170474052429199,-6.672421932220459
394,final,-4.614328861236572,-5.298741817474365
395,final,-6.7872724533081055,-7.004347801208496
396,final,-5.616159915924072,-5.6917338371276855
397,final,-4.962738990783691,-5.301985263824463
398,final,-5.171272277832031,-5.3203301429748535
399,final,-4.563230037689209,-4.900018692016602
400,final,-6.625210285186768,-5.825423240661621
401,final,-8.209638595581055,-7.07135534286499
402,final,-8.064971923828125,-7.810724258422852
403,final,-5.567784309387207,-5.827541351318359
404,final,-7.611855506896973,-6.408657073974609
405,final,-5.639675140380859,-5.872402667999268
406,final,-7.303689956665039,-7.141730785369873
407,final,-6.338913440704346,-6.367446422576904
408,final,-5.007667541503906,-5.737743854522705
409,final,-6.907722473144531,-5.837054252624512
410,final,-4.564811706542969,-4.759933948516846
411,final,-6.853987216949463,-6.47100830078125
412,final,-6.450160026550293,-5.986756801605225
413,final,-5.513601303100586,-5.617600440979004
414,final,-6.537677764892578,-6.229694843292236
415,final,-7.600573539733887,-7.2799973487854
416,final,-7.174025535583496,-7.354578018188477
417,final,-7.364353179931641,-6.684683322906494
418,final,-8.192826271057129,-6.546379089355469
419,final,-5.567783832550049,-5.827541351318359
420,final,-5.7185468673706055,-6.074798583984375
421,final,-5.7257795333862305,-5.672568321228027
422,final,-6.257651329040527,-6.0766987800598145
423,final,-5.8198699951171875,-5.821209907531738
424,final,-5.048120498657227,-5.2097344398498535
425,final,-6.255794048309326,-6.8578596115112305
426,final,-6.838334560394287,-7.063631057739258
427,final,-7.4552435874938965,-7.623865127563477
428,final,-6.690630912780762,-6.7038254737854
429,final,-4.392207145690918,-4.593988418579102
430,final,-7.484966278076172,-7.228272438049316
431,final,-5.823081970214844,-5.550459861755371
432,final,-5.377991199493408,-5.341454029083252
433,final,-6.495189189910889,-6.122034072875977
434,final,-6.868300914764404,-6.529852390289307
435,final,-4.721823692321777,-4.698204040527344
436,final,-5.349956512451172,-5.552117347717285
437,final,-4.958075523376465,-4.8437018394470215
438,final,-5.459725379943848,-5.402533531188965
439,final,-5.430681228637695,-5.704751968383789
440,final,-6.016402721405029,-5.8722147941589355
441,final,-3.630350112915039,-4.067811489105225
442,final,-4.604414463043213,-5.291388034820557
443,final,-5.492805480957031,-5.297682762145996
444,final,-5.099772930145264,-4.925291538238525
445,final,-6.2589874267578125,-6.217300891876221
446,final,-7.910118103027344,-7.241189479827881
447,final,-5.840473175048828,-5.856278419494629
448,final,-5.4031829833984375,-5.302572250366211
449,final,-5.656882286071777,-5.339096546173096
450,final,-6.911090850830078,-6.063517093658447
451,final,-6.384476184844971,-6.166574478149414
452,final,-6.341493129730225,-5.9169921875
453,final,-4.802376747131348,-4.634810447692871
454,final,-4.832828044891357,-5.255889892578125
455,final,-5.304084777832031,-5.544027328491211
456,final,-5.653879642486572,-5.674816131591797
457,final,-5.30038595199585,-5.1102094650268555
458,final,-5.085705757141113,-5.186915397644043
459,final,-5.209110736846924,-5.326484680175781
460,final,-5.766203880310059,-5.295206069946289
461,final,-4.111655235290527,-4.03514289855957
462,final,-4.29213809967041,-4.244389533996582
463,final,-5.811307430267334,-5.143520832061768
464,final,-5.569599628448486,-5.346408367156982
465,final,-4.913610935211182,-4.780521392822266
466,final,-5.052337169647217,-4.4168291091918945
467,final,-4.96417236328125,-4.344384670257568
468,final,-5.93808650970459,-5.4167046546936035
469,final,-5.33933687210083,-5.020421028137207
470,final,-5.960000514984131,-5.604048728942871
471,final,-6.899681568145752,-6.256346702575684
472,final,-6.0005202293396,-5.636187553405762
473,final,-5.89899206161499,-5.356785774230957
474,final,-4.905413627624512,-4.869699954986572
475,final,-4.782313346862793,-4.605922222137451
476,final,-4.752359390258789,-4.5205979347229
477,final,-5.062649250030518,-4.7923502922058105
478,final,-4.828995227813721,-4.9929656982421875
479,final,-4.459133625030518,-4.49152946472168
480,final,-4.462290287017822,-4.473598003387451
481,final,-5.054272174835205,-4.83346700668335
482,final,-5.47945499420166,-5.436800003051758
483,final,-4.088820457458496,-4.103743076324463
484,final,-4.0087504386901855,-4.056681156158447
485,final,-4.885089874267578,-4.8419294357299805
486,final,-4.885089874267578,-4.8419294357299805
487,final,-5.263327598571777,-5.253049373626709
488,final,-3.93377423286438,-3.7555816173553467
489,final,-5.064299583435059,-4.808830261230469
490,final,-5.232789039611816,-4.98117733001709
491,final,-7.680946350097656,-7.425784587860107
492,final,-4.885089874267578,-4.8419294357299805
493,final,-3.8743178844451904,-3.7180168628692627
494,final,-4.477513313293457,-3.9975156784057617
495,final,-5.459991455078125,-4.853348731994629
496,final,-3.9103198051452637,-3.900040864944458
497,final,-5.0539937019348145,-5.070319652557373
498,final,-3.8743178844451904,-3.7180168628692627
499,final,-5.001259803771973,-4.479795455932617
500,final,-3.977869749069214,-4.695137977600098
501,final,-3.879929304122925,-4.355951309204102
502,final,-4.491304874420166,-4.614821434020996
503,final,-6.485589504241943,-6.3286848068237305
504,final,-4.448547840118408,-4.450282573699951
505,final,-5.111260890960693,-4.838370323181152
506,final,-4.608639717102051,-4.504920959472656
507,final,-6.455300331115723,-6.116858005523682
508,final,-4.305535793304443,-4.429011821746826
509,final,-3.867288827896118,-4.160913944244385
510,final,-5.020514488220215,-5.0391974449157715
511,final,-5.842535018920898,-5.761214733123779
512,final,-5.090885639190674,-5.110663890838623
513,final,-4.905972957611084,-4.650871753692627
514,final,-4.4865593910217285,-5.086932182312012
515,final,-4.732354164123535,-4.59882116317749
516,final,-5.727805137634277,-5.093663692474365
517,final,-3.4892578125,-3.8053290843963623
518,final,-5.221035957336426,-5.47577428817749
519,final,-6.833362579345703,-6.585916996002197
520,final,-6.1136627197265625,-5.185418128967285
521,final,-6.403064250946045,-6.198332786560059
522,final,-5.504147052764893,-5.125546455383301
523,final,-5.7976813316345215,-5.36984920501709
524,final,-4.625694274902344,-4.403101444244385
525,final,-6.182230472564697,-5.753329277038574
526,final,-4.893287658691406,-4.0951151847839355
527,final,-4.568919658660889,-4.89072847366333
528,final,-7.992125511169434,-6.8557281494140625
529,final,-6.037290573120117,-5.554137229919434
530,final,-5.295576095581055,-4.870997428894043
531,final,-7.157137393951416,-6.414109706878662
532,final,-5.303089141845703,-4.898697853088379
533,final,-6.594117164611816,-5.596790790557861
534,final,-6.187954902648926,-5.432680130004883
535,final,-4.693173408508301,-4.451301574707031
536,final,-4.626561164855957,-4.656007289886475
537,final,-7.157137393951416,-6.414109706878662
538,final,-5.007288932800293,-4.404916763305664
539,final,-5.012575626373291,-5.004064559936523
540,final,-4.515247821807861,-4.523394584655762
541,final,-4.285944938659668,-4.4950385093688965
542,final,-4.912941932678223,-4.839995861053467
543,final,-4.614723205566406,-4.721085071563721
544,final,-4.729866027832031,-4.60891056060791
545,final,-4.8658671379089355,-4.58152961730957
546,final,-4.4832916259765625,-4.474588871002197
547,final,-5.075211048126221,-4.96490478515625
548,final,-4.1879754066467285,-4.24735689163208
549,final,-5.180626392364502,-4.696193218231201
550,final,-5.183756351470947,-4.702067852020264
551,final,-6.404930591583252,-5.900501251220703
552,final,-5.088472843170166,-4.847323894500732
553,final,-5.642740249633789,-5.4762749671936035
554,final,-6.0517897605896,-5.9537672996521
555,final,-6.038699150085449,-5.652907848358154
556,final,-4.569655418395996,-4.637602806091309
557,final,-5.055042743682861,-4.754374980926514
558,final,-4.462325572967529,-4.053252220153809
559,final,-4.355164051055908,-4.613424301147461
560,final,-6.281243801116943,-6.279921531677246
561,final,-5.043427467346191,-4.770447731018066
562,final,-5.7978363037109375,-5.616179466247559
563,final,-5.257320880889893,-5.038318634033203
564,final,-6.885436534881592,-6.1914381980896
565,final,-4.240516185760498,-3.971104383468628
566,final,-5.640641212463379,-5.556220054626465
567,final,-5.34979772567749,-4.933259963989258
568,final,-3.7001776695251465,-4.080389499664307
569,final,-5.728290557861328,-5.283253192901611
570,final,-5.022848606109619,-4.955599308013916
571,final,-5.20021915435791,-4.897270679473877
572,final,-4.703601360321045,-4.479687690734863
573,final,-7.110989570617676,-6.695489406585693
574,final,-4.250790596008301,-4.0336737632751465
575,final,-4.3105149269104,-4.299675464630127
576,final,-4.469357013702393,-3.8761181831359863
577,final,-3.5913543701171875,-3.2599170207977295
578,final,-3.8859634399414062,-4.171318054199219
579,final,-4.365174770355225,-4.089748859405518
580,final,-4.037925720214844,-3.998455047607422
581,final,-5.522185802459717,-4.5719451904296875
582,final,-5.0495452880859375,-4.176644325256348
583,final,-6.242677211761475,-5.381340503692627
584,final,-4.702751636505127,-4.0522074699401855
585,final,-4.440815448760986,-3.9848194122314453
586,final,-4.214112758636475,-3.7676239013671875
587,final,-5.782413482666016,-4.794052600860596
588,final,-4.903888702392578,-4.547490119934082
589,final,-5.199009418487549,-4.384018898010254
590,final,-6.174879550933838,-5.635632038116455
591,final,-6.986348628997803,-5.758571147918701
592,final,-5.008442401885986,-4.6454010009765625
593,final,-5.592689037322998,-4.761317253112793
594,final,-3.434478759765625,-3.16379976272583
595,final,-5.845460414886475,-4.722003936767578
596,final,-3.9230129718780518,-3.736088752746582
597,final,-5.161466598510742,-4.212069034576416
598,final,-6.441312789916992,-5.1764326095581055
599,final,-5.448268413543701,-4.335891246795654
600,final,-5.339571475982666,-4.8061652183532715
601,final,-6.315557956695557,-5.7238545417785645
602,final,-6.484338283538818,-5.887807369232178
603,final,-6.983577728271484,-5.861889362335205
604,final,-5.339571475982666,-4.8061652183532715
605,final,-3.840181589126587,-3.3913378715515137
606,final,-6.069953918457031,-5.058375835418701
607,final,-5.363628387451172,-4.815070629119873
608,final,-5.679408550262451,-4.740924835205078
609,final,-6.476267337799072,-5.453549861907959
610,final,-5.216115474700928,-4.340677738189697
611,final,-6.484339237213135,-5.887806415557861
612,final,-4.990167140960693,-4.336106300354004
613,final,-4.343863487243652,-3.870500326156616
614,final,-3.77630615234375,-3.237531900405884
615,final,-4.318111896514893,-3.8381688594818115
616,final,-5.863358020782471,-5.179923057556152
617,final,-5.613601207733154,-4.810891151428223
618,final,-5.5383782386779785,-5.0176496505737305
619,final,-5.4645161628723145,-4.780196189880371
620,final,-3.6584115028381348,-3.975193977355957
621,final,-5.389028549194336,-5.100987434387207
622,final,-5.57435417175293,-5.470725059509277
623,final,-4.481241226196289,-4.267812728881836
624,final,-3.580547332763672,-3.9023191928863525
625,final,-5.734615802764893,-5.29331636428833
626,final,-4.950593948364258,-4.861292362213135
627,final,-3.9060544967651367,-3.759795665740967
628,final,-4.275132656097412,-4.305988788604736
629,final,-6.032171726226807,-5.750256538391113
630,final,-4.842690944671631,-4.703798294067383
631,final,-5.696348190307617,-5.451876163482666
632,final,-3.6966145038604736,-3.708772659301758
633,final,-4.156821250915527,-3.6603081226348877
634,final,-4.383509635925293,-4.4706549644470215
635,final,-3.7620747089385986,-3.7143187522888184
636,final,-4.547842025756836,-4.301324844360352
637,final,-4.5065765380859375,-4.090851783752441
638,final,-4.209943771362305,-4.286918640136719
639,final,-4.208949089050293,-3.731428623199463
640,final,-5.292181015014648,-4.420599460601807
641,final,-6.0499701499938965,-5.129467010498047
642,final,-4.140383243560791,-3.9443631172180176
643,final,-5.957910060882568,-5.247658729553223
644,final,-5.624628067016602,-5.039117336273193
645,final,-6.491850852966309,-5.637701988220215
646,final,-6.177459239959717,-5.570897102355957
647,final,-6.717367172241211,-4.963469982147217
648,final,-6.446835994720459,-5.450736045837402
649,final,-6.419286251068115,-5.270310878753662
650,final,-6.287451267242432,-5.939661026000977
651,final,-5.6789727210998535,-4.717183589935303
652,final,-6.391348838806152,-4.839911460876465
653,final,-6.086023330688477,-4.641409397125244
654,final,-5.800673007965088,-4.858592987060547
655,final,-6.6403069496154785,-5.986678123474121
656,final,-6.404154300689697,-5.4454665184021
657,final,-5.884278774261475,-5.236920356750488
658,final,-5.980022430419922,-5.2966461181640625
659,final,-6.556864261627197,-5.049499988555908
660,final,-5.16102933883667,-5.3007330894470215
661,final,-4.407878398895264,-4.414342880249023
662,final,-5.8182196617126465,-5.379770278930664
663,final,-5.8466057777404785,-5.509522914886475
664,final,-4.838501930236816,-4.73960018157959
665,final,-4.99138879776001,-5.118035793304443
666,final,-4.395541191101074,-4.266812324523926
667,final,-4.274781703948975,-4.471555709838867
668,final,-4.584188461303711,-4.487686634063721
669,final,-4.195143699645996,-4.09352970123291
670,final,-5.450850009918213,-5.1675238609313965
671,final,-4.288923263549805,-4.399477958679199
672,final,-5.2509660720825195,-4.806622505187988
673,final,-4.668214321136475,-4.573980808258057
674,final,-5.450849533081055,-5.167523384094238
675,final,-5.372369289398193,-5.1083664894104
676,final,-6.6624016761779785,-6.101583480834961
677,final,-4.874617099761963,-4.790212631225586
678,final,-5.4208455085754395,-5.273969650268555
679,final,-6.348071098327637,-5.961305141448975
680,final,-4.809711933135986,-4.555095672607422
681,final,-4.846870422363281,-4.652185440063477
682,final,-5.179475784301758,-4.741488456726074
683,final,-5.499349117279053,-4.977988243103027
684,final,-4.8084716796875,-4.31785249710083
685,final,-3.797900676727295,-3.7549421787261963
686,final,-4.456400394439697,-3.9976890087127686
687,final,-4.421191215515137,-4.0469584465026855
688,final,-5.498294353485107,-5.144226551055908
689,final,-5.9514031410217285,-5.5727057456970215
690,final,-4.648534774780273,-4.498561859130859
691,final,-4.837303161621094,-4.045107841491699
692,final,-5.2703142166137695,-4.86964225769043
693,final,-4.218748569488525,-4.093914985656738
694,final,-5.9649338722229,-5.541004657745361
695,final,-5.262824058532715,-5.229964256286621
696,final,-6.452836036682129,-5.837965965270996
697,final,-3.9849586486816406,-4.096873760223389
698,final,-4.9909772872924805,-4.757613182067871
699,final,-4.750978946685791,-4.145826816558838
0,best,-3.9338161945343018,-3.795729875564575
1,best,-4.721433162689209,-4.511185169219971
2,best,-4.258022308349609,-3.938861131668091
3,best,-5.961723804473877,-5.494631290435791
4,best,-4.237115859985352,-3.809222459793091
5,best,-4.405967712402344,-4.131626605987549
6,best,-5.060622215270996,-4.824211597442627
7,best,-4.526744365692139,-4.043095588684082
8,best,-4.193142890930176,-3.64872145652771
9,best,-4.258022308349609,-3.938861131668091
10,best,-5.531403541564941,-4.6581597328186035
11,best,-3.9786758422851562,-3.675640344619751
12,best,-3.9423203468322754,-3.440779685974121
13,best,-4.7241058349609375,-4.291086673736572
14,best,-4.193142890930176,-3.64872145652771
15,best,-5.307612895965576,-4.737284183502197
16,best,-3.927246570587158,-3.833854913711548
17,best,-5.849597454071045,-5.397096157073975
18,best,-6.591957092285156,-5.9990553855896
19,best,-4.598540306091309,-4.302715301513672
20,best,-3.989948272705078,-4.120796203613281
21,best,-5.874521732330322,-5.145649433135986
22,best,-4.620640754699707,-4.638925552368164
23,best,-4.711974143981934,-4.5948638916015625
24,best,-4.766410827636719,-4.63250732421875
25,best,-4.711974143981934,-4.5948638916015625
26,best,-5.800132751464844,-5.58911657333374
27,best,-5.2892255783081055,-5.1206512451171875
28,best,-4.9877753257751465,-5.062562465667725
29,best,-5.331716060638428,-5.015082836151123
30,best,-4.6567254066467285,-4.626190662384033
31,best,-4.003177165985107,-4.029366493225098
32,best,-4.620641231536865,-4.638925075531006
33,best,-4.003176689147949,-4.029366493225098
34,best,-4.151602745056152,-4.411656856536865
35,best,-5.037896633148193,-5.081543445587158
36,best,-4.987776279449463,-5.062563896179199
37,best,-4.003176689147949,-4.029366493225098
38,best,-4.101827621459961,-4.177496910095215
39,best,-4.315441131591797,-4.360922813415527
40,best,-5.1207780838012695,-4.816057205200195
41,best,-4.998904228210449,-4.815739631652832
42,best,-4.962442398071289,-4.82415246963501
43,best,-5.135056018829346,-5.024439334869385
44,best,-5.007112979888916,-4.542792320251465
45,best,-5.90921688079834,-5.203912258148193
46,best,-4.298243522644043,-4.063470363616943
47,best,-5.555509090423584,-5.510692596435547
48,best,-6.4485039710998535,-5.995649337768555
49,best,-5.221163749694824,-5.027711868286133
50,best,-5.503882884979248,-4.933614730834961
51,best,-6.533310890197754,-5.919103622436523
52,best,-5.963339328765869,-5.655271053314209
53,best,-5.151785850524902,-4.794478893280029
54,best,-4.991879463195801,-4.717331886291504
55,best,-4.211282253265381,-4.109678268432617
56,best,-4.959707736968994,-4.544701099395752
57,best,-4.275510787963867,-4.098180770874023
58,best,-4.930068016052246,-4.322623252868652
59,best,-3.8461737632751465,-3.7849795818328857
60,best,-6.772853374481201,-5.978916168212891
61,best,-5.8191118240356445,-5.073875904083252
62,best,-7.828736782073975,-6.843724727630615
63,best,-6.653616428375244,-5.361696243286133
64,best,-5.930795192718506,-5.374968528747559
65,best,-5.665797710418701,-4.597664833068848
66,best,-5.997758388519287,-4.831347942352295
67,best,-6.822981834411621,-6.050119400024414
68,best,-5.640305519104004,-4.9795756340026855
69,best,-5.569332122802734,-4.475292682647705
70,best,-6.196319103240967,-5.343314170837402
71,best,-7.161073207855225,-6.1556477546691895
72,best,-4.775638103485107,-4.005712032318115
73,best,-4.82532262802124,-4.701113700866699
74,best,-6.256076335906982,-5.1438398361206055
75,best,-6.4649658203125,-5.2955803871154785
76,best,-6.026553630828857,-4.838105201721191
77,best,-6.585877418518066,-5.412395477294922
78,best,-5.854359149932861,-5.257543087005615
79,best,-6.256955623626709,-5.2270989418029785
80,best,-3.7687201499938965,-3.6176910400390625
81,best,-3.9576823711395264,-3.7546355724334717
82,best,-5.28374719619751,-4.857804298400879
83,best,-5.187220573425293,-5.043848514556885
84,best,-4.693368434906006,-4.486546993255615
85,best,-5.572208881378174,-5.516182899475098
86,best,-5.570244312286377,-5.486574172973633
87,best,-4.557861804962158,-4.194451332092285
88,best,-4.323237419128418,-4.387400150299072
89,best,-4.202186584472656,-4.194497585296631
90,best,-5.143232822418213,-4.666363716125488
91,best,-6.7015604972839355,-6.124744415283203
92,best,-4.16020393371582,-3.9921646118164062
93,best,-5.091814041137695,-4.6916985511779785
94,best,-4.751757621765137,-4.678577899932861
95,best,-5.404294490814209,-5.064507961273193
96,best,-4.203510284423828,-3.9810526371002197
97,best,-5.031497001647949,-4.721231937408447
98,best,-5.855464458465576,-5.680538177490234
99,best,-4.2976298332214355,-3.9430527687072754
100,best,-4.290558815002441,-4.252110958099365
101,best,-5.175152778625488,-4.686647415161133
102,best,-6.592339992523193,-5.6089982986450195
103,best,-3.858800172805786,-3.684730052947998
104,best,-3.858800172805786,-3.684730052947998
105,best,-4.998242378234863,-4.470343112945557
106,best,-5.122476577758789,-4.835407257080078
107,best,-5.437915325164795,-4.738333225250244
108,best,-4.06459379196167,-3.7759175300598145
109,best,-6.871704578399658,-6.272465705871582
110,best,-5.55485200881958,-5.155831336975098
111,best,-3.9968883991241455,-4.01127290725708
112,best,-5.517448425292969,-5.214632511138916
113,best,-5.115012168884277,-4.9979681968688965
114,best,-5.154655933380127,-4.80223274230957
115,best,-5.721347808837891,-5.48439884185791
116,best,-5.9491705894470215,-5.311655521392822
117,best,-4.470597743988037,-4.54128885269165
118,best,-5.122476577758789,-4.835407257080078
119,best,-4.992210388183594,-4.96490478515625
120,best,-4.830043315887451,-3.5580356121063232
121,best,-4.643794536590576,-3.466539144515991
122,best,-6.6551947593688965,-5.028351306915283
123,best,-4.77094841003418,-3.360682249069214
124,best,-4.44077205657959,-3.2283284664154053
125,best,-5.775949954986572,-4.4731340408325195
126,best,-6.313716888427734,-4.6740641593933105
127,best,-5.610407829284668,-4.163703441619873
128,best,-5.206883907318115,-4.030739784240723
129,best,-7.505738258361816,-5.466772079467773
130,best,-4.24401330947876,-3.182769775390625
131,best,-5.4828386306762695,-3.9830219745635986
132,best,-4.523586750030518,-3.585772752761841
133,best,-6.284615516662598,-4.570425510406494
134,best,-7.505738258361816,-5.466772079467773
135,best,-4.379219055175781,-3.0410268306732178
136,best,-4.9984002113342285,-3.726933002471924
137,best,-4.379219055175781,-3.0410268306732178
138,best,-5.775949001312256,-4.4731340408325195
139,best,-5.740832805633545,-4.443415641784668
140,best,-5.160633563995361,-4.069392681121826
141,best,-5.422453880310059,-4.22319221496582
142,best,-5.926944255828857,-4.940701961517334
143,best,-4.486969947814941,-3.2879245281219482
144,best,-6.3468475341796875,-5.183549880981445
145,best,-5.647506237030029,-4.325137138366699
146,best,-6.301449775695801,-5.042808532714844
147,best,-6.064561367034912,-4.77852201461792
148,best,-6.12135648727417,-5.182790279388428
149,best,-5.638343811035156,-4.343196392059326
150,best,-6.499406337738037,-5.463922500610352
151,best,-5.583451747894287,-4.376623153686523
152,best,-5.893863201141357,-4.571241855621338
153,best,-6.855063438415527,-5.4035868644714355
154,best,-5.160633563995361,-4.069392681121826
155,best,-6.301449775695801,-5.042808532714844
156,best,-6.89077091217041,-5.435883522033691
157,best,-6.813385009765625,-5.417214393615723
158,best,-5.393975734710693,-4.1211724281311035
159,best,-6.301449775695801,-5.042808532714844
160,best,-6.400738716125488,-4.417164325714111
161,best,-6.838009834289551,-4.196629047393799
162,best,-6.282093048095703,-4.839762210845947
163,best,-6.7668962478637695,-4.853511333465576
164,best,-7.6823410987854,-5.811818599700928
165,best,-5.4210734367370605,-3.616569995880127
166,best,-6.722973346710205,-4.663121223449707
167,best,-6.7668962478637695,-4.853511333465576
168,best,-7.151317596435547,-5.388010501861572
169,best,-6.034755706787109,-4.322754859924316
170,best,-7.158786773681641,-4.772731304168701
171,best,-6.423819065093994,-4.072662830352783
172,best,-5.610315799713135,-4.029212474822998
173,best,-7.154208183288574,-4.949066638946533
174,best,-6.335827827453613,-4.944624423980713
175,best,-6.587274551391602,-4.834219455718994
176,best,-7.379249572753906,-5.217419147491455
177,best,-7.480159759521484,-5.0746259689331055
178,best,-6.558805465698242,-4.639083385467529
179,best,-6.772994041442871,-4.863648414611816
180,best,-5.74166202545166,-4.746739864349365
181,best,-3.9691150188446045,-3.5244083404541016
182,best,-4.6475396156311035,-4.107162952423096
183,best,-4.275612831115723,-3.925241231918335
184,best,-5.198315143585205,-4.482268333435059
185,best,-5.8309550285339355,-4.796966552734375
186,best,-6.216156959533691,-5.430440425872803
187,best,-5.450798988342285,-4.689215660095215
188,best,-3.9008848667144775,-3.3158082962036133
189,best,-5.739306449890137,-5.098363399505615
190,best,-4.820023536682129,-4.206491947174072
191,best,-5.74166202545166,-4.746739864349365
192,best,-5.041389465332031,-4.544649124145508
193,best,-6.389692306518555,-5.233729839324951
194,best,-5.53073787689209,-5.0058746337890625
195,best,-5.690834999084473,-5.036534309387207
196,best,-5.46638298034668,-4.910330772399902
197,best,-4.92437219619751,-3.9448976516723633
198,best,-6.1875834465026855,-5.197829246520996
199,best,-4.940375804901123,-4.167287349700928
200,best,-4.294068336486816,-3.3572278022766113
201,best,-6.1262030601501465,-5.348045825958252
202,best,-5.104113578796387,-4.308342456817627
203,best,-4.460544109344482,-3.706211805343628
204,best,-4.460544109344482,-3.706211805343628
205,best,-4.3983683586120605,-4.02260684967041
206,best,-6.575839996337891,-5.2319865226745605
207,best,-7.077066898345947,-5.724759101867676
208,best,-4.460544109344482,-3.706211805343628
209,best,-4.3983683586120605,-4.02260684967041
210,best,-5.488912105560303,-3.980867624282837
211,best,-5.888833999633789,-4.573637962341309
212,best,-5.888833999633789,-4.573637962341309
213,best,-5.307312965393066,-4.3685197830200195
214,best,-5.488912105560303,-3.980867624282837
215,best,-6.469892978668213,-5.425468921661377
216,best,-4.831094741821289,-4.540161609649658
217,best,-5.830880641937256,-5.2594380378723145
218,best,-4.198190212249756,-3.8071775436401367
219,best,-4.630870342254639,-3.0430572032928467
220,best,-4.183022975921631,-3.903590679168701
221,best,-3.9435558319091797,-3.6285579204559326
222,best,-4.459720611572266,-4.269230842590332
223,best,-4.548840522766113,-4.3856120109558105
224,best,-4.469315052032471,-4.219766616821289
225,best,-5.877755165100098,-5.130218505859375
226,best,-5.174802780151367,-4.685765743255615
227,best,-4.939648628234863,-4.46910285949707
228,best,-5.677882194519043,-4.987229347229004
229,best,-5.877755165100098,-5.130218505859375
230,best,-4.5995259284973145,-4.373615741729736
231,best,-4.179412364959717,-3.7453927993774414
232,best,-5.081575870513916,-4.743081569671631
233,best,-5.420162200927734,-4.990718841552734
234,best,-5.598758697509766,-4.929880142211914
235,best,-5.456942558288574,-4.8556976318359375
236,best,-4.027975559234619,-3.707026958465576
237,best,-4.706336975097656,-4.1098504066467285
238,best,-6.062934398651123,-5.399233818054199
239,best,-5.158065319061279,-4.615388870239258
240,best,-4.263610363006592,-4.10255241394043
241,best,-4.188814640045166,-4.3501057624816895
242,best,-6.213645935058594,-5.96196985244751
243,best,-5.342043876647949,-4.899898052215576
244,best,-5.482310771942139,-5.352323532104492
245,best,-5.950328350067139,-5.773012638092041
246,best,-5.584566116333008,-5.240652561187744
247,best,-5.290844440460205,-5.018194198608398
248,best,-5.6388115882873535,-5.396488666534424
249,best,-4.883510112762451,-4.822719573974609
250,best,-5.357578754425049,-5.1529622077941895
251,best,-4.0996928215026855,-4.242785930633545
252,best,-3.884523630142212,-3.727512836456299
253,best,-4.819551467895508,-4.602479457855225
254,best,-4.233194351196289,-3.8786725997924805
255,best,-5.680513381958008,-5.211922645568848
256,best,-5.194218158721924,-4.965871810913086
257,best,-5.181309700012207,-5.140889644622803
258,best,-4.484647274017334,-4.201358318328857
259,best,-3.584155559539795,-3.408442735671997
260,best,-4.337833404541016,-4.479869842529297
261,best,-4.137660503387451,-4.311127185821533
262,best,-4.079034805297852,-3.947676420211792
263,best,-4.625450134277344,-4.386155128479004
264,best,-4.791613578796387,-4.550381660461426
265,best,-5.056025981903076,-4.8231658935546875
266,best,-4.677364826202393,-4.231878280639648
267,best,-3.629751443862915,-3.408219814300537
268,best,-4.44301176071167,-4.390932559967041
269,best,-5.485849857330322,-5.341811180114746
270,best,-5.150399208068848,-4.723952770233154
271,best,-3.6026997566223145,-3.7051258087158203
272,best,-4.394290924072266,-3.943575859069824
273,best,-3.826561450958252,-3.861006259918213
274,best,-5.921328544616699,-5.465756893157959
275,best,-3.9050517082214355,-3.6625826358795166
276,best,-4.19379186630249,-3.983729839324951
277,best,-3.462614059448242,-3.708735227584839
278,best,-5.006308555603027,-4.7014875411987305
279,best,-4.442485332489014,-4.109731197357178
280,best,-6.74102783203125,-5.962724685668945
281,best,-5.21499490737915,-4.313815116882324
282,best,-5.072408199310303,-4.6951398849487305
283,best,-5.737894058227539,-5.288271427154541
284,best,-5.184558868408203,-4.591824054718018
285,best,-4.479360103607178,-4.037038803100586
286,best,-6.83941125869751,-5.77524471282959
287,best,-5.774092674255371,-4.924228191375732
288,best,-5.841308116912842,-5.1486639976501465
289,best,-5.086891174316406,-4.393712997436523
290,best,-6.635981559753418,-6.308839797973633
291,best,-6.0410943031311035,-5.06825065612793
292,best,-6.4453535079956055,-5.795825958251953
293,best,-6.662059307098389,-5.653695583343506
294,best,-4.765046119689941,-3.882789134979248
295,best,-5.837978363037109,-4.890048027038574
296,best,-5.287985801696777,-4.484321117401123
297,best,-6.715357303619385,-5.71063232421875
298,best,-6.180490970611572,-5.383571624755859
299,best,-6.500593662261963,-5.941625595092773
300,best,-4.662789344787598,-4.471810817718506
301,best,-5.054844379425049,-5.093296527862549
302,best,-4.360874652862549,-4.124898433685303
303,best,-5.670909881591797,-5.402106761932373
304,best,-4.771836280822754,-4.4594597816467285
305,best,-5.679723262786865,-5.255285263061523
306,best,-6.757325649261475,-5.9536566734313965
307,best,-4.594938278198242,-4.051578998565674
308,best,-4.354737281799316,-4.246104717254639
309,best,-4.713570594787598,-4.427660942077637
310,best,-6.667366981506348,-5.921290397644043
311,best,-5.090398788452148,-4.789369583129883
312,best,-5.277472496032715,-5.008754253387451
313,best,-4.814387321472168,-4.345278263092041
314,best,-4.844258785247803,-4.7039265632629395
315,best,-4.740087032318115,-4.53726863861084
316,best,-3.8138840198516846,-3.558706045150757
317,best,-5.351184844970703,-4.90635347366333
318,best,-4.477710247039795,-4.218499183654785
319,best,-5.9931488037109375,-5.43527889251709
320,best,-3.862105131149292,-3.0689244270324707
321,best,-4.987950801849365,-4.76245641708374
322,best,-5.099433898925781,-4.981235980987549
323,best,-3.8969316482543945,-3.5486745834350586
324,best,-5.431070804595947,-5.0788397789001465
325,best,-4.84892463684082,-4.766231536865234
326,best,-4.554961204528809,-4.330987453460693
327,best,-6.293022155761719,-5.865891933441162
328,best,-3.602874755859375,-3.4288229942321777
329,best,-4.860706806182861,-4.0898308753967285
330,best,-5.036376953125,-4.764472007751465
331,best,-6.196491241455078,-5.69641637802124
332,best,-5.231635570526123,-4.423960208892822
333,best,-5.373918056488037,-4.786038398742676
334,best,-3.959153413772583,-3.7677760124206543
335,best,-4.277077674865723,-3.831866502761841
336,best,-5.72662353515625,-4.950390338897705
337,best,-4.360861301422119,-3.9225735664367676
338,best,-4.130570888519287,-3.433467388153076
339,best,-4.612049579620361,-4.051595687866211
340,best,-4.373563289642334,-4.615286827087402
341,best,-6.81549072265625,-7.1684889793396
342,best,-5.3772077560424805,-5.541642665863037
343,best,-6.142505645751953,-6.295715808868408
344,best,-4.971622943878174,-5.342978477478027
345,best,-5.0384135246276855,-4.991015911102295
346,best,-6.3141188621521,-5.936788558959961
347,best,-5.5472025871276855,-5.469513416290283
348,best,-6.395583152770996,-6.293373107910156
349,best,-5.20251989364624,-5.511109828948975
350,best,-5.971567630767822,-5.8722991943359375
351,best,-7.388946533203125,-7.3211798667907715
352,best,-6.4576096534729,-6.089674949645996
353,best,-6.732851505279541,-6.3867950439453125
354,best,-4.62579870223999,-4.695168972015381
355,best,-6.7412638664245605,-6.556761741638184
356,best,-7.755499839782715,-7.30482292175293
357,best,-6.684823513031006,-7.245962142944336
358,best,-4.8135504722595215,-4.7029194831848145
359,best,-6.607936859130859,-6.325746059417725
360,best,-4.703938007354736,-5.2783074378967285
361,best,-5.684619903564453,-5.652908802032471
362,best,-5.009239196777344,-5.216259479522705
363,best,-4.329503536224365,-5.263540744781494
364,best,-4.108554840087891,-4.675121307373047
365,best,-4.623727321624756,-4.861959457397461
366,best,-4.643167018890381,-5.591124057769775
367,best,-4.854544162750244,-5.361148834228516
368,best,-5.337224006652832,-5.879518508911133
369,best,-7.200562953948975,-6.901625156402588
370,best,-4.316638946533203,-4.753690719604492
371,best,-7.489323616027832,-7.13189697265625
372,best,-4.981659412384033,-5.699509143829346
373,best,-7.915493965148926,-7.588225841522217
374,best,-4.397194862365723,-5.345193862915039
375,best,-4.445276737213135,-5.051809310913086
376,best,-3.7925281524658203,-5.005332946777344
377,best,-5.684619903564453,-5.652908802032471
378,best,-4.329503536224365,-5.263540744781494
379,best,-6.093841552734375,-6.531837463378906
380,best,-5.095150470733643,-5.472257614135742
381,best,-5.4735846519470215,-5.24092960357666
382,best,-4.5438032150268555,-5.109702110290527
383,best,-6.124686241149902,-6.39638614654541
384,best,-4.302637100219727,-4.891404151916504
385,best,-4.57106876373291,-5.2527875900268555
386,best,-5.069088459014893,-4.891128063201904
387,best,-6.3928961753845215,-6.230457782745361
388,best,-5.5619611740112305,-5.934428691864014
389,best,-4.702565670013428,-4.970747947692871
390,best,-4.36906623840332,-5.255255699157715
391,best,-5.780796051025391,-6.081048965454102
392,best,-5.519864559173584,-5.6701202392578125
393,best,-6.028243064880371,-6.191473960876465
394,best,-4.87192440032959,-5.312244415283203
395,best,-6.979440212249756,-7.2021026611328125
396,best,-5.4901580810546875,-5.443451881408691
397,best,-4.564558506011963,-4.889105796813965
398,best,-5.452627182006836,-5.372855186462402
399,best,-5.026968002319336,-5.113719463348389
400,best,-6.532428741455078,-5.697489261627197
401,best,-7.786491394042969,-6.568497180938721
402,best,-7.739757537841797,-7.547448635101318
403,best,-5.836535453796387,-5.646867752075195
404,best,-6.634504795074463,-5.8390655517578125
405,best,-5.760870456695557,-5.533332824707031
406,best,-7.023555755615234,-6.555179119110107
407,best,-6.413355350494385,-6.037989139556885
408,best,-5.243144512176514,-5.067276954650879
409,best,-6.581542491912842,-5.796479225158691
410,best,-5.049404621124268,-4.765196323394775
411,best,-6.364428520202637,-5.884664535522461
412,best,-5.7537126541137695,-5.555015563964844
413,best,-5.812887191772461,-5.455803871154785
414,best,-6.750583648681641,-6.2470479011535645
415,best,-6.895423889160156,-6.458718776702881
416,best,-6.798257350921631,-6.6270751953125
417,best,-6.695509433746338,-6.363771915435791
418,best,-7.604403018951416,-6.475272178649902
419,best,-5.8365349769592285,-5.646867752075195
420,best,-5.453681945800781,-5.847882270812988
421,best,-5.418248176574707,-5.669286251068115
422,best,-5.5413336753845215,-5.605339050292969
423,best,-5.526321887969971,-5.458481788635254
424,best,-4.8572306632995605,-5.053160667419434
425,best,-6.1801581382751465,-6.486706733703613
426,best,-6.826674938201904,-6.7767720222473145
427,best,-7.163939952850342,-7.109694480895996
428,best,-6.592739105224609,-6.949311256408691
429,best,-4.447845935821533,-4.461516857147217
430,best,-7.550820350646973,-7.338527679443359
431,best,-5.330845355987549,-5.178880214691162
432,best,-5.102884769439697,-5.075314521789551
433,best,-6.128299236297607,-5.798189163208008
434,best,-7.054203987121582,-6.944298267364502
435,best,-4.888197898864746,-5.024724006652832
436,best,-4.941937446594238,-5.081578731536865
437,best,-4.438892841339111,-4.394600868225098
438,best,-4.615675449371338,-4.74742317199707
439,best,-5.044617652893066,-5.418295383453369
440,best,-5.497913360595703,-5.266602039337158
441,best,-3.7235326766967773,-4.352202415466309
442,best,-4.902912616729736,-4.8580708503723145
443,best,-5.469117164611816,-5.068535327911377
444,best,-4.843800067901611,-4.609642028808594
445,best,-6.003077030181885,-6.413358211517334
446,best,-7.159952640533447,-6.611692905426025
447,best,-5.366661071777344,-5.523245811462402
448,best,-5.010452747344971,-4.941416263580322
449,best,-5.154007434844971,-4.733004093170166
450,best,-6.267997741699219,-5.479935646057129
451,best,-6.0973591804504395,-5.6951799392700195
452,best,-5.904018402099609,-5.394263744354248
453,best,-4.383424282073975,-4.216512680053711
454,best,-4.416115760803223,-4.702261447906494
455,best,-5.369412899017334,-5.705559730529785
456,best,-5.073688983917236,-5.3840436935424805
457,best,-4.720195293426514,-4.680324077606201
458,best,-4.182882785797119,-4.333156585693359
459,best,-4.977129936218262,-4.8757853507995605
460,best,-5.180513858795166,-4.884552001953125
461,best,-3.7383334636688232,-3.762162208557129
462,best,-3.765709400177002,-3.8699021339416504
463,best,-5.211197853088379,-4.838927268981934
464,best,-4.797873497009277,-4.7950119972229
465,best,-4.201807022094727,-4.347317695617676
466,best,-4.777817726135254,-4.463158130645752
467,best,-4.79344367980957,-4.3933634757995605
468,best,-5.496557235717773,-5.292792797088623
469,best,-4.536507606506348,-4.6550750732421875
470,best,-5.384366512298584,-5.095153331756592
471,best,-6.548043251037598,-5.862390518188477
472,best,-5.384256362915039,-5.216734886169434
473,best,-5.227526664733887,-5.024751663208008
474,best,-4.242020606994629,-4.4865007400512695
475,best,-4.840204238891602,-4.8031840324401855
476,best,-3.858513355255127,-4.032198905944824
477,best,-4.332609176635742,-4.337450981140137
478,best,-4.431934356689453,-4.502520561218262
479,best,-3.969977617263794,-4.0070109367370605
480,best,-3.6728334426879883,-4.006679534912109
481,best,-4.271491527557373,-4.48445463180542
482,best,-5.084663391113281,-5.14902925491333
483,best,-3.477386951446533,-3.7194700241088867
484,best,-3.219280242919922,-3.4933371543884277
485,best,-4.325447082519531,-4.526195049285889
486,best,-4.325447082519531,-4.526195049285889
487,best,-4.464961528778076,-4.680000305175781
488,best,-3.354048490524292,-3.5496175289154053
489,best,-4.2037882804870605,-4.36674690246582
490,best,-5.065771579742432,-4.993286609649658
491,best,-7.337377071380615,-7.282047271728516
492,best,-4.325447082519531,-4.526195049285889
493,best,-3.2847824096679688,-3.4096930027008057
494,best,-4.26560640335083,-4.377726078033447
495,best,-4.750952243804932,-4.4901933670043945
496,best,-3.240492820739746,-3.6211905479431152
497,best,-4.474564552307129,-4.467430591583252
498,best,-3.2847824096679688,-3.4096930027008057
499,best,-4.397254943847656,-4.124477863311768
500,best,-4.061365604400635,-4.480226993560791
501,best,-3.9167640209198,-4.140782356262207
502,best,-4.510489463806152,-4.608396530151367
503,best,-6.181857109069824,-6.260272026062012
504,best,-4.018624305725098,-3.882520914077759
505,best,-4.867616176605225,-4.812900066375732
506,best,-4.794175148010254,-4.348017692565918
507,best,-6.019505977630615,-5.711495876312256
508,best,-4.76201057434082,-4.597157955169678
509,best,-3.6576459407806396,-3.706329345703125
510,best,-5.171231269836426,-4.820129871368408
511,best,-6.043147563934326,-5.627799034118652
512,best,-4.939852237701416,-4.980863571166992
513,best,-5.163337707519531,-4.952877998352051
514,best,-4.339665412902832,-5.012214183807373
515,best,-4.639930725097656,-4.448741436004639
516,best,-5.564916133880615,-5.46217679977417
517,best,-3.396806240081787,-3.479372024536133
518,best,-4.885737895965576,-5.065830230712891
519,best,-6.244771957397461,-6.295214653015137
520,best,-5.921173572540283,-5.084969997406006
521,best,-5.729090213775635,-5.423704147338867
522,best,-5.8747358322143555,-5.255274295806885
523,best,-5.192802429199219,-4.823858261108398
524,best,-4.1380934715271,-3.8386683464050293
525,best,-5.678243160247803,-5.227153778076172
526,best,-4.1780877113342285,-3.6909408569335938
527,best,-4.832330703735352,-4.641266822814941
528,best,-7.660562992095947,-6.434383869171143
529,best,-5.829191207885742,-5.35834264755249
530,best,-4.532175064086914,-4.051752090454102
531,best,-7.003045558929443,-6.104515552520752
532,best,-5.561202049255371,-4.956079959869385
533,best,-6.624459266662598,-5.790561676025391
534,best,-5.932744026184082,-5.216684341430664
535,best,-4.448056697845459,-4.273109436035156
536,best,-4.242361068725586,-4.228759288787842
537,best,-7.003045558929443,-6.104515552520752
538,best,-4.301882266998291,-3.991758108139038
539,best,-4.915719032287598,-4.784556865692139
540,best,-4.093682289123535,-4.0838623046875
541,best,-3.8943288326263428,-3.915865421295166
542,best,-4.646350383758545,-4.761534214019775
543,best,-4.1933183670043945,-4.245667457580566
544,best,-4.325079441070557,-4.429412364959717
545,best,-4.813338756561279,-4.376314640045166
546,best,-4.698787689208984,-4.331366062164307
547,best,-4.729278564453125,-4.6861371994018555
548,best,-3.754070520401001,-3.8364269733428955
549,best,-4.96370267868042,-4.7727460861206055
550,best,-4.970863342285156,-4.855593204498291
551,best,-5.981208324432373,-5.924224376678467
552,best,-4.591009616851807,-4.804269790649414
553,best,-5.452761173248291,-5.464168071746826
554,best,-5.635359287261963,-5.329067707061768
555,best,-5.835405349731445,-5.708849906921387
556,best,-4.176246643066406,-4.380037784576416
557,best,-4.736403942108154,-4.815080165863037
558,best,-4.004280090332031,-3.805634021759033
559,best,-3.866760015487671,-4.231953144073486
560,best,-5.758486270904541,-5.525878429412842
561,best,-4.975539207458496,-4.565852642059326
562,best,-5.624543190002441,-5.556014060974121
563,best,-4.792919635772705,-4.503196716308594
564,best,-6.222996234893799,-5.757850646972656
565,best,-3.6752090454101562,-3.622920274734497
566,best,-4.963739395141602,-4.8348588943481445
567,best,-5.240685939788818,-4.881917476654053
568,best,-3.508854627609253,-3.7012341022491455
569,best,-5.219567775726318,-5.103935241699219
570,best,-4.70009708404541,-4.916764736175537
571,best,-4.8395891189575195,-4.62096643447876
572,best,-4.699497699737549,-4.306117057800293
573,best,-6.897032260894775,-6.53680944442749
574,best,-3.6924195289611816,-3.719858407974243
575,best,-4.0479254722595215,-3.856632947921753
576,best,-4.576419353485107,-4.053869724273682
577,best,-3.023110866546631,-2.9274508953094482
578,best,-3.785598039627075,-3.9104225635528564
579,best,-4.088723659515381,-3.6523730754852295
580,best,-3.8243958950042725,-3.567521095275879
581,best,-5.070558071136475,-4.202881336212158
582,best,-4.856552600860596,-4.029425621032715
583,best,-5.429599285125732,-4.886073112487793
584,best,-3.9017343521118164,-3.71254563331604
585,best,-4.281630039215088,-3.7546026706695557
586,best,-4.0260138511657715,-3.6725523471832275
587,best,-5.294685363769531,-4.616585731506348
588,best,-4.636941432952881,-4.156559467315674
589,best,-4.790560245513916,-4.060103416442871
590,best,-5.4868597984313965,-5.179308891296387
591,best,-6.37622594833374,-5.545155048370361
592,best,-4.404616832733154,-4.155331611633301
593,best,-4.987931728363037,-4.182424545288086
594,best,-3.2563271522521973,-3.023618221282959
595,best,-5.1028733253479,-4.519853115081787
596,best,-3.8446388244628906,-3.501209020614624
597,best,-4.738316535949707,-4.018929958343506
598,best,-5.553228378295898,-4.7077741622924805
599,best,-4.437741756439209,-3.8573036193847656
600,best,-4.288848876953125,-4.210897922515869
601,best,-5.651756763458252,-5.532909393310547
602,best,-5.787667751312256,-5.442363262176514
603,best,-6.183879375457764,-5.8401384353637695
604,best,-4.288848876953125,-4.210897922515869
605,best,-3.412961959838867,-3.31421160697937
606,best,-5.2602667808532715,-4.881472110748291
607,best,-4.542759418487549,-4.232759475708008
608,best,-4.6808648109436035,-4.301637172698975
609,best,-5.391895294189453,-4.8693742752075195
610,best,-4.280778408050537,-3.8399150371551514
611,best,-5.787668228149414,-5.442363262176514
612,best,-4.190465450286865,-3.941772937774658
613,best,-3.6967403888702393,-3.6547558307647705
614,best,-3.377073287963867,-3.3187429904937744
615,best,-3.697535276412964,-3.5656394958496094
616,best,-5.424937725067139,-4.684362411499023
617,best,-4.879861354827881,-4.344367027282715
618,best,-4.859980583190918,-4.560209274291992
619,best,-4.675431728363037,-4.311532497406006
620,best,-4.172802925109863,-3.9231245517730713
621,best,-4.988060474395752,-4.688039779663086
622,best,-5.970554351806641,-5.431088447570801
623,best,-4.277678966522217,-3.910090923309326
624,best,-4.018037796020508,-3.928004026412964
625,best,-5.3546671867370605,-5.164341926574707
626,best,-5.0678510665893555,-4.68096923828125
627,best,-4.329431533813477,-3.9614901542663574
628,best,-4.5145392417907715,-4.136941909790039
629,best,-5.773373603820801,-5.195610046386719
630,best,-5.016117572784424,-4.479928016662598
631,best,-5.897078514099121,-5.459068775177002
632,best,-3.924138307571411,-3.736865282058716
633,best,-3.874790668487549,-3.364534378051758
634,best,-4.539641380310059,-4.262166976928711
635,best,-3.9271299839019775,-3.7401256561279297
636,best,-4.458439350128174,-4.270845890045166
637,best,-4.345076560974121,-4.010752201080322
638,best,-4.527880668640137,-4.3570427894592285
639,best,-4.336793899536133,-3.798582077026367
640,best,-5.298339366912842,-4.4424824714660645
641,best,-5.42148494720459,-4.704482078552246
642,best,-4.444982051849365,-3.8415191173553467
643,best,-5.531212329864502,-4.962439060211182
644,best,-5.353189468383789,-4.54857873916626
645,best,-6.260469913482666,-5.310420036315918
646,best,-5.859703540802002,-5.358706951141357
647,best,-5.33691930770874,-4.05551290512085
648,best,-6.3969244956970215,-5.499449729919434
649,best,-5.49163293838501,-4.886319637298584
650,best,-6.416518211364746,-5.585659027099609
651,best,-5.5105743408203125,-4.326423168182373
652,best,-5.558304786682129,-4.208942413330078
653,best,-5.063621997833252,-3.988642454147339
654,best,-5.21962308883667,-4.2835469245910645
655,best,-5.96399450302124,-5.59540319442749
656,best,-5.679103851318359,-4.7722487449646
657,best,-5.522335052490234,-5.041656494140625
658,best,-5.496484756469727,-4.902823448181152
659,best,-5.449029445648193,-4.278709411621094
660,best,-5.36867618560791,-5.106546401977539
661,best,-3.727177143096924,-3.846963882446289
662,best,-5.477175712585449,-5.009129047393799
663,best,-5.783614635467529,-5.398102760314941
664,best,-4.264655113220215,-4.221513748168945
665,best,-4.443245887756348,-4.553317546844482
666,best,-3.9962806701660156,-3.9522593021392822
667,best,-4.219334602355957,-4.299976825714111
668,best,-4.051139831542969,-3.9122824668884277
669,best,-3.5889155864715576,-3.703789472579956
670,best,-5.580883979797363,-4.991647720336914
671,best,-4.676244735717773,-4.446013450622559
672,best,-5.071765899658203,-4.573920726776123
673,best,-4.234429359436035,-4.1842780113220215
674,best,-5.580883502960205,-4.991648197174072
675,best,-4.921207904815674,-4.727675437927246
676,best,-6.302922248840332,-5.730952739715576
677,best,-4.504447937011719,-4.3004865646362305
678,best,-4.908534049987793,-4.766861915588379
679,best,-5.836335182189941,-5.4731855392456055
680,best,-4.816494464874268,-3.97442889213562
681,best,-4.824550151824951,-4.342861175537109
682,best,-5.089021682739258,-4.377663612365723
683,best,-4.995839595794678,-4.304555416107178
684,best,-4.683496952056885,-4.031108379364014
685,best,-3.7261619567871094,-3.4681525230407715
686,best,-4.2913818359375,-3.6782901287078857
687,best,-3.9042017459869385,-3.8275671005249023
688,best,-5.0740180015563965,-4.507236003875732
689,best,-6.0614447593688965,-5.170314788818359
690,best,-4.425236225128174,-4.386655330657959
691,best,-4.515185356140137,-3.476792335510254
692,best,-4.8753461837768555,-4.341368198394775
693,best,-4.16272497177124,-4.073237895965576
694,best,-5.621962070465088,-5.163811683654785
695,best,-4.612858295440674,-4.43691349029541
696,best,-5.448551177978516,-5.039648056030273
697,best,-4.143901348114014,-3.76556396484375
698,best,-4.601086139678955,-4.53203821182251
699,best,-4.235098838806152,-3.5636987686157227
