item_id,model_state,do,pp
0,initial,-7.607831001281738,-6.953716278076172
1,initial,-7.732470512390137,-7.344207763671875
2,initial,-6.982934951782227,-6.466196537017822
3,initial,-9.428730964660645,-8.537731170654297
4,initial,-7.285466194152832,-6.005468368530273
5,initial,-7.530760288238525,-7.22462272644043
6,initial,-9.491943359375,-8.513930320739746
7,initial,-8.263121604919434,-6.7932257652282715
8,initial,-7.395877361297607,-6.030904293060303
9,initial,-6.982934951782227,-6.466196537017822
10,initial,-9.466476440429688,-7.695382595062256
11,initial,-6.846423625946045,-6.430466651916504
12,initial,-7.895375728607178,-6.247383117675781
13,initial,-9.489368438720703,-7.791868209838867
14,initial,-7.395877361297607,-6.030904293060303
15,initial,-9.817829132080078,-8.256118774414062
16,initial,-8.030344009399414,-6.518436908721924
17,initial,-7.705141067504883,-6.69066858291626
18,initial,-9.912012100219727,-8.746479988098145
19,initial,-6.924322605133057,-6.55952262878418
20,initial,-6.884914875030518,-6.396642208099365
21,initial,-7.518371105194092,-6.508703708648682
22,initial,-8.744033813476562,-7.983853816986084
23,initial,-7.6642327308654785,-6.703958034515381
24,initial,-8.605911254882812,-7.75274133682251
25,initial,-7.6642327308654785,-6.703958034515381
26,initial,-9.214301109313965,-8.215825080871582
27,initial,-9.083460807800293,-8.477038383483887
28,initial,-7.419809341430664,-6.757610321044922
29,initial,-9.280445098876953,-8.10189151763916
30,initial,-7.469646453857422,-6.874359607696533
31,initial,-7.7985429763793945,-6.742077350616455
32,initial,-8.74403190612793,-7.9838547706604
33,initial,-7.7985429763793945,-6.742076873779297
34,initial,-7.5751848220825195,-7.145036697387695
35,initial,-9.068262100219727,-8.155512809753418
36,initial,-7.419809341430664,-6.757610321044922
37,initial,-7.7985429763793945,-6.742076873779297
38,initial,-6.860568523406982,-6.58505392074585
39,initial,-6.926046848297119,-6.4100799560546875
40,initial,-7.10515022277832,-6.209333419799805
41,initial,-7.464788913726807,-6.603024005889893
42,initial,-7.32061767578125,-6.746480464935303
43,initial,-8.236867904663086,-7.639154434204102
44,initial,-8.042581558227539,-6.645849227905273
45,initial,-7.198902130126953,-6.1819024085998535
46,initial,-7.4027276039123535,-6.524188041687012
47,initial,-7.877783298492432,-6.898177623748779
48,initial,-8.275609970092773,-7.658544063568115
49,initial,-7.2497663497924805,-6.510436534881592
50,initial,-7.896130561828613,-7.154155254364014
51,initial,-8.337060928344727,-7.9229207038879395
52,initial,-8.185741424560547,-7.049346446990967
53,initial,-7.627169132232666,-7.4014506340026855
54,initial,-7.495102882385254,-7.407244682312012
55,initial,-7.360743999481201,-6.446840286254883
56,initial,-7.2156243324279785,-6.245345592498779
57,initial,-6.491383075714111,-6.260732650756836
58,initial,-7.985133647918701,-6.530159950256348
59,initial,-7.518407344818115,-6.385313510894775
60,initial,-8.240880012512207,-7.2615742683410645
61,initial,-9.34920597076416,-7.7554931640625
62,initial,-10.218717575073242,-8.998298645019531
63,initial,-9.875455856323242,-8.723328590393066
64,initial,-8.481795310974121,-7.209045886993408
65,initial,-7.709869861602783,-6.954769134521484
66,initial,-8.69688892364502,-7.223198890686035
67,initial,-10.297619819641113,-9.322254180908203
68,initial,-9.133575439453125,-7.556137561798096
69,initial,-8.668511390686035,-7.288411617279053
70,initial,-8.410452842712402,-7.8948445320129395
71,initial,-9.9215669631958,-8.96053409576416
72,initial,-7.572437286376953,-6.531280517578125
73,initial,-7.763950824737549,-7.081961631774902
74,initial,-7.1209869384765625,-6.503178596496582
75,initial,-9.461255073547363,-8.472139358520508
76,initial,-8.633496284484863,-7.219632625579834
77,initial,-9.689443588256836,-8.74701976776123
78,initial,-7.511167526245117,-6.9325737953186035
79,initial,-8.437397956848145,-7.156887531280518
80,initial,-5.858558654785156,-5.572295665740967
81,initial,-6.363889694213867,-5.490642070770264
82,initial,-7.6002326011657715,-6.673428535461426
83,initial,-7.05926513671875,-6.260386943817139
84,initial,-6.875518321990967,-6.615321636199951
85,initial,-8.014554977416992,-7.523416042327881
86,initial,-7.710129737854004,-7.073998928070068
87,initial,-7.080873966217041,-6.641321659088135
88,initial,-7.011449337005615,-6.552637577056885
89,initial,-5.682416915893555,-5.295759201049805
90,initial,-6.666689395904541,-5.790144920349121
91,initial,-8.145634651184082,-8.096698760986328
92,initial,-6.198023796081543,-5.456307411193848
93,initial,-6.726778984069824,-6.305107116699219
94,initial,-6.678213119506836,-6.225361347198486
95,initial,-7.113439559936523,-6.766462326049805
96,initial,-6.223499298095703,-5.626651287078857
97,initial,-6.691861629486084,-5.795191287994385
98,initial,-7.901577472686768,-7.4772443771362305
99,initial,-6.221080303192139,-5.631428241729736
100,initial,-7.504650115966797,-6.653616428375244
101,initial,-7.199625492095947,-6.501271724700928
102,initial,-8.696335792541504,-7.51973819732666
103,initial,-7.40619421005249,-6.2044830322265625
104,initial,-7.40619421005249,-6.2044830322265625
105,initial,-7.5105743408203125,-6.304649353027344
106,initial,-8.235758781433105,-7.218105792999268
107,initial,-8.0468168258667,-7.044460296630859
108,initial,-6.593163967132568,-5.820363998413086
109,initial,-8.995707511901855,-8.183704376220703
110,initial,-8.483016014099121,-7.568744659423828
111,initial,-7.234501361846924,-6.195342063903809
112,initial,-8.451054573059082,-7.6084723472595215
113,initial,-8.588166236877441,-7.420767784118652
114,initial,-6.974006652832031,-6.198921203613281
115,initial,-7.836084842681885,-6.8857221603393555
116,initial,-8.53238582611084,-8.235735893249512
117,initial,-7.640674591064453,-6.8319854736328125
118,initial,-8.235758781433105,-7.218105792999268
119,initial,-8.678092956542969,-7.579855918884277
120,initial,-7.118086338043213,-5.848023414611816
121,initial,-7.006118297576904,-5.851014614105225
122,initial,-7.6007819175720215,-6.268799781799316
123,initial,-7.629153251647949,-5.743581771850586
124,initial,-6.862802028656006,-6.263800144195557
125,initial,-9.34437370300293,-7.533705234527588
126,initial,-9.086106300354004,-7.991533279418945
127,initial,-8.956567764282227,-6.749878406524658
128,initial,-7.674051284790039,-6.3277153968811035
129,initial,-9.234881401062012,-7.626181125640869
130,initial,-7.270817756652832,-5.852962493896484
131,initial,-6.723122596740723,-6.330057621002197
132,initial,-6.972797870635986,-6.133059024810791
133,initial,-9.235054016113281,-7.475290775299072
134,initial,-9.234881401062012,-7.626181125640869
135,initial,-7.371551513671875,-6.064716339111328
136,initial,-6.955235958099365,-5.939188480377197
137,initial,-7.371551513671875,-6.064716339111328
138,initial,-9.34437370300293,-7.533705234527588
139,initial,-7.417114734649658,-6.435418605804443
140,initial,-6.675265789031982,-6.088261604309082
141,initial,-7.399851322174072,-6.888363361358643
142,initial,-7.5758376121521,-6.566130638122559
143,initial,-6.179503917694092,-5.319709300994873
144,initial,-8.252795219421387,-7.570061683654785
145,initial,-7.03090238571167,-5.939852714538574
146,initial,-8.289085388183594,-7.285980701446533
147,initial,-8.249794960021973,-7.47476053237915
148,initial,-7.729537487030029,-6.765069961547852
149,initial,-7.496313095092773,-6.570688724517822
150,initial,-7.885053634643555,-6.813078880310059
151,initial,-7.7922539710998535,-7.310629844665527
152,initial,-8.087251663208008,-7.3147478103637695
153,initial,-7.864162921905518,-7.4329047203063965
154,initial,-6.675265789031982,-6.088261604309082
155,initial,-8.289085388183594,-7.285980701446533
156,initial,-8.178924560546875,-7.62127685546875
157,initial,-8.110992431640625,-7.50868034362793
158,initial,-7.05438232421875,-6.207267761230469
159,initial,-8.289085388183594,-7.285980701446533
160,initial,-8.95240592956543,-7.8560471534729
161,initial,-8.826516151428223,-6.8627495765686035
162,initial,-8.353619575500488,-7.64961576461792
163,initial,-9.534704208374023,-8.269331932067871
164,initial,-9.525795936584473,-8.473938941955566
165,initial,-7.110834121704102,-6.028238773345947
166,initial,-8.72289752960205,-7.227146148681641
167,initial,-9.534704208374023,-8.269331932067871
168,initial,-8.432058334350586,-7.359384059906006
169,initial,-8.132980346679688,-7.177170753479004
170,initial,-9.744237899780273,-7.537977695465088
171,initial,-9.036392211914062,-7.13685941696167
172,initial,-7.651522159576416,-6.6720476150512695
173,initial,-9.543292045593262,-8.77135944366455
174,initial,-8.922497749328613,-8.182811737060547
175,initial,-8.508490562438965,-7.293862819671631
176,initial,-9.710905075073242,-8.18484878540039
177,initial,-7.686285495758057,-6.580039978027344
178,initial,-7.870227336883545,-6.600090503692627
179,initial,-8.704161643981934,-7.074892520904541
180,initial,-6.853870391845703,-6.266091346740723
181,initial,-6.194183826446533,-5.220475196838379
182,initial,-6.218874454498291,-5.774641513824463
183,initial,-6.795754909515381,-6.290397644042969
184,initial,-6.596734046936035,-5.720863342285156
185,initial,-7.089166641235352,-6.564389228820801
186,initial,-6.748598575592041,-6.272495746612549
187,initial,-8.627045631408691,-7.677295207977295
188,initial,-6.218416690826416,-5.585543632507324
189,initial,-7.228869915008545,-6.666937351226807
190,initial,-7.583855628967285,-6.403162479400635
191,initial,-6.853870391845703,-6.266091346740723
192,initial,-6.820502281188965,-6.419457912445068
193,initial,-7.192790508270264,-6.705804824829102
194,initial,-6.524899959564209,-6.007711410522461
195,initial,-7.4228363037109375,-6.840979099273682
196,initial,-7.419456481933594,-6.748293399810791
197,initial,-7.848511695861816,-6.307089805603027
198,initial,-7.889422416687012,-7.492211818695068
199,initial,-6.594918251037598,-6.077038288116455
200,initial,-6.5267157554626465,-5.378045558929443
201,initial,-7.527482509613037,-6.416604042053223
202,initial,-7.792476177215576,-6.686912536621094
203,initial,-7.518848419189453,-6.081944942474365
204,initial,-7.518848419189453,-6.081944942474365
205,initial,-7.254892826080322,-5.977363586425781
206,initial,-8.840984344482422,-8.005294799804688
207,initial,-8.748409271240234,-7.806771755218506
208,initial,-7.518848419189453,-6.081944942474365
209,initial,-7.254892826080322,-5.977363586425781
210,initial,-8.058262825012207,-7.068857669830322
211,initial,-7.749279022216797,-6.518482685089111
212,initial,-7.749279022216797,-6.518482685089111
213,initial,-7.972496032714844,-6.922688961029053
214,initial,-8.058262825012207,-7.068857669830322
215,initial,-8.352625846862793,-7.278319358825684
216,initial,-8.232525825500488,-7.041723728179932
217,initial,-9.13368034362793,-7.569325923919678
218,initial,-6.975021839141846,-5.786605358123779
219,initial,-7.195016384124756,-5.743429660797119
220,initial,-6.739768981933594,-6.821264743804932
221,initial,-6.867585182189941,-6.972334384918213
222,initial,-6.743598937988281,-6.878522872924805
223,initial,-6.942425727844238,-7.2658891677856445
224,initial,-7.804737567901611,-7.079061508178711
225,initial,-7.7640533447265625,-7.42028284072876
226,initial,-6.935405731201172,-6.949955463409424
227,initial,-6.975294589996338,-6.551384925842285
228,initial,-7.609161376953125,-7.323261737823486
229,initial,-7.7640533447265625,-7.42028284072876
230,initial,-7.754349231719971,-7.162283420562744
231,initial,-6.50136661529541,-6.066574573516846
232,initial,-7.710091590881348,-6.953204154968262
233,initial,-8.533055305480957,-7.692605972290039
234,initial,-8.467816352844238,-7.654015064239502
235,initial,-7.477932453155518,-6.909518718719482
236,initial,-6.38316011428833,-6.262387275695801
237,initial,-6.817324638366699,-6.4135422706604
238,initial,-8.679943084716797,-7.646059989929199
239,initial,-7.243539810180664,-7.275120258331299
240,initial,-6.439737319946289,-6.6296539306640625
241,initial,-7.335651874542236,-7.013945579528809
242,initial,-7.872485160827637,-7.606231689453125
243,initial,-7.0682573318481445,-7.037168502807617
244,initial,-7.625603675842285,-7.426379203796387
245,initial,-8.121184349060059,-7.774352073669434
246,initial,-6.881310939788818,-7.13456392288208
247,initial,-7.995701313018799,-7.401026725769043
248,initial,-8.164253234863281,-7.8628411293029785
249,initial,-7.869002342224121,-7.666801452636719
250,initial,-7.7237372398376465,-7.391348361968994
251,initial,-6.6167426109313965,-6.699038028717041
252,initial,-6.5363850593566895,-6.586068153381348
253,initial,-7.149868488311768,-7.341724872589111
254,initial,-6.597906112670898,-6.596714496612549
255,initial,-7.375885963439941,-7.30433988571167
256,initial,-8.349761009216309,-7.925700664520264
257,initial,-8.527215003967285,-8.110382080078125
258,initial,-6.5489959716796875,-6.792970657348633
259,initial,-5.798192024230957,-5.84870719909668
260,initial,-6.528204441070557,-6.613310813903809
261,initial,-6.434142589569092,-6.594010829925537
262,initial,-6.183008193969727,-6.089864730834961
263,initial,-6.971563339233398,-6.942452907562256
264,initial,-7.045716762542725,-6.711409568786621
265,initial,-6.877957820892334,-6.853315830230713
266,initial,-6.360002517700195,-6.3719329833984375
267,initial,-6.25098991394043,-6.280794143676758
268,initial,-6.505738258361816,-6.464446067810059
269,initial,-6.739041328430176,-6.876030921936035
270,initial,-6.963095188140869,-6.7234601974487305
271,initial,-5.825154781341553,-6.197141170501709
272,initial,-5.968691349029541,-6.038708209991455
273,initial,-6.43615198135376,-6.188145637512207
274,initial,-7.24214506149292,-6.954601287841797
275,initial,-5.4959917068481445,-5.741127014160156
276,initial,-6.405233383178711,-6.448925971984863
277,initial,-6.204955101013184,-6.322761535644531
278,initial,-6.7448320388793945,-6.690147876739502
279,initial,-6.90826940536499,-6.573037624359131
280,initial,-8.523388862609863,-8.424854278564453
281,initial,-7.976386547088623,-8.058303833007812
282,initial,-7.970183849334717,-7.416318893432617
283,initial,-7.707501411437988,-7.515783309936523
284,initial,-7.10418701171875,-6.754796504974365
285,initial,-6.810973167419434,-6.890006065368652
286,initial,-8.352961540222168,-8.167028427124023
287,initial,-8.160914421081543,-7.691448211669922
288,initial,-7.986815929412842,-7.914367198944092
289,initial,-6.9376325607299805,-6.831439971923828
290,initial,-7.952908039093018,-8.047208786010742
291,initial,-8.3810396194458,-8.14978313446045
292,initial,-7.84691858291626,-7.556227684020996
293,initial,-8.283808708190918,-8.05006217956543
294,initial,-6.471442222595215,-6.406000137329102
295,initial,-7.521197319030762,-7.525485515594482
296,initial,-7.392515659332275,-7.2512664794921875
297,initial,-8.64457893371582,-8.45167350769043
298,initial,-7.381025314331055,-7.142459392547607
299,initial,-8.084826469421387,-8.094521522521973
300,initial,-6.946584224700928,-6.53331184387207
301,initial,-7.199847221374512,-7.089430332183838
302,initial,-6.1473188400268555,-6.19125509262085
303,initial,-7.122648239135742,-6.7620978355407715
304,initial,-6.278162002563477,-6.074552059173584
305,initial,-7.012691974639893,-6.986823081970215
306,initial,-8.097135543823242,-7.811600685119629
307,initial,-6.3239850997924805,-6.149467468261719
308,initial,-6.543501853942871,-6.2722015380859375
309,initial,-6.04518985748291,-5.980199813842773
310,initial,-7.4841203689575195,-7.40372896194458
311,initial,-7.022829532623291,-6.775729179382324
312,initial,-6.849653720855713,-6.612932205200195
313,initial,-6.492069721221924,-6.267617702484131
314,initial,-6.466268539428711,-6.292994022369385
315,initial,-6.173524379730225,-6.173055171966553
316,initial,-5.572137355804443,-5.565400123596191
317,initial,-7.0870890617370605,-7.01274299621582
318,initial,-6.064472198486328,-6.085716247558594
319,initial,-7.065409183502197,-7.050640106201172
320,initial,-5.895133972167969,-5.442378997802734
321,initial,-7.054808616638184,-6.631114959716797
322,initial,-6.726467609405518,-6.707801818847656
323,initial,-7.116864204406738,-6.728264808654785
324,initial,-7.518248558044434,-7.328161716461182
325,initial,-6.651726722717285,-6.534132480621338
326,initial,-7.213078498840332,-6.978006362915039
327,initial,-7.9360761642456055,-7.379003524780273
328,initial,-5.983659744262695,-5.744085788726807
329,initial,-7.548230171203613,-7.400399208068848
330,initial,-6.66299295425415,-6.409339904785156
331,initial,-7.399938583374023,-7.135989665985107
332,initial,-7.516626358032227,-6.835705280303955
333,initial,-6.511738300323486,-6.419548034667969
334,initial,-6.137139320373535,-6.172938346862793
335,initial,-6.300290584564209,-6.2444047927856445
336,initial,-7.430191993713379,-7.292704105377197
337,initial,-6.790842533111572,-6.6451544761657715
338,initial,-5.644186019897461,-5.408624172210693
339,initial,-7.325920104980469,-6.6705756187438965
340,initial,-6.7993927001953125,-6.541996955871582
341,initial,-10.284307479858398,-9.28901195526123
342,initial,-10.01287841796875,-8.757014274597168
343,initial,-9.978479385375977,-8.790937423706055
344,initial,-7.983312606811523,-7.969059467315674
345,initial,-7.516231536865234,-7.27687406539917
346,initial,-9.623326301574707,-8.199297904968262
347,initial,-7.554168701171875,-7.524444580078125
348,initial,-9.722841262817383,-8.319270133972168
349,initial,-8.137782096862793,-7.862643718719482
350,initial,-8.05350399017334,-8.450676918029785
351,initial,-10.419257164001465,-9.228224754333496
352,initial,-8.146439552307129,-7.440511226654053
353,initial,-9.60455322265625,-8.5081205368042
354,initial,-7.26571798324585,-7.036758899688721
355,initial,-8.40393352508545,-8.285102844238281
356,initial,-9.989726066589355,-9.438706398010254
357,initial,-10.330896377563477,-9.545818328857422
358,initial,-8.588814735412598,-7.755952835083008
359,initial,-8.32725715637207,-7.33948278427124
360,initial,-8.01357364654541,-7.871804237365723
361,initial,-9.467693328857422,-8.636581420898438
362,initial,-7.247121810913086,-7.31679105758667
363,initial,-7.204914569854736,-7.793524742126465
364,initial,-7.190960884094238,-7.38812255859375
365,initial,-7.164947509765625,-7.1491827964782715
366,initial,-7.827126502990723,-8.238459587097168
367,initial,-8.674054145812988,-8.06373119354248
368,initial,-9.241534233093262,-8.55197811126709
369,initial,-9.824960708618164,-9.492867469787598
370,initial,-8.116601943969727,-7.774257183074951
371,initial,-9.797662734985352,-9.51220989227295
372,initial,-9.562520980834961,-8.505904197692871
373,initial,-9.993438720703125,-9.581393241882324
374,initial,-8.014688491821289,-8.473100662231445
375,initial,-6.797416687011719,-6.783204078674316
376,initial,-7.70827579498291,-8.143600463867188
377,initial,-9.467693328857422,-8.636581420898438
378,initial,-7.204914569854736,-7.793524742126465
379,initial,-7.6882805824279785,-7.942551612854004
380,initial,-7.10739803314209,-7.507646560668945
381,initial,-7.8880295753479,-7.818911552429199
382,initial,-6.882568836212158,-6.990680694580078
383,initial,-8.120314598083496,-8.163725852966309
384,initial,-6.534181594848633,-6.370083332061768
385,initial,-7.623950481414795,-7.840333938598633
386,initial,-7.1162004470825195,-7.448277473449707
387,initial,-8.313516616821289,-7.980996608734131
388,initial,-7.495384216308594,-7.424343585968018
389,initial,-7.497920513153076,-7.117486000061035
390,initial,-7.213204383850098,-7.591885566711426
391,initial,-7.925459861755371,-7.19224739074707
392,initial,-7.330173969268799,-7.292240142822266
393,initial,-8.52672004699707,-8.268096923828125
394,initial,-7.266114234924316,-7.257767677307129
395,initial,-8.292314529418945,-8.354704856872559
396,initial,-7.566992282867432,-7.845577239990234
397,initial,-6.93929386138916,-6.512137413024902
398,initial,-7.133993625640869,-7.355399131774902
399,initial,-6.968995094299316,-7.0967841148376465
400,initial,-8.368636131286621,-7.940987586975098
401,initial,-9.380711555480957,-8.416251182556152
402,initial,-9.320463180541992,-9.650996208190918
403,initial,-7.711225986480713,-7.614195823669434
404,initial,-9.333497047424316,-7.664585590362549
405,initial,-9.290735244750977,-7.7477946281433105
406,initial,-8.547347068786621,-7.909714221954346
407,initial,-8.024554252624512,-8.154397964477539
408,initial,-8.353222846984863,-7.845398902893066
409,initial,-8.408576011657715,-7.750057697296143
410,initial,-7.840381622314453,-7.4044413566589355
411,initial,-8.913122177124023,-8.428492546081543
412,initial,-8.948945999145508,-8.848475456237793
413,initial,-8.56467342376709,-7.799334526062012
414,initial,-9.079898834228516,-8.570268630981445
415,initial,-9.826101303100586,-8.880772590637207
416,initial,-9.507756233215332,-9.124627113342285
417,initial,-9.6889009475708,-9.02125358581543
418,initial,-8.140336036682129,-7.714771747589111
419,initial,-7.711225986480713,-7.614195823669434
420,initial,-7.787919998168945,-7.529029846191406
421,initial,-6.690024375915527,-6.455702304840088
422,initial,-6.8545403480529785,-6.571462631225586
423,initial,-6.946885108947754,-6.8086748123168945
424,initial,-6.5144853591918945,-6.508572101593018
425,initial,-7.935433864593506,-7.681802272796631
426,initial,-7.920949459075928,-7.807694435119629
427,initial,-8.407646179199219,-8.361536979675293
428,initial,-7.780776500701904,-7.529081344604492
429,initial,-6.0403265953063965,-6.212806224822998
430,initial,-9.727188110351562,-9.143197059631348
431,initial,-6.899205684661865,-6.861827850341797
432,initial,-6.862308502197266,-6.969281196594238
433,initial,-8.280393600463867,-7.663604259490967
434,initial,-7.579689025878906,-7.3226165771484375
435,initial,-6.691609859466553,-6.370778560638428
436,initial,-6.40954065322876,-6.194194316864014
437,initial,-6.626558303833008,-6.275389194488525
438,initial,-6.8178558349609375,-6.555348873138428
439,initial,-6.856732368469238,-6.840423583984375
440,initial,-7.923368453979492,-7.1593403816223145
441,initial,-6.107629776000977,-6.10072135925293
442,initial,-7.8469367027282715,-7.4902801513671875
443,initial,-7.237461566925049,-6.786909580230713
444,initial,-7.576047897338867,-6.930811882019043
445,initial,-7.974756717681885,-7.471279144287109
446,initial,-8.574896812438965,-8.209914207458496
447,initial,-8.382126808166504,-7.720203876495361
448,initial,-7.455652713775635,-6.977474212646484
449,initial,-6.7489824295043945,-6.388215065002441
450,initial,-8.099451065063477,-7.365286827087402
451,initial,-7.440710544586182,-6.909427642822266
452,initial,-8.231582641601562,-7.419297218322754
453,initial,-7.294053077697754,-6.621387481689453
454,initial,-6.7522873878479,-6.398649215698242
455,initial,-7.401828289031982,-6.791921615600586
456,initial,-7.47024393081665,-7.044729232788086
457,initial,-7.122710704803467,-6.627260684967041
458,initial,-7.709214687347412,-7.195988655090332
459,initial,-7.684852123260498,-7.017594814300537
460,initial,-8.575834274291992,-7.743908405303955
461,initial,-5.763853073120117,-5.919356822967529
462,initial,-5.6353678703308105,-5.852962017059326
463,initial,-7.167721748352051,-6.963005542755127
464,initial,-7.026237487792969,-6.674983024597168
465,initial,-6.776672840118408,-6.547718048095703
466,initial,-6.320873260498047,-6.146604537963867
467,initial,-6.352840900421143,-6.336401462554932
468,initial,-6.739969253540039,-6.765021800994873
469,initial,-6.791139602661133,-6.662315368652344
470,initial,-6.388130187988281,-6.718939304351807
471,initial,-8.829254150390625,-8.153312683105469
472,initial,-6.872884750366211,-6.7223405838012695
473,initial,-7.137608051300049,-6.748528480529785
474,initial,-6.609299182891846,-6.524471282958984
475,initial,-6.3497314453125,-6.721640110015869
476,initial,-5.515142917633057,-5.900054454803467
477,initial,-6.888724327087402,-6.595302581787109
478,initial,-6.2538018226623535,-6.413066864013672
479,initial,-6.061395645141602,-6.222970962524414
480,initial,-5.686474800109863,-5.6833319664001465
481,initial,-6.658108711242676,-6.4567694664001465
482,initial,-6.753350734710693,-6.877706527709961
483,initial,-5.6848015785217285,-5.712552070617676
484,initial,-5.523667335510254,-5.876378059387207
485,initial,-6.22401762008667,-6.152891159057617
486,initial,-6.22401762008667,-6.152891159057617
487,initial,-6.73634147644043,-6.538443088531494
488,initial,-5.586468696594238,-5.662811756134033
489,initial,-7.25510311126709,-7.162613868713379
490,initial,-7.394223213195801,-7.025968551635742
491,initial,-8.464117050170898,-7.865213871002197
492,initial,-6.22401762008667,-6.152891159057617
493,initial,-5.594061374664307,-5.614150047302246
494,initial,-6.118954658508301,-6.178860187530518
495,initial,-7.234894752502441,-7.208996295928955
496,initial,-5.6702399253845215,-5.720188617706299
497,initial,-6.082098484039307,-6.291065216064453
498,initial,-5.594061374664307,-5.614150047302246
499,initial,-7.156754016876221,-7.05372953414917
500,initial,-5.996156692504883,-6.366665363311768
501,initial,-5.98292875289917,-5.8994293212890625
502,initial,-6.233678817749023,-6.116978168487549
503,initial,-7.465457439422607,-7.410146236419678
504,initial,-6.357567310333252,-5.8952956199646
505,initial,-6.332459926605225,-6.034207344055176
506,initial,-6.3760271072387695,-6.797006130218506
507,initial,-7.435416221618652,-7.4813337326049805
508,initial,-6.382716655731201,-6.296785831451416
509,initial,-6.4768147468566895,-6.029226779937744
510,initial,-7.784841060638428,-7.616757869720459
511,initial,-7.257564067840576,-7.196026802062988
512,initial,-6.669747829437256,-6.588501930236816
513,initial,-6.76055383682251,-6.67279052734375
514,initial,-6.522195339202881,-6.638720989227295
515,initial,-7.061347961425781,-6.8931779861450195
516,initial,-6.8860626220703125,-6.48552131652832
517,initial,-5.641342639923096,-5.673670291900635
518,initial,-6.712892055511475,-6.850668430328369
519,initial,-7.552914142608643,-7.487513542175293
520,initial,-7.668876647949219,-6.9825944900512695
521,initial,-7.649104595184326,-7.373937606811523
522,initial,-7.858264923095703,-7.376227378845215
523,initial,-7.135274410247803,-6.8973069190979
524,initial,-6.825398921966553,-6.349157333374023
525,initial,-7.45464563369751,-7.354696750640869
526,initial,-5.908071517944336,-5.929272651672363
527,initial,-5.958989143371582,-6.320528984069824
528,initial,-8.324003219604492,-7.928093910217285
529,initial,-7.449211120605469,-7.201747417449951
530,initial,-6.869752883911133,-6.446397304534912
531,initial,-8.15754508972168,-8.12086296081543
532,initial,-8.839699745178223,-8.176517486572266
533,initial,-7.09319543838501,-6.720790863037109
534,initial,-8.222756385803223,-7.78547477722168
535,initial,-6.409548759460449,-6.256646633148193
536,initial,-6.752309799194336,-6.728286266326904
537,initial,-8.15754508972168,-8.12086296081543
538,initial,-6.062867164611816,-6.152026653289795
539,initial,-6.557818412780762,-6.426896572113037
540,initial,-5.4729743003845215,-5.640985488891602
541,initial,-5.802967548370361,-5.664638042449951
542,initial,-6.010137557983398,-5.991975784301758
543,initial,-5.511855125427246,-5.7225022315979
544,initial,-5.7013444900512695,-5.672669410705566
545,initial,-5.776553630828857,-5.808573246002197
546,initial,-5.998993396759033,-5.932584285736084
547,initial,-6.3994059562683105,-6.460380554199219
548,initial,-5.640668869018555,-5.501741886138916
549,initial,-6.25752592086792,-5.839257717132568
550,initial,-6.090185165405273,-6.021295547485352
551,initial,-6.717098712921143,-6.6134562492370605
552,initial,-5.762192249298096,-6.0951361656188965
553,initial,-7.217110633850098,-6.885258197784424
554,initial,-6.695054531097412,-6.782246112823486
555,initial,-7.0179595947265625,-6.7834062576293945
556,initial,-5.539752006530762,-5.771369934082031
557,initial,-6.047564506530762,-5.9949564933776855
558,initial,-5.8583502769470215,-5.618412971496582
559,initial,-5.8115315437316895,-6.131209373474121
560,initial,-7.388113975524902,-7.213836669921875
561,initial,-6.549305438995361,-6.318750858306885
562,initial,-7.331966876983643,-7.251774311065674
563,initial,-5.889556407928467,-5.9249348640441895
564,initial,-7.35701322555542,-7.105788230895996
565,initial,-5.39664363861084,-5.401231288909912
566,initial,-6.775550842285156,-6.68826961517334
567,initial,-6.83821964263916,-6.42883825302124
568,initial,-6.360414505004883,-6.7687530517578125
569,initial,-6.556301116943359,-6.525394439697266
570,initial,-6.7448320388793945,-6.731687545776367
571,initial,-6.60094690322876,-6.223799228668213
572,initial,-6.880152702331543,-6.61669921875
573,initial,-7.571439743041992,-7.329010009765625
574,initial,-5.669029712677002,-5.602099418640137
575,initial,-5.858254909515381,-5.59292459487915
576,initial,-6.075870513916016,-5.742775917053223
577,initial,-5.193363189697266,-5.170762538909912
578,initial,-5.8238372802734375,-5.814693450927734
579,initial,-5.8528642654418945,-5.44155740737915
580,initial,-6.84590482711792,-6.859738349914551
581,initial,-8.024942398071289,-7.38955020904541
582,initial,-7.008573055267334,-6.5656208992004395
583,initial,-8.701704978942871,-7.458194255828857
584,initial,-7.289005279541016,-6.93440580368042
585,initial,-6.385191917419434,-6.293489456176758
586,initial,-6.304849147796631,-6.162163734436035
587,initial,-7.989696979522705,-7.312896728515625
588,initial,-7.509511470794678,-7.146842002868652
589,initial,-7.786725997924805,-6.922917366027832
590,initial,-8.14303970336914,-7.297365665435791
591,initial,-8.075692176818848,-7.172618389129639
592,initial,-8.067667961120605,-7.24878454208374
593,initial,-6.936234474182129,-6.604987144470215
594,initial,-6.059964656829834,-5.87563419342041
595,initial,-8.09453296661377,-6.98053503036499
596,initial,-6.239864826202393,-6.125783920288086
597,initial,-7.560760498046875,-7.2007880210876465
598,initial,-8.220433235168457,-7.090302467346191
599,initial,-7.246626377105713,-6.5471696853637695
600,initial,-7.131661891937256,-6.8779168128967285
601,initial,-8.639676094055176,-7.880712985992432
602,initial,-8.77399730682373,-8.063084602355957
603,initial,-8.06235122680664,-7.433647155761719
604,initial,-7.131661891937256,-6.8779168128967285
605,initial,-7.1160197257995605,-6.9150285720825195
606,initial,-8.05524730682373,-7.411517143249512
607,initial,-7.532749176025391,-7.039980888366699
608,initial,-7.899744510650635,-7.375655174255371
609,initial,-8.00280475616455,-7.486800670623779
610,initial,-6.9102888107299805,-6.692406177520752
611,initial,-8.77399730682373,-8.063084602355957
612,initial,-6.689873695373535,-6.54719352722168
613,initial,-7.354047775268555,-6.861171245574951
614,initial,-6.561077117919922,-6.519386291503906
615,initial,-7.0705108642578125,-6.728387355804443
616,initial,-6.608964443206787,-6.46779203414917
617,initial,-7.803119659423828,-7.327861309051514
618,initial,-6.844920635223389,-6.718450546264648
619,initial,-8.148937225341797,-7.398643493652344
620,initial,-7.0326337814331055,-6.673435211181641
621,initial,-7.394146919250488,-7.039233684539795
622,initial,-7.948178768157959,-7.984930992126465
623,initial,-6.475986957550049,-6.396248817443848
624,initial,-6.731009483337402,-6.503434181213379
625,initial,-7.359670162200928,-6.974567413330078
626,initial,-7.438823699951172,-7.135814189910889
627,initial,-6.152467727661133,-6.253066539764404
628,initial,-6.516090393066406,-6.08543586730957
629,initial,-7.758111476898193,-7.484161376953125
630,initial,-7.304362773895264,-7.184077739715576
631,initial,-7.276767730712891,-6.996467590332031
632,initial,-6.289989948272705,-6.321610450744629
633,initial,-5.881011962890625,-5.80477237701416
634,initial,-7.328636169433594,-6.738002300262451
635,initial,-5.783064842224121,-5.665111541748047
636,initial,-7.221976280212402,-6.750019550323486
637,initial,-6.1790008544921875,-5.975371360778809
638,initial,-7.096206188201904,-6.75788688659668
639,initial,-6.222638130187988,-6.109860420227051
640,initial,-7.792953968048096,-7.072850227355957
641,initial,-7.651378154754639,-7.49287223815918
642,initial,-7.188952922821045,-6.708507537841797
643,initial,-7.791175365447998,-7.074237823486328
644,initial,-8.042206764221191,-7.223674774169922
645,initial,-8.079351425170898,-7.5243940353393555
646,initial,-8.677225112915039,-8.435136795043945
647,initial,-7.52662992477417,-6.693793296813965
648,initial,-8.646647453308105,-8.281661033630371
649,initial,-8.282959938049316,-7.9348602294921875
650,initial,-7.732872009277344,-7.213807106018066
651,initial,-7.258270263671875,-6.5597147941589355
652,initial,-7.338427543640137,-6.708999156951904
653,initial,-8.034664154052734,-7.255264759063721
654,initial,-7.665956020355225,-6.946040630340576
655,initial,-8.255163192749023,-8.263276100158691
656,initial,-8.724427223205566,-7.99310302734375
657,initial,-8.4882230758667,-7.860993385314941
658,initial,-8.394593238830566,-7.948965549468994
659,initial,-8.265320777893066,-7.3322601318359375
660,initial,-7.2092437744140625,-6.945584774017334
661,initial,-5.787896156311035,-5.412441253662109
662,initial,-8.065107345581055,-7.53002405166626
663,initial,-6.884279251098633,-6.909298896789551
664,initial,-5.714908123016357,-5.995049953460693
665,initial,-6.245335102081299,-6.15031623840332
666,initial,-5.9383440017700195,-5.941267490386963
667,initial,-7.030244827270508,-6.528409957885742
668,initial,-5.707589149475098,-5.590818405151367
669,initial,-5.459938049316406,-5.532100200653076
670,initial,-7.207103252410889,-7.099465370178223
671,initial,-6.101682662963867,-6.229702949523926
672,initial,-6.914702415466309,-6.787180423736572
673,initial,-5.9811787605285645,-5.9065985679626465
674,initial,-7.207103252410889,-7.099465847015381
675,initial,-6.650038242340088,-6.776281356811523
676,initial,-8.436532974243164,-7.802879333496094
677,initial,-6.345828056335449,-6.188507556915283
678,initial,-6.8310112953186035,-6.628383159637451
679,initial,-7.155107021331787,-6.8634796142578125
680,initial,-6.368885040283203,-6.173184871673584
681,initial,-6.910279273986816,-6.358741760253906
682,initial,-6.281116485595703,-6.270351886749268
683,initial,-7.767772674560547,-6.924063682556152
684,initial,-7.33764123916626,-6.820998668670654
685,initial,-6.485052585601807,-5.815457344055176
686,initial,-7.221180438995361,-6.649950981140137
687,initial,-6.018614768981934,-5.887892246246338
688,initial,-6.911049842834473,-6.387548446655273
689,initial,-7.935739994049072,-7.190743446350098
690,initial,-6.287558555603027,-5.9553327560424805
691,initial,-6.453152656555176,-6.024064540863037
692,initial,-6.768044471740723,-6.543058395385742
693,initial,-6.759746074676514,-6.045737266540527
694,initial,-6.587233066558838,-6.7409515380859375
695,initial,-7.0389180183410645,-6.930063247680664
696,initial,-7.6020917892456055,-7.213837146759033
697,initial,-6.367511749267578,-6.15854549407959
698,initial,-6.776163578033447,-6.481223106384277
699,initial,-6.113773345947266,-5.690093517303467
0,final,-6.302341938018799,-4.467194080352783
1,final,-5.786745071411133,-4.680845737457275
2,final,-5.224321365356445,-4.1194939613342285
3,final,-6.930315971374512,-5.393673419952393
4,final,-6.107205390930176,-4.157445907592773
5,final,-5.6303839683532715,-4.5002617835998535
6,final,-6.840760231018066,-4.98773717880249
7,final,-5.713790416717529,-3.766864061355591
8,final,-5.280280113220215,-3.604748487472534
9,final,-5.224321365356445,-4.1194939613342285
10,final,-6.671271324157715,-4.579005718231201
11,final,-5.204678535461426,-4.1431684494018555
12,final,-5.882963180541992,-3.950485944747925
13,final,-6.729737281799316,-4.836111545562744
14,final,-5.280280113220215,-3.604748487472534
15,final,-6.623132228851318,-4.481342792510986
16,final,-5.646993160247803,-3.862436294555664
17,final,-5.753859043121338,-4.3711466789245605
18,final,-7.465424537658691,-5.54887580871582
19,final,-6.050253868103027,-4.666775226593018
20,final,-5.484771251678467,-4.107693672180176
21,final,-6.005189895629883,-4.459473133087158
22,final,-6.670173645019531,-5.392415523529053
23,final,-6.123449802398682,-4.547245979309082
24,final,-6.750701904296875,-4.923311233520508
25,final,-6.123449802398682,-4.547245979309082
26,final,-7.008393287658691,-5.271289825439453
27,final,-6.8159308433532715,-5.179030895233154
28,final,-5.9716796875,-4.653553009033203
29,final,-7.302767753601074,-5.434685230255127
30,final,-5.906921863555908,-4.465616703033447
31,final,-6.0719146728515625,-4.387694358825684
32,final,-6.670174598693848,-5.392416000366211
33,final,-6.071914196014404,-4.387694835662842
34,final,-5.752995014190674,-4.680225372314453
35,final,-6.8620500564575195,-5.203286647796631
36,final,-5.9716796875,-4.653552532196045
37,final,-6.071914196014404,-4.387694835662842
38,final,-5.416843891143799,-4.089264869689941
39,final,-5.6063055992126465,-4.229309558868408
40,final,-5.861915588378906,-4.201087951660156
41,final,-6.5283074378967285,-4.999292850494385
42,final,-6.360489368438721,-5.132913589477539
43,final,-7.125651836395264,-5.7075581550598145
44,final,-6.363986968994141,-4.495870590209961
45,final,-6.0419487953186035,-4.4619903564453125
46,final,-5.937593936920166,-4.51667594909668
47,final,-6.937283515930176,-5.287964820861816
48,final,-7.0841522216796875,-5.126282215118408
49,final,-6.144015312194824,-4.726720809936523
50,final,-6.377030372619629,-5.010248184204102
51,final,-6.884811878204346,-5.396757125854492
52,final,-7.135370254516602,-5.3753814697265625
53,final,-6.344127655029297,-5.04971981048584
54,final,-6.400659084320068,-5.2691240310668945
55,final,-6.400974750518799,-4.730228900909424
56,final,-6.142572402954102,-4.465168476104736
57,final,-5.628081321716309,-4.333834648132324
58,final,-6.431168079376221,-4.742795467376709
59,final,-6.334100246429443,-4.689506530761719
60,final,-6.718797206878662,-4.9427924156188965
61,final,-8.188150405883789,-5.385337829589844
62,final,-8.037948608398438,-5.683448791503906
63,final,-8.162355422973633,-5.270578861236572
64,final,-7.499209880828857,-5.595283508300781
65,final,-6.3766632080078125,-3.959105968475342
66,final,-7.397602081298828,-5.341922283172607
67,final,-9.068202018737793,-6.21998405456543
68,final,-7.574021816253662,-5.078030586242676
69,final,-7.200575351715088,-4.603466510772705
70,final,-6.827617645263672,-5.001463890075684
71,final,-8.035516738891602,-5.443626403808594
72,final,-6.609170436859131,-4.589807033538818
73,final,-6.253724575042725,-4.871944904327393
74,final,-6.228970050811768,-4.489378929138184
75,final,-6.950860500335693,-4.643494606018066
76,final,-7.408184051513672,-4.785258769989014
77,final,-7.450445652008057,-4.745860576629639
78,final,-6.3009209632873535,-4.7656683921813965
79,final,-7.371189117431641,-5.4651970863342285
80,final,-4.888816833496094,-4.218836784362793
81,final,-5.10770845413208,-4.019284725189209
82,final,-6.303151607513428,-4.958765983581543
83,final,-6.185677528381348,-5.229618549346924
84,final,-5.341323375701904,-4.685573577880859
85,final,-6.755629539489746,-5.464534759521484
86,final,-6.819148063659668,-5.346312046051025
87,final,-5.805423736572266,-5.0272016525268555
88,final,-5.8966965675354,-4.946198463439941
89,final,-4.976025104522705,-4.089269161224365
90,final,-6.0593695640563965,-4.980525016784668
91,final,-7.327903747558594,-6.217403411865234
92,final,-5.321933269500732,-4.174045562744141
93,final,-5.464609146118164,-4.5094523429870605
94,final,-5.652867317199707,-4.458795547485352
95,final,-5.69631814956665,-4.928572177886963
96,final,-5.3285908699035645,-4.431788921356201
97,final,-5.852128028869629,-4.687792778015137
98,final,-6.307504177093506,-5.186716556549072
99,final,-5.350949287414551,-4.471623420715332
100,final,-6.447638988494873,-4.680420875549316
101,final,-6.111882209777832,-4.498073577880859
102,final,-6.510385036468506,-4.466282367706299
103,final,-5.2037739753723145,-3.6433539390563965
104,final,-5.2037739753723145,-3.6433539390563965
105,final,-5.837183475494385,-4.220058441162109
106,final,-5.832783222198486,-4.513583183288574
107,final,-6.698477268218994,-4.756600379943848
108,final,-4.613924980163574,-3.4812936782836914
109,final,-6.740340709686279,-5.14339542388916
110,final,-5.762134075164795,-4.623904705047607
111,final,-5.778281211853027,-4.300640106201172
112,final,-6.027629852294922,-4.778278350830078
113,final,-6.1264262199401855,-4.641483783721924
114,final,-5.322047710418701,-3.890636444091797
115,final,-6.3455810546875,-4.790329456329346
116,final,-7.119100570678711,-5.430459499359131
117,final,-6.058548450469971,-4.6245245933532715
118,final,-5.832783222198486,-4.513583183288574
119,final,-6.998973846435547,-5.309774875640869
120,final,-4.61497688293457,-3.2310445308685303
121,final,-4.72118616104126,-3.3638153076171875
122,final,-5.324814319610596,-3.881962537765503
123,final,-5.485650539398193,-3.6080150604248047
124,final,-5.001507759094238,-3.7075891494750977
125,final,-6.018151760101318,-3.935457944869995
126,final,-6.734461307525635,-4.903979778289795
127,final,-5.637659072875977,-3.7338669300079346
128,final,-5.258270740509033,-3.714571714401245
129,final,-6.038172245025635,-4.225477695465088
130,final,-5.794886112213135,-3.8703386783599854
131,final,-5.567394733428955,-4.287360668182373
132,final,-5.114696025848389,-3.893968343734741
133,final,-6.207486152648926,-4.2116923332214355
134,final,-6.038172245025635,-4.225477695465088
135,final,-5.02271032333374,-3.1722583770751953
136,final,-5.302187919616699,-3.8865115642547607
137,final,-5.02271032333374,-3.1722583770751953
138,final,-6.018152236938477,-3.9354584217071533
139,final,-5.646266937255859,-4.282102108001709
140,final,-5.585971832275391,-4.105295181274414
141,final,-6.188244342803955,-4.72123384475708
142,final,-6.6062774658203125,-4.962708473205566
143,final,-5.144843101501465,-3.631810426712036
144,final,-7.105597019195557,-5.334275722503662
145,final,-6.3720831871032715,-4.373172760009766
146,final,-6.922450065612793,-5.353806495666504
147,final,-7.441219806671143,-5.5265326499938965
148,final,-6.69475793838501,-5.072508335113525
149,final,-6.562980651855469,-4.8915886878967285
150,final,-6.966283321380615,-5.112294673919678
151,final,-6.593113422393799,-4.888093948364258
152,final,-6.848235607147217,-5.168886184692383
153,final,-6.504028797149658,-4.934467315673828
154,final,-5.585971832275391,-4.105295181274414
155,final,-6.922450065612793,-5.353806495666504
156,final,-6.900633811950684,-5.190309524536133
157,final,-6.878936290740967,-5.246161460876465
158,final,-5.855928897857666,-4.380251884460449
159,final,-6.922450065612793,-5.353806495666504
160,final,-7.057534217834473,-4.536900043487549
161,final,-7.539515018463135,-4.6375885009765625
162,final,-6.712741851806641,-4.747155666351318
163,final,-8.114899635314941,-5.453437328338623
164,final,-8.362200736999512,-5.512321949005127
165,final,-5.080198287963867,-3.2162647247314453
166,final,-7.171961307525635,-4.687975883483887
167,final,-8.114899635314941,-5.453437328338623
168,final,-7.325298309326172,-5.055858135223389
169,final,-6.649078845977783,-5.0118303298950195
170,final,-7.7189764976501465,-4.767246246337891
171,final,-7.11575984954834,-4.248424530029297
172,final,-6.289761066436768,-4.696390628814697
173,final,-7.846529960632324,-5.620279788970947
174,final,-6.863746643066406,-4.460348129272461
175,final,-6.9056477546691895,-4.749556064605713
176,final,-7.790406703948975,-4.868991851806641
177,final,-5.878916263580322,-3.8773691654205322
178,final,-6.698707580566406,-4.299418926239014
179,final,-7.528012275695801,-4.924511432647705
180,final,-5.837998390197754,-4.648964881896973
181,final,-4.840490341186523,-3.7853150367736816
182,final,-5.143790245056152,-4.387756824493408
183,final,-5.482296466827393,-4.670456886291504
184,final,-5.938845157623291,-4.792082786560059
185,final,-6.1436638832092285,-4.932913303375244
186,final,-5.832013130187988,-4.551555633544922
187,final,-7.455543041229248,-5.600677490234375
188,final,-4.758376121520996,-4.006263732910156
189,final,-5.808725357055664,-4.998486518859863
190,final,-6.134664058685303,-4.63181209564209
191,final,-5.837998390197754,-4.648964881896973
192,final,-5.901080131530762,-4.985919952392578
193,final,-6.434586524963379,-5.105534076690674
194,final,-5.878436088562012,-4.764585494995117
195,final,-6.063835144042969,-5.022706508636475
196,final,-6.10430908203125,-5.264044761657715
197,final,-6.732053279876709,-5.021578788757324
198,final,-6.715120792388916,-5.457952976226807
199,final,-5.530522346496582,-4.606019973754883
200,final,-4.709030628204346,-3.2657792568206787
201,final,-6.170732021331787,-4.530304908752441
202,final,-5.72070837020874,-4.094672679901123
203,final,-6.095781326293945,-4.316486358642578
204,final,-6.095781326293945,-4.316486358642578
205,final,-5.612372398376465,-4.150788307189941
206,final,-7.20437479019165,-5.318943500518799
207,final,-6.190561771392822,-4.811663627624512
208,final,-6.095781326293945,-4.316486358642578
209,final,-5.612372398376465,-4.150788307189941
210,final,-6.166133880615234,-4.317746162414551
211,final,-6.633058547973633,-4.692103862762451
212,final,-6.633058547973633,-4.692103862762451
213,final,-5.883825302124023,-4.336461067199707
214,final,-6.166133880615234,-4.317746162414551
215,final,-6.112332820892334,-4.3765177726745605
216,final,-6.441537380218506,-4.86285924911499
217,final,-6.858755111694336,-5.20803165435791
218,final,-5.497038841247559,-4.004871368408203
219,final,-5.086853504180908,-3.3381545543670654
220,final,-5.619681358337402,-5.236433029174805
221,final,-5.299496650695801,-5.132607936859131
222,final,-6.018482208251953,-5.508893966674805
223,final,-5.9925642013549805,-5.77036190032959
224,final,-6.290138244628906,-5.853517532348633
225,final,-6.328702926635742,-5.943144798278809
226,final,-5.80091667175293,-5.734199047088623
227,final,-5.709419250488281,-5.114336013793945
228,final,-6.014631271362305,-5.78944206237793
229,final,-6.328702926635742,-5.943144798278809
230,final,-6.023223876953125,-5.311424255371094
231,final,-4.832231521606445,-4.7058939933776855
232,final,-5.533730506896973,-5.063669204711914
233,final,-6.343507289886475,-6.124922752380371
234,final,-6.127723217010498,-5.523120403289795
235,final,-5.94808292388916,-5.434397220611572
236,final,-5.176422119140625,-4.963825702667236
237,final,-5.555126190185547,-5.091256618499756
238,final,-6.263203144073486,-5.675848484039307
239,final,-6.06758975982666,-5.900002956390381
240,final,-5.255563735961914,-5.121143817901611
241,final,-6.0838494300842285,-5.292700290679932
242,final,-6.002748966217041,-5.717238426208496
243,final,-6.059542655944824,-5.705526828765869
244,final,-5.860849857330322,-5.384846210479736
245,final,-6.448394775390625,-6.060115814208984
246,final,-5.734921455383301,-5.56263542175293
247,final,-6.567900657653809,-5.707453727722168
248,final,-6.410567283630371,-5.979658126831055
249,final,-6.3746466636657715,-5.955538749694824
250,final,-5.991214752197266,-5.500739097595215
251,final,-5.643792152404785,-5.164446830749512
252,final,-5.972488880157471,-5.3384575843811035
253,final,-6.224140167236328,-5.862110137939453
254,final,-5.789275169372559,-5.228492259979248
255,final,-6.417105674743652,-5.965651512145996
256,final,-6.55866003036499,-5.91037130355835
257,final,-6.9888153076171875,-6.634839057922363
258,final,-5.490567684173584,-5.122820854187012
259,final,-4.705409526824951,-4.375332355499268
260,final,-5.499059677124023,-5.076478481292725
261,final,-5.623484134674072,-5.5503249168396
262,final,-5.131990909576416,-4.640580177307129
263,final,-5.835461616516113,-5.303402900695801
264,final,-5.927831649780273,-5.3896002769470215
265,final,-6.136918067932129,-5.659548759460449
266,final,-5.557807445526123,-5.240362644195557
267,final,-5.384075164794922,-4.713001728057861
268,final,-5.540488243103027,-5.035506725311279
269,final,-5.712540626525879,-5.4297685623168945
270,final,-6.090408802032471,-5.6620049476623535
271,final,-4.976009845733643,-4.827837944030762
272,final,-5.33529806137085,-4.8616156578063965
273,final,-5.5371809005737305,-4.640036106109619
274,final,-6.102717399597168,-5.616730690002441
275,final,-4.482046127319336,-4.471705913543701
276,final,-5.331587791442871,-4.992978572845459
277,final,-5.1270432472229,-4.983580589294434
278,final,-6.053842067718506,-5.725286960601807
279,final,-5.856512069702148,-5.280880928039551
280,final,-7.274142742156982,-6.383232116699219
281,final,-6.53231954574585,-5.928610801696777
282,final,-6.783264636993408,-6.423758029937744
283,final,-6.78772497177124,-6.701077938079834
284,final,-6.019321918487549,-5.119062423706055
285,final,-5.918128490447998,-5.196130752563477
286,final,-6.8095808029174805,-6.0736613273620605
287,final,-6.853157997131348,-5.599734306335449
288,final,-7.104638576507568,-6.546341419219971
289,final,-6.286462783813477,-5.373821258544922
290,final,-6.3152947425842285,-6.048562049865723
291,final,-6.750765800476074,-5.807586669921875
292,final,-7.054437160491943,-6.347772121429443
293,final,-6.747326850891113,-6.000997543334961
294,final,-5.4134063720703125,-4.827975749969482
295,final,-6.314296722412109,-5.884164810180664
296,final,-6.720980644226074,-5.953472137451172
297,final,-7.478529930114746,-6.475081920623779
298,final,-6.684840202331543,-6.0198445320129395
299,final,-6.7113213539123535,-6.277374267578125
300,final,-6.29340934753418,-5.667739391326904
301,final,-6.536323547363281,-6.0244293212890625
302,final,-5.194395542144775,-4.881839752197266
303,final,-6.133163928985596,-5.386396408081055
304,final,-6.138803482055664,-5.462053298950195
305,final,-6.488134384155273,-5.779877662658691
306,final,-7.67780065536499,-6.717217445373535
307,final,-5.54819917678833,-5.098789691925049
308,final,-5.422403335571289,-4.828111171722412
309,final,-5.124392509460449,-4.699683666229248
310,final,-7.1589674949646,-6.374220371246338
311,final,-5.792428493499756,-5.442507743835449
312,final,-5.821005344390869,-5.255976676940918
313,final,-5.809579849243164,-5.1809306144714355
314,final,-5.611566066741943,-5.252074718475342
315,final,-5.32173490524292,-5.016573905944824
316,final,-4.892401218414307,-4.504685401916504
317,final,-6.4758100509643555,-6.2067484855651855
318,final,-5.139326572418213,-4.877016544342041
319,final,-6.921750545501709,-6.05811071395874
320,final,-4.866724491119385,-4.088376522064209
321,final,-5.6374945640563965,-4.811850070953369
322,final,-6.000772476196289,-5.687116622924805
323,final,-5.813056945800781,-4.926825523376465
324,final,-6.50792121887207,-5.875527381896973
325,final,-5.493989944458008,-5.2069010734558105
326,final,-5.742011070251465,-5.199835300445557
327,final,-6.374448776245117,-5.576970100402832
328,final,-4.843409538269043,-4.426484107971191
329,final,-6.008299827575684,-5.532491683959961
330,final,-5.2176361083984375,-4.732689380645752
331,final,-5.860610008239746,-5.2412004470825195
332,final,-6.3788862228393555,-5.563895225524902
333,final,-5.427796363830566,-4.920641899108887
334,final,-4.801754951477051,-4.367910385131836
335,final,-5.040380477905273,-4.8143110275268555
336,final,-6.585912704467773,-5.8073577880859375
337,final,-5.891840934753418,-5.124870300292969
338,final,-4.298849105834961,-3.924205780029297
339,final,-5.8192853927612305,-5.052305221557617
340,final,-5.0406270027160645,-4.812201499938965
341,final,-7.721961975097656,-6.390970230102539
342,final,-7.498682975769043,-6.230555057525635
343,final,-7.226889133453369,-6.345689296722412
344,final,-6.820823669433594,-5.9400811195373535
345,final,-5.608070373535156,-5.174980163574219
346,final,-6.6967926025390625,-5.562277317047119
347,final,-6.020040988922119,-5.241607189178467
348,final,-6.922205924987793,-5.949280261993408
349,final,-6.6338372230529785,-5.796879291534424
350,final,-6.734097957611084,-6.40985631942749
351,final,-7.736132621765137,-6.675912380218506
352,final,-6.268073558807373,-5.711300373077393
353,final,-6.992938995361328,-5.769049167633057
354,final,-5.263524532318115,-4.656434535980225
355,final,-6.280019283294678,-6.310558795928955
356,final,-7.654977321624756,-7.236871719360352
357,final,-7.841092109680176,-6.9088006019592285
358,final,-6.8810858726501465,-5.473945140838623
359,final,-6.022573947906494,-5.390284061431885
360,final,-6.725773334503174,-5.763885021209717
361,final,-6.620136260986328,-5.604492664337158
362,final,-5.509868621826172,-4.9647088050842285
363,final,-5.624458312988281,-5.665075778961182
364,final,-5.237974643707275,-4.894055366516113
365,final,-5.788640022277832,-5.004740238189697
366,final,-6.570265769958496,-6.105022430419922
367,final,-6.309412002563477,-5.642539978027344
368,final,-6.990200996398926,-6.289565563201904
369,final,-7.415443420410156,-7.063816070556641
370,final,-7.201251029968262,-5.912330150604248
371,final,-7.57030725479126,-7.175240993499756
372,final,-7.76718807220459,-6.587076187133789
373,final,-7.675836086273193,-7.30120849609375
374,final,-6.036618232727051,-5.924280166625977
375,final,-5.603554725646973,-5.368659019470215
376,final,-5.8906450271606445,-5.87722635269165
377,final,-6.620136260986328,-5.604492664337158
378,final,-5.624458312988281,-5.665075778961182
379,final,-6.194108486175537,-6.038480281829834
380,final,-6.119680881500244,-5.833108901977539
381,final,-6.709350109100342,-5.686303615570068
382,final,-6.3957037925720215,-5.470139026641846
383,final,-6.709874629974365,-6.261032581329346
384,final,-5.626169681549072,-5.179986000061035
385,final,-6.308760166168213,-6.062909126281738
386,final,-5.846149921417236,-5.349268913269043
387,final,-7.104138374328613,-6.400529384613037
388,final,-6.59944486618042,-6.153532981872559
389,final,-6.1783623695373535,-5.313260555267334
390,final,-5.694493293762207,-5.697805404663086
391,final,-6.795227527618408,-6.0396881103515625
392,final,-5.872651100158691,-5.394524574279785
393,final,-7.549804210662842,-6.557355880737305
394,final,-6.318345546722412,-5.671248912811279
395,final,-6.981757164001465,-6.681802749633789
396,final,-5.8631792068481445,-5.422619819641113
397,final,-5.9058685302734375,-4.7777485847473145
398,final,-5.979988098144531,-5.52775239944458
399,final,-5.903342247009277,-5.41131591796875
400,final,-6.671339511871338,-5.464237689971924
401,final,-8.47241497039795,-6.07762336730957
402,final,-8.711194038391113,-7.568536281585693
403,final,-6.6541571617126465,-5.630892753601074
404,final,-8.132131576538086,-5.72205924987793
405,final,-7.985506534576416,-5.907764434814453
406,final,-7.127665042877197,-6.151760101318359
407,final,-7.031974792480469,-6.1145453453063965
408,final,-7.644101619720459,-6.086516857147217
409,final,-6.767884731292725,-5.798579216003418
410,final,-6.313528060913086,-4.8728179931640625
411,final,-7.98928165435791,-6.326183319091797
412,final,-7.457736968994141,-5.701328277587891
413,final,-7.596224308013916,-5.73532772064209
414,final,-7.567010879516602,-6.4306206703186035
415,final,-8.20643138885498,-6.507243633270264
416,final,-8.680012702941895,-7.035549163818359
417,final,-7.826216220855713,-6.548001766204834
418,final,-6.240968227386475,-5.226402759552002
419,final,-6.654158115386963,-5.630892753601074
420,final,-6.42597770690918,-5.801429748535156
421,final,-5.3366498947143555,-5.208261966705322
422,final,-6.055863857269287,-5.238300800323486
423,final,-5.8928751945495605,-5.583094596862793
424,final,-5.198422431945801,-5.265700340270996
425,final,-6.693615436553955,-6.011786460876465
426,final,-6.894382953643799,-6.138941287994385
427,final,-7.317443370819092,-6.86707067489624
428,final,-6.8921895027160645,-6.472166061401367
429,final,-5.250914096832275,-5.263962268829346
430,final,-8.072049140930176,-7.280406475067139
431,final,-6.119852066040039,-5.778461456298828
432,final,-5.669997215270996,-5.494332790374756
433,final,-6.603130340576172,-5.460136413574219
434,final,-6.273659706115723,-5.8730788230896
435,final,-5.599706172943115,-5.108730316162109
436,final,-5.548308849334717,-5.111672878265381
437,final,-5.224491596221924,-4.484796047210693
438,final,-5.865289688110352,-5.275702476501465
439,final,-5.705060958862305,-5.58700704574585
440,final,-6.392312526702881,-4.947154998779297
441,final,-4.769794464111328,-4.464569091796875
442,final,-6.205332279205322,-5.161451816558838
443,final,-5.467653751373291,-4.744625091552734
444,final,-5.674951553344727,-4.631015777587891
445,final,-6.420985698699951,-5.9440155029296875
446,final,-6.04254150390625,-5.415505409240723
447,final,-6.320202350616455,-5.476126670837402
448,final,-5.533975124359131,-4.742059707641602
449,final,-4.994673252105713,-4.3049750328063965
450,final,-5.821323871612549,-5.016787528991699
451,final,-5.826279640197754,-4.901254653930664
452,final,-5.889562129974365,-4.827826976776123
453,final,-5.274055004119873,-4.376448154449463
454,final,-5.379701137542725,-4.580801963806152
455,final,-5.749622821807861,-5.235992908477783
456,final,-5.789944648742676,-5.046789169311523
457,final,-5.380737781524658,-4.240789890289307
458,final,-5.517942905426025,-4.633718013763428
459,final,-6.094738483428955,-5.117453575134277
460,final,-6.435344696044922,-5.53560733795166
461,final,-4.4728546142578125,-4.669439315795898
462,final,-4.295917510986328,-4.6745076179504395
463,final,-5.279773235321045,-5.427622318267822
464,final,-5.011960983276367,-4.923340797424316
465,final,-5.111629486083984,-5.245591640472412
466,final,-4.45433235168457,-4.703661918640137
467,final,-4.699088096618652,-4.755380153656006
468,final,-4.9996442794799805,-5.253349304199219
469,final,-5.14671516418457,-5.374464511871338
470,final,-5.440192222595215,-5.562434196472168
471,final,-6.314986228942871,-6.021627902984619
472,final,-5.048985958099365,-5.150521278381348
473,final,-5.266599655151367,-5.199937343597412
474,final,-5.235457420349121,-5.141165733337402
475,final,-4.8583664894104,-5.226578712463379
476,final,-4.5107808113098145,-4.7935380935668945
477,final,-4.752603530883789,-4.956301212310791
478,final,-4.692544937133789,-5.093713760375977
479,final,-4.649093151092529,-4.996432304382324
480,final,-4.817988872528076,-4.765457630157471
481,final,-5.079699993133545,-4.9752020835876465
482,final,-5.606070041656494,-5.604803085327148
483,final,-4.591498374938965,-4.607006549835205
484,final,-4.189701557159424,-4.355970859527588
485,final,-5.230778694152832,-5.200076580047607
486,final,-5.230778694152832,-5.200076580047607
487,final,-5.1350626945495605,-4.96954870223999
488,final,-4.169243335723877,-4.309392929077148
489,final,-6.355625629425049,-5.6539130210876465
490,final,-5.3427863121032715,-5.230077266693115
491,final,-6.338137149810791,-6.237196445465088
492,final,-5.230778694152832,-5.200076580047607
493,final,-4.298539638519287,-4.2951812744140625
494,final,-4.55312442779541,-4.593879222869873
495,final,-5.876431465148926,-5.350520610809326
496,final,-4.17555046081543,-4.268176078796387
497,final,-4.73134183883667,-5.025267124176025
498,final,-4.298539638519287,-4.2951812744140625
499,final,-5.7524495124816895,-5.184497833251953
500,final,-5.116653919219971,-5.2818474769592285
501,final,-4.62537956237793,-4.533351421356201
502,final,-5.097228050231934,-4.9231486320495605
503,final,-6.144948959350586,-6.1460466384887695
504,final,-5.01521635055542,-4.80289888381958
505,final,-4.839938640594482,-4.688114166259766
506,final,-5.446037769317627,-5.24207878112793
507,final,-5.861306667327881,-5.805959701538086
508,final,-4.717161655426025,-4.736895561218262
509,final,-5.2732625007629395,-5.072127819061279
510,final,-6.814879417419434,-6.117247581481934
511,final,-5.776146411895752,-5.676829814910889
512,final,-5.637217044830322,-5.728584289550781
513,final,-5.5362067222595215,-5.4928483963012695
514,final,-5.356128215789795,-5.532338619232178
515,final,-6.077040672302246,-5.70926570892334
516,final,-5.835263729095459,-5.461867332458496
517,final,-4.437180042266846,-4.422831058502197
518,final,-5.496949195861816,-5.554157733917236
519,final,-6.1545586585998535,-5.949820518493652
520,final,-5.905516147613525,-5.303041934967041
521,final,-5.752340793609619,-5.5609540939331055
522,final,-6.316011905670166,-5.549180030822754
523,final,-5.50788688659668,-5.044313907623291
524,final,-4.8572306632995605,-4.476705551147461
525,final,-5.877640724182129,-5.572203636169434
526,final,-4.371756553649902,-4.317625045776367
527,final,-4.964766025543213,-5.072610855102539
528,final,-6.443722724914551,-5.725502014160156
529,final,-5.975595951080322,-5.520689964294434
530,final,-5.394296169281006,-5.053753852844238
531,final,-6.911774635314941,-6.653024196624756
532,final,-7.197243690490723,-6.121121883392334
533,final,-5.670140743255615,-5.2645087242126465
534,final,-6.748382091522217,-5.9576735496521
535,final,-5.316637992858887,-5.1218953132629395
536,final,-5.223840236663818,-5.034445762634277
537,final,-6.911774635314941,-6.653024196624756
538,final,-4.767364501953125,-4.754874229431152
539,final,-5.754613876342773,-5.450005531311035
540,final,-4.912855625152588,-5.0336079597473145
541,final,-4.802241325378418,-4.755778789520264
542,final,-5.147675037384033,-5.0152268409729
543,final,-4.78934907913208,-4.8835015296936035
544,final,-5.112893104553223,-5.127283573150635
545,final,-5.123664855957031,-5.0145111083984375
546,final,-5.111608505249023,-4.854748249053955
547,final,-6.0994367599487305,-5.701448440551758
548,final,-4.788429260253906,-4.602787494659424
549,final,-5.322381973266602,-4.88292932510376
550,final,-5.321553707122803,-5.146718978881836
551,final,-5.370808124542236,-5.42134428024292
552,final,-5.073472023010254,-5.217646598815918
553,final,-6.171498775482178,-5.726548671722412
554,final,-5.559203147888184,-5.261770248413086
555,final,-5.934161186218262,-5.716324329376221
556,final,-4.890350341796875,-4.692890644073486
557,final,-5.01069450378418,-4.924042224884033
558,final,-4.818572521209717,-4.487741470336914
559,final,-4.974752902984619,-5.179293632507324
560,final,-5.631007194519043,-5.447019100189209
561,final,-4.956366539001465,-5.027166843414307
562,final,-5.901623725891113,-5.5581865310668945
563,final,-4.79334831237793,-5.054579257965088
564,final,-5.308509349822998,-5.304834842681885
565,final,-4.316625118255615,-4.3212151527404785
566,final,-5.112851619720459,-5.054264068603516
567,final,-5.5367326736450195,-5.102766513824463
568,final,-5.180401802062988,-4.816625595092773
569,final,-5.252333641052246,-5.225739479064941
570,final,-5.362856864929199,-5.135960578918457
571,final,-5.054620265960693,-4.6739044189453125
572,final,-5.841892719268799,-5.047051429748535
573,final,-5.462092399597168,-5.585127353668213
574,final,-4.211201190948486,-4.164984226226807
575,final,-4.84464168548584,-4.74766731262207
576,final,-4.461625576019287,-4.1886725425720215
577,final,-3.836115837097168,-3.8384923934936523
578,final,-4.291395664215088,-4.635550022125244
579,final,-4.659656047821045,-4.421208381652832
580,final,-5.018941402435303,-4.785426139831543
581,final,-5.329397678375244,-4.7664618492126465
582,final,-4.891605854034424,-4.25300407409668
583,final,-5.452362060546875,-4.296154499053955
584,final,-5.034648418426514,-4.719231605529785
585,final,-4.540220737457275,-4.2343878746032715
586,final,-4.2040276527404785,-3.9532480239868164
587,final,-5.382466793060303,-5.025914192199707
588,final,-5.229259014129639,-4.71122407913208
589,final,-4.988842010498047,-4.27355432510376
590,final,-5.537343978881836,-4.765445709228516
591,final,-4.762771129608154,-4.3929572105407715
592,final,-5.403512477874756,-4.28864049911499
593,final,-4.888558387756348,-4.3522419929504395
594,final,-3.763850688934326,-3.4570364952087402
595,final,-4.920597553253174,-4.5001349449157715
596,final,-4.271050453186035,-4.057351112365723
597,final,-4.8196187019348145,-4.285951137542725
598,final,-4.832525730133057,-4.07079553604126
599,final,-4.086379528045654,-3.584892511367798
600,final,-6.048146724700928,-5.267056465148926
601,final,-6.540248394012451,-5.899049282073975
602,final,-6.766372203826904,-5.80806303024292
603,final,-5.67345666885376,-4.873925685882568
604,final,-6.048146724700928,-5.267056465148926
605,final,-5.131214141845703,-4.327188491821289
606,final,-5.819396495819092,-4.934428691864014
607,final,-5.861893177032471,-5.12631893157959
608,final,-5.790062427520752,-4.716078758239746
609,final,-5.300207138061523,-4.437045097351074
610,final,-4.8876166343688965,-4.203139305114746
611,final,-6.7663726806640625,-5.808062553405762
612,final,-4.905875205993652,-4.20604944229126
613,final,-5.2687907218933105,-4.442713737487793
614,final,-4.382457256317139,-3.8154964447021484
615,final,-5.361566543579102,-4.670773983001709
616,final,-4.907961368560791,-4.297850608825684
617,final,-5.287697792053223,-4.333533763885498
618,final,-5.374361515045166,-4.876972675323486
619,final,-6.11948823928833,-5.23656702041626
620,final,-5.628912448883057,-4.805867671966553
621,final,-5.736310958862305,-4.873265743255615
622,final,-6.443276405334473,-5.910598278045654
623,final,-4.972795486450195,-4.324082374572754
624,final,-5.069312572479248,-4.495081901550293
625,final,-6.194550514221191,-5.553527355194092
626,final,-6.486122131347656,-5.838578701019287
627,final,-4.951393127441406,-4.3639960289001465
628,final,-4.685905456542969,-4.048096179962158
629,final,-6.0496368408203125,-5.407997131347656
630,final,-5.537655830383301,-4.875072956085205
631,final,-5.672947883605957,-4.933733940124512
632,final,-5.074153423309326,-4.577030658721924
633,final,-4.602123737335205,-3.9138565063476562
634,final,-5.728159427642822,-4.911147594451904
635,final,-4.4745965003967285,-3.873988628387451
636,final,-5.78469181060791,-5.20551061630249
637,final,-4.851716995239258,-4.365346908569336
638,final,-5.732804298400879,-5.236364364624023
639,final,-4.8253984451293945,-4.224071502685547
640,final,-5.862611770629883,-4.916644096374512
641,final,-5.865516185760498,-5.065236568450928
642,final,-5.317924499511719,-4.582457542419434
643,final,-5.390483379364014,-4.657329082489014
644,final,-6.364805698394775,-5.292288780212402
645,final,-6.366061687469482,-5.371874809265137
646,final,-7.254904270172119,-6.278162479400635
647,final,-5.063263416290283,-4.0273966789245605
648,final,-6.625946044921875,-5.851761341094971
649,final,-6.666256427764893,-6.103127479553223
650,final,-6.42687463760376,-5.525753974914551
651,final,-5.704259395599365,-4.575389385223389
652,final,-5.119099140167236,-4.078920364379883
653,final,-5.714561462402344,-4.390207290649414
654,final,-5.474828720092773,-4.49928617477417
655,final,-6.702564716339111,-5.409946441650391
656,final,-6.2096734046936035,-4.9066691398620605
657,final,-6.55273962020874,-5.7159810066223145
658,final,-6.861116886138916,-5.578061580657959
659,final,-5.2811279296875,-4.309265613555908
660,final,-5.806543350219727,-4.915127754211426
661,final,-4.983453273773193,-4.143588542938232
662,final,-6.472143173217773,-5.500308990478516
663,final,-5.971247673034668,-5.284939765930176
664,final,-4.840196132659912,-4.88698673248291
665,final,-5.381217002868652,-4.9149394035339355
666,final,-4.697618007659912,-4.451375484466553
667,final,-5.910267353057861,-4.946944236755371
668,final,-4.912350654602051,-4.427530765533447
669,final,-4.40548849105835,-4.154758930206299
670,final,-5.842297554016113,-5.2911529541015625
671,final,-4.9173712730407715,-4.376938819885254
672,final,-5.3209662437438965,-5.020380020141602
673,final,-5.128049850463867,-4.610507965087891
674,final,-5.842297077178955,-5.291152477264404
675,final,-5.576186180114746,-5.440853595733643
676,final,-6.917666435241699,-6.026551246643066
677,final,-5.268843650817871,-4.747204780578613
678,final,-5.660161972045898,-5.174991607666016
679,final,-5.6772894859313965,-5.106622695922852
680,final,-5.116082191467285,-4.600958347320557
681,final,-4.886229991912842,-4.2920637130737305
682,final,-4.781582832336426,-4.516079425811768
683,final,-5.10825777053833,-4.213075160980225
684,final,-5.252367973327637,-4.223947048187256
685,final,-4.684991359710693,-3.6949093341827393
686,final,-5.052829742431641,-4.218048095703125
687,final,-4.090565204620361,-3.740128755569458
688,final,-5.325699806213379,-4.651363372802734
689,final,-5.816864967346191,-4.9395012855529785
690,final,-5.115121841430664,-4.29397439956665
691,final,-4.33810567855835,-3.75329327583313
692,final,-5.593077659606934,-4.947965621948242
693,final,-4.479398250579834,-3.7915537357330322
694,final,-5.333492279052734,-4.850141525268555
695,final,-4.574556827545166,-4.2580156326293945
696,final,-5.168086528778076,-4.765321731567383
697,final,-4.4666337966918945,-3.786336898803711
698,final,-5.281111717224121,-4.506692409515381
699,final,-4.532134056091309,-3.8186235427856445
0,best,-6.302341938018799,-4.467194080352783
1,best,-5.786745071411133,-4.680845737457275
2,best,-5.224321365356445,-4.1194939613342285
3,best,-6.930315971374512,-5.393673419952393
4,best,-6.107205390930176,-4.157445907592773
5,best,-5.6303839683532715,-4.5002617835998535
6,best,-6.840760231018066,-4.98773717880249
7,best,-5.713790416717529,-3.766864061355591
8,best,-5.280280113220215,-3.604748487472534
9,best,-5.224321365356445,-4.1194939613342285
10,best,-6.671271324157715,-4.579005718231201
11,best,-5.204678535461426,-4.1431684494018555
12,best,-5.882963180541992,-3.950485944747925
13,best,-6.729737281799316,-4.836111545562744
14,best,-5.280280113220215,-3.604748487472534
15,best,-6.623132228851318,-4.481342792510986
16,best,-5.646993160247803,-3.862436294555664
17,best,-5.753859043121338,-4.3711466789245605
18,best,-7.465424537658691,-5.54887580871582
19,best,-6.050253868103027,-4.666775226593018
20,best,-5.484771251678467,-4.107693672180176
21,best,-6.005189895629883,-4.459473133087158
22,best,-6.670173645019531,-5.392415523529053
23,best,-6.123449802398682,-4.547245979309082
24,best,-6.750701904296875,-4.923311233520508
25,best,-6.123449802398682,-4.547245979309082
26,best,-7.008393287658691,-5.271289825439453
27,best,-6.8159308433532715,-5.179030895233154
28,best,-5.9716796875,-4.653553009033203
29,best,-7.302767753601074,-5.434685230255127
30,best,-5.906921863555908,-4.465616703033447
31,best,-6.0719146728515625,-4.387694358825684
32,best,-6.670174598693848,-5.392416000366211
33,best,-6.071914196014404,-4.387694835662842
34,best,-5.752995014190674,-4.680225372314453
35,best,-6.8620500564575195,-5.203286647796631
36,best,-5.9716796875,-4.653552532196045
37,best,-6.071914196014404,-4.387694835662842
38,best,-5.416843891143799,-4.089264869689941
39,best,-5.6063055992126465,-4.229309558868408
40,best,-5.861915588378906,-4.201087951660156
41,best,-6.5283074378967285,-4.999292850494385
42,best,-6.360489368438721,-5.132913589477539
43,best,-7.125651836395264,-5.7075581550598145
44,best,-6.363986968994141,-4.495870590209961
45,best,-6.0419487953186035,-4.4619903564453125
46,best,-5.937593936920166,-4.51667594909668
47,best,-6.937283515930176,-5.287964820861816
48,best,-7.0841522216796875,-5.126282215118408
49,best,-6.144015312194824,-4.726720809936523
50,best,-6.377030372619629,-5.010248184204102
51,best,-6.884811878204346,-5.396757125854492
52,best,-7.135370254516602,-5.3753814697265625
53,best,-6.344127655029297,-5.04971981048584
54,best,-6.400659084320068,-5.2691240310668945
55,best,-6.400974750518799,-4.730228900909424
56,best,-6.142572402954102,-4.465168476104736
57,best,-5.628081321716309,-4.333834648132324
58,best,-6.431168079376221,-4.742795467376709
59,best,-6.334100246429443,-4.689506530761719
60,best,-6.718797206878662,-4.9427924156188965
61,best,-8.188150405883789,-5.385337829589844
62,best,-8.037948608398438,-5.683448791503906
63,best,-8.162355422973633,-5.270578861236572
64,best,-7.499209880828857,-5.595283508300781
65,best,-6.3766632080078125,-3.959105968475342
66,best,-7.397602081298828,-5.341922283172607
67,best,-9.068202018737793,-6.21998405456543
68,best,-7.574021816253662,-5.078030586242676
69,best,-7.200575351715088,-4.603466510772705
70,best,-6.827617645263672,-5.001463890075684
71,best,-8.035516738891602,-5.443626403808594
72,best,-6.609170436859131,-4.589807033538818
73,best,-6.253724575042725,-4.871944904327393
74,best,-6.228970050811768,-4.489378929138184
75,best,-6.950860500335693,-4.643494606018066
76,best,-7.408184051513672,-4.785258769989014
77,best,-7.450445652008057,-4.745860576629639
78,best,-6.3009209632873535,-4.7656683921813965
79,best,-7.371189117431641,-5.4651970863342285
80,best,-4.888816833496094,-4.218836784362793
81,best,-5.10770845413208,-4.019284725189209
82,best,-6.303151607513428,-4.958765983581543
83,best,-6.185677528381348,-5.229618549346924
84,best,-5.341323375701904,-4.685573577880859
85,best,-6.755629539489746,-5.464534759521484
86,best,-6.819148063659668,-5.346312046051025
87,best,-5.805423736572266,-5.0272016525268555
88,best,-5.8966965675354,-4.946198463439941
89,best,-4.976025104522705,-4.089269161224365
90,best,-6.0593695640563965,-4.980525016784668
91,best,-7.327903747558594,-6.217403411865234
92,best,-5.321933269500732,-4.174045562744141
93,best,-5.464609146118164,-4.5094523429870605
94,best,-5.652867317199707,-4.458795547485352
95,best,-5.69631814956665,-4.928572177886963
96,best,-5.3285908699035645,-4.431788921356201
97,best,-5.852128028869629,-4.687792778015137
98,best,-6.307504177093506,-5.186716556549072
99,best,-5.350949287414551,-4.471623420715332
100,best,-6.447638988494873,-4.680420875549316
101,best,-6.111882209777832,-4.498073577880859
102,best,-6.510385036468506,-4.466282367706299
103,best,-5.2037739753723145,-3.6433539390563965
104,best,-5.2037739753723145,-3.6433539390563965
105,best,-5.837183475494385,-4.220058441162109
106,best,-5.832783222198486,-4.513583183288574
107,best,-6.698477268218994,-4.756600379943848
108,best,-4.613924980163574,-3.4812936782836914
109,best,-6.740340709686279,-5.14339542388916
110,best,-5.762134075164795,-4.623904705047607
111,best,-5.778281211853027,-4.300640106201172
112,best,-6.027629852294922,-4.778278350830078
113,best,-6.1264262199401855,-4.641483783721924
114,best,-5.322047710418701,-3.890636444091797
115,best,-6.3455810546875,-4.790329456329346
116,best,-7.119100570678711,-5.430459499359131
117,best,-6.058548450469971,-4.6245245933532715
118,best,-5.832783222198486,-4.513583183288574
119,best,-6.998973846435547,-5.309774875640869
120,best,-4.61497688293457,-3.2310445308685303
121,best,-4.72118616104126,-3.3638153076171875
122,best,-5.324814319610596,-3.881962537765503
123,best,-5.485650539398193,-3.6080150604248047
124,best,-5.001507759094238,-3.7075891494750977
125,best,-6.018151760101318,-3.935457944869995
126,best,-6.734461307525635,-4.903979778289795
127,best,-5.637659072875977,-3.7338669300079346
128,best,-5.258270740509033,-3.714571714401245
129,best,-6.038172245025635,-4.225477695465088
130,best,-5.794886112213135,-3.8703386783599854
131,best,-5.567394733428955,-4.287360668182373
132,best,-5.114696025848389,-3.893968343734741
133,best,-6.207486152648926,-4.2116923332214355
134,best,-6.038172245025635,-4.225477695465088
135,best,-5.02271032333374,-3.1722583770751953
136,best,-5.302187919616699,-3.8865115642547607
137,best,-5.02271032333374,-3.1722583770751953
138,best,-6.018152236938477,-3.9354584217071533
139,best,-5.646266937255859,-4.282102108001709
140,best,-5.585971832275391,-4.105295181274414
141,best,-6.188244342803955,-4.72123384475708
142,best,-6.6062774658203125,-4.962708473205566
143,best,-5.144843101501465,-3.631810426712036
144,best,-7.105597019195557,-5.334275722503662
145,best,-6.3720831871032715,-4.373172760009766
146,best,-6.922450065612793,-5.353806495666504
147,best,-7.441219806671143,-5.5265326499938965
148,best,-6.69475793838501,-5.072508335113525
149,best,-6.562980651855469,-4.8915886878967285
150,best,-6.966283321380615,-5.112294673919678
151,best,-6.593113422393799,-4.888093948364258
152,best,-6.848235607147217,-5.168886184692383
153,best,-6.504028797149658,-4.934467315673828
154,best,-5.585971832275391,-4.105295181274414
155,best,-6.922450065612793,-5.353806495666504
156,best,-6.900633811950684,-5.190309524536133
157,best,-6.878936290740967,-5.246161460876465
158,best,-5.855928897857666,-4.380251884460449
159,best,-6.922450065612793,-5.353806495666504
160,best,-7.057534217834473,-4.536900043487549
161,best,-7.539515018463135,-4.6375885009765625
162,best,-6.712741851806641,-4.747155666351318
163,best,-8.114899635314941,-5.453437328338623
164,best,-8.362200736999512,-5.512321949005127
165,best,-5.080198287963867,-3.2162647247314453
166,best,-7.171961307525635,-4.687975883483887
167,best,-8.114899635314941,-5.453437328338623
168,best,-7.325298309326172,-5.055858135223389
169,best,-6.649078845977783,-5.0118303298950195
170,best,-7.7189764976501465,-4.767246246337891
171,best,-7.11575984954834,-4.248424530029297
172,best,-6.289761066436768,-4.696390628814697
173,best,-7.846529960632324,-5.620279788970947
174,best,-6.863746643066406,-4.460348129272461
175,best,-6.9056477546691895,-4.749556064605713
176,best,-7.790406703948975,-4.868991851806641
177,best,-5.878916263580322,-3.8773691654205322
178,best,-6.698707580566406,-4.299418926239014
179,best,-7.528012275695801,-4.924511432647705
180,best,-5.837998390197754,-4.648964881896973
181,best,-4.840490341186523,-3.7853150367736816
182,best,-5.143790245056152,-4.387756824493408
183,best,-5.482296466827393,-4.670456886291504
184,best,-5.938845157623291,-4.792082786560059
185,best,-6.1436638832092285,-4.932913303375244
186,best,-5.832013130187988,-4.551555633544922
187,best,-7.455543041229248,-5.600677490234375
188,best,-4.758376121520996,-4.006263732910156
189,best,-5.808725357055664,-4.998486518859863
190,best,-6.134664058685303,-4.63181209564209
191,best,-5.837998390197754,-4.648964881896973
192,best,-5.901080131530762,-4.985919952392578
193,best,-6.434586524963379,-5.105534076690674
194,best,-5.878436088562012,-4.764585494995117
195,best,-6.063835144042969,-5.022706508636475
196,best,-6.10430908203125,-5.264044761657715
197,best,-6.732053279876709,-5.021578788757324
198,best,-6.715120792388916,-5.457952976226807
199,best,-5.530522346496582,-4.606019973754883
200,best,-4.709030628204346,-3.2657792568206787
201,best,-6.170732021331787,-4.530304908752441
202,best,-5.72070837020874,-4.094672679901123
203,best,-6.095781326293945,-4.316486358642578
204,best,-6.095781326293945,-4.316486358642578
205,best,-5.612372398376465,-4.150788307189941
206,best,-7.20437479019165,-5.318943500518799
207,best,-6.190561771392822,-4.811663627624512
208,best,-6.095781326293945,-4.316486358642578
209,best,-5.612372398376465,-4.150788307189941
210,best,-6.166133880615234,-4.317746162414551
211,best,-6.633058547973633,-4.692103862762451
212,best,-6.633058547973633,-4.692103862762451
213,best,-5.883825302124023,-4.336461067199707
214,best,-6.166133880615234,-4.317746162414551
215,best,-6.112332820892334,-4.3765177726745605
216,best,-6.441537380218506,-4.86285924911499
217,best,-6.858755111694336,-5.20803165435791
218,best,-5.497038841247559,-4.004871368408203
219,best,-5.086853504180908,-3.3381545543670654
220,best,-5.619681358337402,-5.236433029174805
221,best,-5.299496650695801,-5.132607936859131
222,best,-6.018482208251953,-5.508893966674805
223,best,-5.9925642013549805,-5.77036190032959
224,best,-6.290138244628906,-5.853517532348633
225,best,-6.328702926635742,-5.943144798278809
226,best,-5.80091667175293,-5.734199047088623
227,best,-5.709419250488281,-5.114336013793945
228,best,-6.014631271362305,-5.78944206237793
229,best,-6.328702926635742,-5.943144798278809
230,best,-6.023223876953125,-5.311424255371094
231,best,-4.832231521606445,-4.7058939933776855
232,best,-5.533730506896973,-5.063669204711914
233,best,-6.343507289886475,-6.124922752380371
234,best,-6.127723217010498,-5.523120403289795
235,best,-5.94808292388916,-5.434397220611572
236,best,-5.176422119140625,-4.963825702667236
237,best,-5.555126190185547,-5.091256618499756
238,best,-6.263203144073486,-5.675848484039307
239,best,-6.06758975982666,-5.900002956390381
240,best,-5.255563735961914,-5.121143817901611
241,best,-6.0838494300842285,-5.292700290679932
242,best,-6.002748966217041,-5.717238426208496
243,best,-6.059542655944824,-5.705526828765869
244,best,-5.860849857330322,-5.384846210479736
245,best,-6.448394775390625,-6.060115814208984
246,best,-5.734921455383301,-5.56263542175293
247,best,-6.567900657653809,-5.707453727722168
248,best,-6.410567283630371,-5.979658126831055
249,best,-6.3746466636657715,-5.955538749694824
250,best,-5.991214752197266,-5.500739097595215
251,best,-5.643792152404785,-5.164446830749512
252,best,-5.972488880157471,-5.3384575843811035
253,best,-6.224140167236328,-5.862110137939453
254,best,-5.789275169372559,-5.228492259979248
255,best,-6.417105674743652,-5.965651512145996
256,best,-6.55866003036499,-5.91037130355835
257,best,-6.9888153076171875,-6.634839057922363
258,best,-5.490567684173584,-5.122820854187012
259,best,-4.705409526824951,-4.375332355499268
260,best,-5.499059677124023,-5.076478481292725
261,best,-5.623484134674072,-5.5503249168396
262,best,-5.131990909576416,-4.640580177307129
263,best,-5.835461616516113,-5.303402900695801
264,best,-5.927831649780273,-5.3896002769470215
265,best,-6.136918067932129,-5.659548759460449
266,best,-5.557807445526123,-5.240362644195557
267,best,-5.384075164794922,-4.713001728057861
268,best,-5.540488243103027,-5.035506725311279
269,best,-5.712540626525879,-5.4297685623168945
270,best,-6.090408802032471,-5.6620049476623535
271,best,-4.976009845733643,-4.827837944030762
272,best,-5.33529806137085,-4.8616156578063965
273,best,-5.5371809005737305,-4.640036106109619
274,best,-6.102717399597168,-5.616730690002441
275,best,-4.482046127319336,-4.471705913543701
276,best,-5.331587791442871,-4.992978572845459
277,best,-5.1270432472229,-4.983580589294434
278,best,-6.053842067718506,-5.725286960601807
279,best,-5.856512069702148,-5.280880928039551
280,best,-7.274142742156982,-6.383232116699219
281,best,-6.53231954574585,-5.928610801696777
282,best,-6.783264636993408,-6.423758029937744
283,best,-6.78772497177124,-6.701077938079834
284,best,-6.019321918487549,-5.119062423706055
285,best,-5.918128490447998,-5.196130752563477
286,best,-6.8095808029174805,-6.0736613273620605
287,best,-6.853157997131348,-5.599734306335449
288,best,-7.104638576507568,-6.546341419219971
289,best,-6.286462783813477,-5.373821258544922
290,best,-6.3152947425842285,-6.048562049865723
291,best,-6.750765800476074,-5.807586669921875
292,best,-7.054437160491943,-6.347772121429443
293,best,-6.747326850891113,-6.000997543334961
294,best,-5.4134063720703125,-4.827975749969482
295,best,-6.314296722412109,-5.884164810180664
296,best,-6.720980644226074,-5.953472137451172
297,best,-7.478529930114746,-6.475081920623779
298,best,-6.684840202331543,-6.0198445320129395
299,best,-6.7113213539123535,-6.277374267578125
300,best,-6.29340934753418,-5.667739391326904
301,best,-6.536323547363281,-6.0244293212890625
302,best,-5.194395542144775,-4.881839752197266
303,best,-6.133163928985596,-5.386396408081055
304,best,-6.138803482055664,-5.462053298950195
305,best,-6.488134384155273,-5.779877662658691
306,best,-7.67780065536499,-6.717217445373535
307,best,-5.54819917678833,-5.098789691925049
308,best,-5.422403335571289,-4.828111171722412
309,best,-5.124392509460449,-4.699683666229248
310,best,-7.1589674949646,-6.374220371246338
311,best,-5.792428493499756,-5.442507743835449
312,best,-5.821005344390869,-5.255976676940918
313,best,-5.809579849243164,-5.1809306144714355
314,best,-5.611566066741943,-5.252074718475342
315,best,-5.32173490524292,-5.016573905944824
316,best,-4.892401218414307,-4.504685401916504
317,best,-6.4758100509643555,-6.2067484855651855
318,best,-5.139326572418213,-4.877016544342041
319,best,-6.921750545501709,-6.05811071395874
320,best,-4.866724491119385,-4.088376522064209
321,best,-5.6374945640563965,-4.811850070953369
322,best,-6.000772476196289,-5.687116622924805
323,best,-5.813056945800781,-4.926825523376465
324,best,-6.50792121887207,-5.875527381896973
325,best,-5.493989944458008,-5.2069010734558105
326,best,-5.742011070251465,-5.199835300445557
327,best,-6.374448776245117,-5.576970100402832
328,best,-4.843409538269043,-4.426484107971191
329,best,-6.008299827575684,-5.532491683959961
330,best,-5.2176361083984375,-4.732689380645752
331,best,-5.860610008239746,-5.2412004470825195
332,best,-6.3788862228393555,-5.563895225524902
333,best,-5.427796363830566,-4.920641899108887
334,best,-4.801754951477051,-4.367910385131836
335,best,-5.040380477905273,-4.8143110275268555
336,best,-6.585912704467773,-5.8073577880859375
337,best,-5.891840934753418,-5.124870300292969
338,best,-4.298849105834961,-3.924205780029297
339,best,-5.8192853927612305,-5.052305221557617
340,best,-5.0406270027160645,-4.812201499938965
341,best,-7.721961975097656,-6.390970230102539
342,best,-7.498682975769043,-6.230555057525635
343,best,-7.226889133453369,-6.345689296722412
344,best,-6.820823669433594,-5.9400811195373535
345,best,-5.608070373535156,-5.174980163574219
346,best,-6.6967926025390625,-5.562277317047119
347,best,-6.020040988922119,-5.241607189178467
348,best,-6.922205924987793,-5.949280261993408
349,best,-6.6338372230529785,-5.796879291534424
350,best,-6.734097957611084,-6.40985631942749
351,best,-7.736132621765137,-6.675912380218506
352,best,-6.268073558807373,-5.711300373077393
353,best,-6.992938995361328,-5.769049167633057
354,best,-5.263524532318115,-4.656434535980225
355,best,-6.280019283294678,-6.310558795928955
356,best,-7.654977321624756,-7.236871719360352
357,best,-7.841092109680176,-6.9088006019592285
358,best,-6.8810858726501465,-5.473945140838623
359,best,-6.022573947906494,-5.390284061431885
360,best,-6.725773334503174,-5.763885021209717
361,best,-6.620136260986328,-5.604492664337158
362,best,-5.509868621826172,-4.9647088050842285
363,best,-5.624458312988281,-5.665075778961182
364,best,-5.237974643707275,-4.894055366516113
365,best,-5.788640022277832,-5.004740238189697
366,best,-6.570265769958496,-6.105022430419922
367,best,-6.309412002563477,-5.642539978027344
368,best,-6.990200996398926,-6.289565563201904
369,best,-7.415443420410156,-7.063816070556641
370,best,-7.201251029968262,-5.912330150604248
371,best,-7.57030725479126,-7.175240993499756
372,best,-7.76718807220459,-6.587076187133789
373,best,-7.675836086273193,-7.30120849609375
374,best,-6.036618232727051,-5.924280166625977
375,best,-5.603554725646973,-5.368659019470215
376,best,-5.8906450271606445,-5.87722635269165
377,best,-6.620136260986328,-5.604492664337158
378,best,-5.624458312988281,-5.665075778961182
379,best,-6.194108486175537,-6.038480281829834
380,best,-6.119680881500244,-5.833108901977539
381,best,-6.709350109100342,-5.686303615570068
382,best,-6.3957037925720215,-5.470139026641846
383,best,-6.709874629974365,-6.261032581329346
384,best,-5.626169681549072,-5.179986000061035
385,best,-6.308760166168213,-6.062909126281738
386,best,-5.846149921417236,-5.349268913269043
387,best,-7.104138374328613,-6.400529384613037
388,best,-6.59944486618042,-6.153532981872559
389,best,-6.1783623695373535,-5.313260555267334
390,best,-5.694493293762207,-5.697805404663086
391,best,-6.795227527618408,-6.0396881103515625
392,best,-5.872651100158691,-5.394524574279785
393,best,-7.549804210662842,-6.557355880737305
394,best,-6.318345546722412,-5.671248912811279
395,best,-6.981757164001465,-6.681802749633789
396,best,-5.8631792068481445,-5.422619819641113
397,best,-5.9058685302734375,-4.7777485847473145
398,best,-5.979988098144531,-5.52775239944458
399,best,-5.903342247009277,-5.41131591796875
400,best,-6.671339511871338,-5.464237689971924
401,best,-8.47241497039795,-6.07762336730957
402,best,-8.711194038391113,-7.568536281585693
403,best,-6.6541571617126465,-5.630892753601074
404,best,-8.132131576538086,-5.72205924987793
405,best,-7.985506534576416,-5.907764434814453
406,best,-7.127665042877197,-6.151760101318359
407,best,-7.031974792480469,-6.1145453453063965
408,best,-7.644101619720459,-6.086516857147217
409,best,-6.767884731292725,-5.798579216003418
410,best,-6.313528060913086,-4.8728179931640625
411,best,-7.98928165435791,-6.326183319091797
412,best,-7.457736968994141,-5.701328277587891
413,best,-7.596224308013916,-5.73532772064209
414,best,-7.567010879516602,-6.4306206703186035
415,best,-8.20643138885498,-6.507243633270264
416,best,-8.680012702941895,-7.035549163818359
417,best,-7.826216220855713,-6.548001766204834
418,best,-6.240968227386475,-5.226402759552002
419,best,-6.654158115386963,-5.630892753601074
420,best,-6.42597770690918,-5.801429748535156
421,best,-5.3366498947143555,-5.208261966705322
422,best,-6.055863857269287,-5.238300800323486
423,best,-5.8928751945495605,-5.583094596862793
424,best,-5.198422431945801,-5.265700340270996
425,best,-6.693615436553955,-6.011786460876465
426,best,-6.894382953643799,-6.138941287994385
427,best,-7.317443370819092,-6.86707067489624
428,best,-6.8921895027160645,-6.472166061401367
429,best,-5.250914096832275,-5.263962268829346
430,best,-8.072049140930176,-7.280406475067139
431,best,-6.119852066040039,-5.778461456298828
432,best,-5.669997215270996,-5.494332790374756
433,best,-6.603130340576172,-5.460136413574219
434,best,-6.273659706115723,-5.8730788230896
435,best,-5.599706172943115,-5.108730316162109
436,best,-5.548308849334717,-5.111672878265381
437,best,-5.224491596221924,-4.484796047210693
438,best,-5.865289688110352,-5.275702476501465
439,best,-5.705060958862305,-5.58700704574585
440,best,-6.392312526702881,-4.947154998779297
441,best,-4.769794464111328,-4.464569091796875
442,best,-6.205332279205322,-5.161451816558838
443,best,-5.467653751373291,-4.744625091552734
444,best,-5.674951553344727,-4.631015777587891
445,best,-6.420985698699951,-5.9440155029296875
446,best,-6.04254150390625,-5.415505409240723
447,best,-6.320202350616455,-5.476126670837402
448,best,-5.533975124359131,-4.742059707641602
449,best,-4.994673252105713,-4.3049750328063965
450,best,-5.821323871612549,-5.016787528991699
451,best,-5.826279640197754,-4.901254653930664
452,best,-5.889562129974365,-4.827826976776123
453,best,-5.274055004119873,-4.376448154449463
454,best,-5.379701137542725,-4.580801963806152
455,best,-5.749622821807861,-5.235992908477783
456,best,-5.789944648742676,-5.046789169311523
457,best,-5.380737781524658,-4.240789890289307
458,best,-5.517942905426025,-4.633718013763428
459,best,-6.094738483428955,-5.117453575134277
460,best,-6.435344696044922,-5.53560733795166
461,best,-4.4728546142578125,-4.669439315795898
462,best,-4.295917510986328,-4.6745076179504395
463,best,-5.279773235321045,-5.427622318267822
464,best,-5.011960983276367,-4.923340797424316
465,best,-5.111629486083984,-5.245591640472412
466,best,-4.45433235168457,-4.703661918640137
467,best,-4.699088096618652,-4.755380153656006
468,best,-4.9996442794799805,-5.253349304199219
469,best,-5.14671516418457,-5.374464511871338
470,best,-5.440192222595215,-5.562434196472168
471,best,-6.314986228942871,-6.021627902984619
472,best,-5.048985958099365,-5.150521278381348
473,best,-5.266599655151367,-5.199937343597412
474,best,-5.235457420349121,-5.141165733337402
475,best,-4.8583664894104,-5.226578712463379
476,best,-4.5107808113098145,-4.7935380935668945
477,best,-4.752603530883789,-4.956301212310791
478,best,-4.692544937133789,-5.093713760375977
479,best,-4.649093151092529,-4.996432304382324
480,best,-4.817988872528076,-4.765457630157471
481,best,-5.079699993133545,-4.9752020835876465
482,best,-5.606070041656494,-5.604803085327148
483,best,-4.591498374938965,-4.607006549835205
484,best,-4.189701557159424,-4.355970859527588
485,best,-5.230778694152832,-5.200076580047607
486,best,-5.230778694152832,-5.200076580047607
487,best,-5.1350626945495605,-4.96954870223999
488,best,-4.169243335723877,-4.309392929077148
489,best,-6.355625629425049,-5.6539130210876465
490,best,-5.3427863121032715,-5.230077266693115
491,best,-6.338137149810791,-6.237196445465088
492,best,-5.230778694152832,-5.200076580047607
493,best,-4.298539638519287,-4.2951812744140625
494,best,-4.55312442779541,-4.593879222869873
495,best,-5.876431465148926,-5.350520610809326
496,best,-4.17555046081543,-4.268176078796387
497,best,-4.73134183883667,-5.025267124176025
498,best,-4.298539638519287,-4.2951812744140625
499,best,-5.7524495124816895,-5.184497833251953
500,best,-5.116653919219971,-5.2818474769592285
501,best,-4.62537956237793,-4.533351421356201
502,best,-5.097228050231934,-4.9231486320495605
503,best,-6.144948959350586,-6.1460466384887695
504,best,-5.01521635055542,-4.80289888381958
505,best,-4.839938640594482,-4.688114166259766
506,best,-5.446037769317627,-5.24207878112793
507,best,-5.861306667327881,-5.805959701538086
508,best,-4.717161655426025,-4.736895561218262
509,best,-5.2732625007629395,-5.072127819061279
510,best,-6.814879417419434,-6.117247581481934
511,best,-5.776146411895752,-5.676829814910889
512,best,-5.637217044830322,-5.728584289550781
513,best,-5.5362067222595215,-5.4928483963012695
514,best,-5.356128215789795,-5.532338619232178
515,best,-6.077040672302246,-5.70926570892334
516,best,-5.835263729095459,-5.461867332458496
517,best,-4.437180042266846,-4.422831058502197
518,best,-5.496949195861816,-5.554157733917236
519,best,-6.1545586585998535,-5.949820518493652
520,best,-5.905516147613525,-5.303041934967041
521,best,-5.752340793609619,-5.5609540939331055
522,best,-6.316011905670166,-5.549180030822754
523,best,-5.50788688659668,-5.044313907623291
524,best,-4.8572306632995605,-4.476705551147461
525,best,-5.877640724182129,-5.572203636169434
526,best,-4.371756553649902,-4.317625045776367
527,best,-4.964766025543213,-5.072610855102539
528,best,-6.443722724914551,-5.725502014160156
529,best,-5.975595951080322,-5.520689964294434
530,best,-5.394296169281006,-5.053753852844238
531,best,-6.911774635314941,-6.653024196624756
532,best,-7.197243690490723,-6.121121883392334
533,best,-5.670140743255615,-5.2645087242126465
534,best,-6.748382091522217,-5.9576735496521
535,best,-5.316637992858887,-5.1218953132629395
536,best,-5.223840236663818,-5.034445762634277
537,best,-6.911774635314941,-6.653024196624756
538,best,-4.767364501953125,-4.754874229431152
539,best,-5.754613876342773,-5.450005531311035
540,best,-4.912855625152588,-5.0336079597473145
541,best,-4.802241325378418,-4.755778789520264
542,best,-5.147675037384033,-5.0152268409729
543,best,-4.78934907913208,-4.8835015296936035
544,best,-5.112893104553223,-5.127283573150635
545,best,-5.123664855957031,-5.0145111083984375
546,best,-5.111608505249023,-4.854748249053955
547,best,-6.0994367599487305,-5.701448440551758
548,best,-4.788429260253906,-4.602787494659424
549,best,-5.322381973266602,-4.88292932510376
550,best,-5.321553707122803,-5.146718978881836
551,best,-5.370808124542236,-5.42134428024292
552,best,-5.073472023010254,-5.217646598815918
553,best,-6.171498775482178,-5.726548671722412
554,best,-5.559203147888184,-5.261770248413086
555,best,-5.934161186218262,-5.716324329376221
556,best,-4.890350341796875,-4.692890644073486
557,best,-5.01069450378418,-4.924042224884033
558,best,-4.818572521209717,-4.487741470336914
559,best,-4.974752902984619,-5.179293632507324
560,best,-5.631007194519043,-5.447019100189209
561,best,-4.956366539001465,-5.027166843414307
562,best,-5.901623725891113,-5.5581865310668945
563,best,-4.79334831237793,-5.054579257965088
564,best,-5.308509349822998,-5.304834842681885
565,best,-4.316625118255615,-4.3212151527404785
566,best,-5.112851619720459,-5.054264068603516
567,best,-5.5367326736450195,-5.102766513824463
568,best,-5.180401802062988,-4.816625595092773
569,best,-5.252333641052246,-5.225739479064941
570,best,-5.362856864929199,-5.135960578918457
571,best,-5.054620265960693,-4.6739044189453125
572,best,-5.841892719268799,-5.047051429748535
573,best,-5.462092399597168,-5.585127353668213
574,best,-4.211201190948486,-4.164984226226807
575,best,-4.84464168548584,-4.74766731262207
576,best,-4.461625576019287,-4.1886725425720215
577,best,-3.836115837097168,-3.8384923934936523
578,best,-4.291395664215088,-4.635550022125244
579,best,-4.659656047821045,-4.421208381652832
580,best,-5.018941402435303,-4.785426139831543
581,best,-5.329397678375244,-4.7664618492126465
582,best,-4.891605854034424,-4.25300407409668
583,best,-5.452362060546875,-4.296154499053955
584,best,-5.034648418426514,-4.719231605529785
585,best,-4.540220737457275,-4.2343878746032715
586,best,-4.2040276527404785,-3.9532480239868164
587,best,-5.382466793060303,-5.025914192199707
588,best,-5.229259014129639,-4.71122407913208
589,best,-4.988842010498047,-4.27355432510376
590,best,-5.537343978881836,-4.765445709228516
591,best,-4.762771129608154,-4.3929572105407715
592,best,-5.403512477874756,-4.28864049911499
593,best,-4.888558387756348,-4.3522419929504395
594,best,-3.763850688934326,-3.4570364952087402
595,best,-4.920597553253174,-4.5001349449157715
596,best,-4.271050453186035,-4.057351112365723
597,best,-4.8196187019348145,-4.285951137542725
598,best,-4.832525730133057,-4.07079553604126
599,best,-4.086379528045654,-3.584892511367798
600,best,-6.048146724700928,-5.267056465148926
601,best,-6.540248394012451,-5.899049282073975
602,best,-6.766372203826904,-5.80806303024292
603,best,-5.67345666885376,-4.873925685882568
604,best,-6.048146724700928,-5.267056465148926
605,best,-5.131214141845703,-4.327188491821289
606,best,-5.819396495819092,-4.934428691864014
607,best,-5.861893177032471,-5.12631893157959
608,best,-5.790062427520752,-4.716078758239746
609,best,-5.300207138061523,-4.437045097351074
610,best,-4.8876166343688965,-4.203139305114746
611,best,-6.7663726806640625,-5.808062553405762
612,best,-4.905875205993652,-4.20604944229126
613,best,-5.2687907218933105,-4.442713737487793
614,best,-4.382457256317139,-3.8154964447021484
615,best,-5.361566543579102,-4.670773983001709
616,best,-4.907961368560791,-4.297850608825684
617,best,-5.287697792053223,-4.333533763885498
618,best,-5.374361515045166,-4.876972675323486
619,best,-6.11948823928833,-5.23656702041626
620,best,-5.628912448883057,-4.805867671966553
621,best,-5.736310958862305,-4.873265743255615
622,best,-6.443276405334473,-5.910598278045654
623,best,-4.972795486450195,-4.324082374572754
624,best,-5.069312572479248,-4.495081901550293
625,best,-6.194550514221191,-5.553527355194092
626,best,-6.486122131347656,-5.838578701019287
627,best,-4.951393127441406,-4.3639960289001465
628,best,-4.685905456542969,-4.048096179962158
629,best,-6.0496368408203125,-5.407997131347656
630,best,-5.537655830383301,-4.875072956085205
631,best,-5.672947883605957,-4.933733940124512
632,best,-5.074153423309326,-4.577030658721924
633,best,-4.602123737335205,-3.9138565063476562
634,best,-5.728159427642822,-4.911147594451904
635,best,-4.4745965003967285,-3.873988628387451
636,best,-5.78469181060791,-5.20551061630249
637,best,-4.851716995239258,-4.365346908569336
638,best,-5.732804298400879,-5.236364364624023
639,best,-4.8253984451293945,-4.224071502685547
640,best,-5.862611770629883,-4.916644096374512
641,best,-5.865516185760498,-5.065236568450928
642,best,-5.317924499511719,-4.582457542419434
643,best,-5.390483379364014,-4.657329082489014
644,best,-6.364805698394775,-5.292288780212402
645,best,-6.366061687469482,-5.371874809265137
646,best,-7.254904270172119,-6.278162479400635
647,best,-5.063263416290283,-4.0273966789245605
648,best,-6.625946044921875,-5.851761341094971
649,best,-6.666256427764893,-6.103127479553223
650,best,-6.42687463760376,-5.525753974914551
651,best,-5.704259395599365,-4.575389385223389
652,best,-5.119099140167236,-4.078920364379883
653,best,-5.714561462402344,-4.390207290649414
654,best,-5.474828720092773,-4.49928617477417
655,best,-6.702564716339111,-5.409946441650391
656,best,-6.2096734046936035,-4.9066691398620605
657,best,-6.55273962020874,-5.7159810066223145
658,best,-6.861116886138916,-5.578061580657959
659,best,-5.2811279296875,-4.309265613555908
660,best,-5.806543350219727,-4.915127754211426
661,best,-4.983453273773193,-4.143588542938232
662,best,-6.472143173217773,-5.500308990478516
663,best,-5.971247673034668,-5.284939765930176
664,best,-4.840196132659912,-4.88698673248291
665,best,-5.381217002868652,-4.9149394035339355
666,best,-4.697618007659912,-4.451375484466553
667,best,-5.910267353057861,-4.946944236755371
668,best,-4.912350654602051,-4.427530765533447
669,best,-4.40548849105835,-4.154758930206299
670,best,-5.842297554016113,-5.2911529541015625
671,best,-4.9173712730407715,-4.376938819885254
672,best,-5.3209662437438965,-5.020380020141602
673,best,-5.128049850463867,-4.610507965087891
674,best,-5.842297077178955,-5.291152477264404
675,best,-5.576186180114746,-5.440853595733643
676,best,-6.917666435241699,-6.026551246643066
677,best,-5.268843650817871,-4.747204780578613
678,best,-5.660161972045898,-5.174991607666016
679,best,-5.6772894859313965,-5.106622695922852
680,best,-5.116082191467285,-4.600958347320557
681,best,-4.886229991912842,-4.2920637130737305
682,best,-4.781582832336426,-4.516079425811768
683,best,-5.10825777053833,-4.213075160980225
684,best,-5.252367973327637,-4.223947048187256
685,best,-4.684991359710693,-3.6949093341827393
686,best,-5.052829742431641,-4.218048095703125
687,best,-4.090565204620361,-3.740128755569458
688,best,-5.325699806213379,-4.651363372802734
689,best,-5.816864967346191,-4.9395012855529785
690,best,-5.115121841430664,-4.29397439956665
691,best,-4.33810567855835,-3.75329327583313
692,best,-5.593077659606934,-4.947965621948242
693,best,-4.479398250579834,-3.7915537357330322
694,best,-5.333492279052734,-4.850141525268555
695,best,-4.574556827545166,-4.2580156326293945
696,best,-5.168086528778076,-4.765321731567383
697,best,-4.4666337966918945,-3.786336898803711
698,best,-5.281111717224121,-4.506692409515381
699,best,-4.532134056091309,-3.8186235427856445
