item_id,model_state,do,pp
0,initial,-8.091391563415527,-7.509175777435303
1,initial,-8.735631942749023,-8.341025352478027
2,initial,-7.702147006988525,-7.264617443084717
3,initial,-9.459579467773438,-8.798312187194824
4,initial,-8.022226333618164,-6.438283443450928
5,initial,-8.718450546264648,-7.971354007720947
6,initial,-9.77222728729248,-9.0900239944458
7,initial,-8.510189056396484,-7.7569756507873535
8,initial,-7.859857559204102,-6.631525993347168
9,initial,-7.702147006988525,-7.264617443084717
10,initial,-9.656567573547363,-8.214512825012207
11,initial,-7.402956008911133,-6.925510883331299
12,initial,-8.46008014678955,-7.102003574371338
13,initial,-9.57214641571045,-8.229214668273926
14,initial,-7.859857559204102,-6.631525993347168
15,initial,-9.573777198791504,-8.539345741271973
16,initial,-7.6154937744140625,-6.985599517822266
17,initial,-8.242560386657715,-7.917106628417969
18,initial,-9.832707405090332,-9.3252534866333
19,initial,-7.475454807281494,-7.013786315917969
20,initial,-7.479835510253906,-7.3302717208862305
21,initial,-8.28139591217041,-7.713405132293701
22,initial,-9.425176620483398,-8.545626640319824
23,initial,-7.930715084075928,-7.414078712463379
24,initial,-9.267030715942383,-8.429322242736816
25,initial,-7.930715084075928,-7.414078712463379
26,initial,-9.66260814666748,-8.861456871032715
27,initial,-9.382524490356445,-9.27989673614502
28,initial,-7.5514678955078125,-7.5584716796875
29,initial,-9.70825481414795,-8.678072929382324
30,initial,-7.796336650848389,-7.639793395996094
31,initial,-8.87966251373291,-8.040658950805664
32,initial,-9.425176620483398,-8.545626640319824
33,initial,-8.87966251373291,-8.040658950805664
34,initial,-8.406103134155273,-8.111797332763672
35,initial,-9.247636795043945,-8.926769256591797
36,initial,-7.551466464996338,-7.5584716796875
37,initial,-8.87966251373291,-8.040658950805664
38,initial,-7.602968692779541,-7.579348087310791
39,initial,-7.338442325592041,-6.959558963775635
40,initial,-7.768643856048584,-7.30535364151001
41,initial,-7.575087070465088,-6.829796314239502
42,initial,-7.33502721786499,-6.731217384338379
43,initial,-8.391547203063965,-8.107361793518066
44,initial,-8.44440746307373,-7.052335262298584
45,initial,-7.7195940017700195,-7.223054885864258
46,initial,-8.170348167419434,-6.97358512878418
47,initial,-7.993310451507568,-7.3042449951171875
48,initial,-8.977337837219238,-8.274150848388672
49,initial,-7.935665130615234,-7.074538707733154
50,initial,-8.272534370422363,-7.8092145919799805
51,initial,-8.961546897888184,-8.08206558227539
52,initial,-8.121441841125488,-7.361865520477295
53,initial,-8.495491981506348,-7.815036773681641
54,initial,-8.06864070892334,-7.543447494506836
55,initial,-7.971893310546875,-7.052393913269043
56,initial,-7.828526496887207,-6.845696926116943
57,initial,-6.826724052429199,-6.500354766845703
58,initial,-8.02149772644043,-7.097092628479004
59,initial,-7.725991249084473,-6.702605247497559
60,initial,-8.631865501403809,-8.499469757080078
61,initial,-9.218202590942383,-8.191451072692871
62,initial,-10.863181114196777,-9.897964477539062
63,initial,-9.83207893371582,-9.170123100280762
64,initial,-8.426148414611816,-7.833858966827393
65,initial,-7.738527774810791,-7.933105945587158
66,initial,-8.101081848144531,-7.614388465881348
67,initial,-10.852855682373047,-10.250303268432617
68,initial,-8.682915687561035,-8.20782470703125
69,initial,-8.29587459564209,-7.792477130889893
70,initial,-8.489216804504395,-7.9205098152160645
71,initial,-9.348348617553711,-9.333396911621094
72,initial,-7.152597427368164,-6.915314197540283
73,initial,-7.956073760986328,-7.844810485839844
74,initial,-7.2574310302734375,-7.32534646987915
75,initial,-9.705572128295898,-8.821454048156738
76,initial,-8.468277931213379,-7.7305192947387695
77,initial,-9.682488441467285,-9.144201278686523
78,initial,-7.841841220855713,-7.505059242248535
79,initial,-8.32266616821289,-7.51324987411499
80,initial,-6.190948486328125,-6.126264572143555
81,initial,-6.117303371429443,-5.968320369720459
82,initial,-8.628209114074707,-7.707601547241211
83,initial,-7.218400478363037,-6.570680141448975
84,initial,-6.800029277801514,-6.72877836227417
85,initial,-8.641641616821289,-8.078343391418457
86,initial,-7.993341445922852,-7.564626693725586
87,initial,-6.844651699066162,-6.729384422302246
88,initial,-7.187707901000977,-6.898190021514893
89,initial,-5.788175582885742,-5.817896366119385
90,initial,-7.210469722747803,-6.255550861358643
91,initial,-9.407461166381836,-8.826766967773438
92,initial,-6.398425579071045,-5.921433448791504
93,initial,-7.213506698608398,-7.249479293823242
94,initial,-7.139439582824707,-7.142411231994629
95,initial,-7.024847984313965,-6.976274490356445
96,initial,-6.760848045349121,-6.366235733032227
97,initial,-7.202513217926025,-6.576910018920898
98,initial,-8.645438194274902,-8.439092636108398
99,initial,-6.898236274719238,-6.518433570861816
100,initial,-8.531291007995605,-7.27909517288208
101,initial,-7.911185264587402,-6.932427883148193
102,initial,-8.97754955291748,-8.117555618286133
103,initial,-7.665944576263428,-6.584183692932129
104,initial,-7.665944576263428,-6.584183692932129
105,initial,-7.828298091888428,-6.936777591705322
106,initial,-8.59337043762207,-7.846027374267578
107,initial,-8.33743953704834,-7.384119510650635
108,initial,-7.086008548736572,-6.424134254455566
109,initial,-9.522880554199219,-8.714903831481934
110,initial,-9.083690643310547,-8.114602088928223
111,initial,-7.916754245758057,-7.207742691040039
112,initial,-8.979297637939453,-7.994585990905762
113,initial,-8.797839164733887,-7.862074375152588
114,initial,-7.560697078704834,-6.995768070220947
115,initial,-8.146204948425293,-7.472735404968262
116,initial,-9.381073951721191,-8.190384864807129
117,initial,-9.045693397521973,-7.9127984046936035
118,initial,-8.59337043762207,-7.846027374267578
119,initial,-9.539085388183594,-8.20578384399414
120,initial,-8.111940383911133,-6.767890930175781
121,initial,-7.997495651245117,-6.616061687469482
122,initial,-8.698395729064941,-7.222492694854736
123,initial,-8.001317977905273,-6.331140995025635
124,initial,-8.070696830749512,-7.271987438201904
125,initial,-10.226935386657715,-8.076213836669922
126,initial,-9.818504333496094,-8.6591157913208
127,initial,-9.448678970336914,-7.182052135467529
128,initial,-8.319852828979492,-6.917612552642822
129,initial,-10.076337814331055,-8.150221824645996
130,initial,-8.214533805847168,-6.640533447265625
131,initial,-7.499528408050537,-6.76556921005249
132,initial,-7.948098659515381,-7.03912878036499
133,initial,-10.005517959594727,-8.096877098083496
134,initial,-10.076337814331055,-8.150221824645996
135,initial,-7.975318908691406,-6.8030242919921875
136,initial,-7.604776382446289,-6.577151775360107
137,initial,-7.975318908691406,-6.8030242919921875
138,initial,-10.226934432983398,-8.076212882995605
139,initial,-8.093376159667969,-6.96228551864624
140,initial,-7.270397186279297,-6.770019054412842
141,initial,-8.132341384887695,-7.041092872619629
142,initial,-7.782292366027832,-6.8132829666137695
143,initial,-6.9437150955200195,-6.098507404327393
144,initial,-8.686511039733887,-8.063178062438965
145,initial,-7.581345558166504,-6.422863960266113
146,initial,-8.884832382202148,-7.742099761962891
147,initial,-9.048661231994629,-8.299317359924316
148,initial,-7.876256465911865,-6.783040523529053
149,initial,-7.677582740783691,-6.710073471069336
150,initial,-8.257548332214355,-7.47109317779541
151,initial,-8.345132827758789,-7.590943336486816
152,initial,-8.903202056884766,-7.568291187286377
153,initial,-8.502779006958008,-7.6060028076171875
154,initial,-7.270397186279297,-6.770019054412842
155,initial,-8.884832382202148,-7.742099761962891
156,initial,-8.98760986328125,-7.832045555114746
157,initial,-8.846587181091309,-7.650203704833984
158,initial,-7.68444299697876,-6.742579460144043
159,initial,-8.884832382202148,-7.742099761962891
160,initial,-9.086278915405273,-8.13465404510498
161,initial,-8.680086135864258,-7.18400239944458
162,initial,-8.186341285705566,-7.875362873077393
163,initial,-9.640222549438477,-8.945651054382324
164,initial,-10.460411071777344,-9.323868751525879
165,initial,-7.319416046142578,-6.877937316894531
166,initial,-8.540162086486816,-7.780213832855225
167,initial,-9.640222549438477,-8.945651054382324
168,initial,-8.781359672546387,-7.390178680419922
169,initial,-8.028553009033203,-7.550495624542236
170,initial,-9.974458694458008,-8.312620162963867
171,initial,-9.070615768432617,-7.893415451049805
172,initial,-8.002110481262207,-7.5090179443359375
173,initial,-10.164745330810547,-9.214913368225098
174,initial,-9.859365463256836,-9.014720916748047
175,initial,-8.667129516601562,-7.936152458190918
176,initial,-10.094889640808105,-8.950705528259277
177,initial,-8.268893241882324,-7.401209354400635
178,initial,-8.121634483337402,-6.945925712585449
179,initial,-9.500950813293457,-7.529019832611084
180,initial,-7.222999095916748,-6.850992679595947
181,initial,-6.113555908203125,-5.947997093200684
182,initial,-6.648698329925537,-6.444160461425781
183,initial,-7.076251029968262,-6.621987819671631
184,initial,-7.051858901977539,-6.079564094543457
185,initial,-8.035313606262207,-7.633541584014893
186,initial,-7.43128776550293,-7.314554691314697
187,initial,-9.11480712890625,-8.055030822753906
188,initial,-6.437962532043457,-6.006931781768799
189,initial,-7.732244491577148,-7.015050411224365
190,initial,-8.092365264892578,-6.870865345001221
191,initial,-7.222999095916748,-6.850992679595947
192,initial,-7.512750625610352,-7.106265068054199
193,initial,-7.954020977020264,-7.455028057098389
194,initial,-7.3389434814453125,-6.926649570465088
195,initial,-8.170458793640137,-7.610014915466309
196,initial,-7.695897579193115,-7.060040473937988
197,initial,-8.118149757385254,-6.812049388885498
198,initial,-8.684630393981934,-8.108563423156738
199,initial,-7.19578742980957,-6.53937292098999
200,initial,-7.047264099121094,-6.257539749145508
201,initial,-8.571809768676758,-7.583672046661377
202,initial,-8.281546592712402,-7.054241180419922
203,initial,-7.947546482086182,-6.205733299255371
204,initial,-7.947546482086182,-6.205733299255371
205,initial,-7.9171247482299805,-7.135440826416016
206,initial,-9.269168853759766,-8.17838191986084
207,initial,-9.529855728149414,-8.207608222961426
208,initial,-7.947546482086182,-6.205733299255371
209,initial,-7.9171247482299805,-7.135440826416016
210,initial,-8.329353332519531,-7.522644996643066
211,initial,-8.470844268798828,-6.688714504241943
212,initial,-8.470844268798828,-6.688714504241943
213,initial,-8.698102951049805,-7.400588512420654
214,initial,-8.329353332519531,-7.522644996643066
215,initial,-8.651728630065918,-7.4959259033203125
216,initial,-9.100497245788574,-7.744711875915527
217,initial,-9.46011734008789,-7.962977409362793
218,initial,-8.137081146240234,-7.121221542358398
219,initial,-7.587910175323486,-6.4334235191345215
220,initial,-7.193851470947266,-6.78165340423584
221,initial,-7.1025495529174805,-7.080946922302246
222,initial,-7.172287464141846,-6.833858013153076
223,initial,-7.317436218261719,-7.163211822509766
224,initial,-8.224380493164062,-7.86326789855957
225,initial,-7.564047813415527,-7.373038291931152
226,initial,-7.202541351318359,-6.973440170288086
227,initial,-7.224577903747559,-6.885048866271973
228,initial,-7.634775161743164,-7.303074359893799
229,initial,-7.564047813415527,-7.373038291931152
230,initial,-8.397772789001465,-7.788433074951172
231,initial,-6.964317321777344,-6.396158695220947
232,initial,-8.13199520111084,-7.343825340270996
233,initial,-8.95170783996582,-8.171753883361816
234,initial,-8.982132911682129,-7.949586391448975
235,initial,-7.504936218261719,-7.071962356567383
236,initial,-6.827195644378662,-6.591730117797852
237,initial,-7.00056266784668,-6.664389133453369
238,initial,-8.80321216583252,-8.091863632202148
239,initial,-7.2901787757873535,-7.120429039001465
240,initial,-6.711268424987793,-6.69009256362915
241,initial,-7.854477882385254,-7.631221294403076
242,initial,-8.350005149841309,-7.940180778503418
243,initial,-7.158196449279785,-7.107240676879883
244,initial,-8.097833633422852,-7.700139999389648
245,initial,-8.397256851196289,-8.139185905456543
246,initial,-7.513213157653809,-7.275981426239014
247,initial,-8.203794479370117,-8.148360252380371
248,initial,-8.337411880493164,-8.294815063476562
249,initial,-8.317923545837402,-7.936470031738281
250,initial,-7.992602825164795,-7.771849632263184
251,initial,-6.781227111816406,-7.028964519500732
252,initial,-6.904398441314697,-7.104643821716309
253,initial,-7.151167869567871,-7.214219093322754
254,initial,-6.686317443847656,-6.711367607116699
255,initial,-7.706737995147705,-7.476748943328857
256,initial,-8.592734336853027,-8.258379936218262
257,initial,-8.722478866577148,-8.237865447998047
258,initial,-6.940262794494629,-6.916693210601807
259,initial,-6.260289192199707,-6.2661261558532715
260,initial,-7.061700820922852,-7.058775424957275
261,initial,-7.167983055114746,-7.09677791595459
262,initial,-6.609064102172852,-6.4838151931762695
263,initial,-7.49170446395874,-7.615148067474365
264,initial,-7.399569988250732,-7.447033882141113
265,initial,-6.832338809967041,-7.047389030456543
266,initial,-6.8159990310668945,-6.7306013107299805
267,initial,-6.5571489334106445,-6.568922519683838
268,initial,-6.793843746185303,-7.011874198913574
269,initial,-7.530550479888916,-7.307737827301025
270,initial,-6.843771934509277,-6.8218607902526855
271,initial,-6.434425354003906,-6.437664031982422
272,initial,-6.182152271270752,-6.219996452331543
273,initial,-6.737500190734863,-6.526605129241943
274,initial,-7.583693504333496,-7.621050834655762
275,initial,-6.219727993011475,-6.178504467010498
276,initial,-7.028092384338379,-6.744948387145996
277,initial,-6.616473197937012,-6.640686988830566
278,initial,-6.55267858505249,-6.957592964172363
279,initial,-7.011381149291992,-6.9855546951293945
280,initial,-9.635109901428223,-8.75792121887207
281,initial,-8.05835247039795,-8.142494201660156
282,initial,-8.050016403198242,-7.998457908630371
283,initial,-7.625733852386475,-7.5843048095703125
284,initial,-7.2951436042785645,-7.368321895599365
285,initial,-6.884943008422852,-7.128220558166504
286,initial,-8.744424819946289,-8.536453247070312
287,initial,-8.245552062988281,-7.873354911804199
288,initial,-8.095283508300781,-7.8608479499816895
289,initial,-6.463922023773193,-6.961989402770996
290,initial,-8.750493049621582,-8.591976165771484
291,initial,-8.903229713439941,-8.60035514831543
292,initial,-7.854096412658691,-8.008874893188477
293,initial,-8.844155311584473,-8.527400970458984
294,initial,-6.636858940124512,-6.757772445678711
295,initial,-7.270359039306641,-7.389835834503174
296,initial,-7.9424872398376465,-7.682668209075928
297,initial,-9.901731491088867,-9.037786483764648
298,initial,-7.449993133544922,-7.565744876861572
299,initial,-8.96045970916748,-8.806910514831543
300,initial,-7.162516117095947,-6.811981678009033
301,initial,-7.222822666168213,-6.926523208618164
302,initial,-6.767378330230713,-6.444399356842041
303,initial,-7.558477401733398,-7.276456832885742
304,initial,-6.859166145324707,-6.45197868347168
305,initial,-7.629923343658447,-7.522383213043213
306,initial,-9.084375381469727,-8.519100189208984
307,initial,-6.9675703048706055,-6.604172229766846
308,initial,-7.161485195159912,-6.387571811676025
309,initial,-6.370481014251709,-6.309514999389648
310,initial,-7.982977390289307,-7.864860534667969
311,initial,-6.909049987792969,-6.866327285766602
312,initial,-7.242956638336182,-6.921014308929443
313,initial,-7.099736213684082,-6.710498332977295
314,initial,-6.439614772796631,-6.254671096801758
315,initial,-6.517234802246094,-6.306595325469971
316,initial,-5.974099636077881,-5.6870951652526855
317,initial,-7.543500900268555,-7.341115474700928
318,initial,-6.488468647003174,-6.20311975479126
319,initial,-7.936392784118652,-7.75491189956665
320,initial,-5.968631744384766,-5.691822052001953
321,initial,-7.322696208953857,-6.9059906005859375
322,initial,-7.007286071777344,-6.971795082092285
323,initial,-7.0638203620910645,-6.572961807250977
324,initial,-7.473198890686035,-7.187501430511475
325,initial,-6.9517598152160645,-6.688404083251953
326,initial,-7.353397369384766,-7.382784366607666
327,initial,-8.122048377990723,-7.668797016143799
328,initial,-5.864945888519287,-5.970813751220703
329,initial,-7.74941349029541,-7.455544471740723
330,initial,-6.815099239349365,-6.578460693359375
331,initial,-7.575500011444092,-7.388063907623291
332,initial,-7.639577865600586,-7.666653156280518
333,initial,-6.924900531768799,-6.752057075500488
334,initial,-6.959614276885986,-6.568028450012207
335,initial,-6.84398889541626,-6.527795314788818
336,initial,-7.26450777053833,-7.372209072113037
337,initial,-6.992518424987793,-6.655327320098877
338,initial,-6.001367092132568,-5.88287353515625
339,initial,-7.327341079711914,-7.108357906341553
340,initial,-7.2890448570251465,-6.210267543792725
341,initial,-10.412469863891602,-9.630202293395996
342,initial,-9.935895919799805,-9.064471244812012
343,initial,-9.981382369995117,-9.357341766357422
344,initial,-8.18376636505127,-7.542388916015625
345,initial,-8.134703636169434,-7.075236797332764
346,initial,-10.121350288391113,-8.41250228881836
347,initial,-7.66036319732666,-7.573003768920898
348,initial,-10.291507720947266,-9.286130905151367
349,initial,-8.305296897888184,-7.424496173858643
350,initial,-8.3875150680542,-8.747333526611328
351,initial,-10.537969589233398,-10.235065460205078
352,initial,-8.840380668640137,-7.75266170501709
353,initial,-10.256738662719727,-9.305618286132812
354,initial,-8.429008483886719,-7.698704242706299
355,initial,-8.881000518798828,-8.655160903930664
356,initial,-10.776256561279297,-10.347128868103027
357,initial,-10.414923667907715,-9.675987243652344
358,initial,-8.378843307495117,-7.246181964874268
359,initial,-8.713741302490234,-7.797865867614746
360,initial,-7.999405384063721,-7.559903621673584
361,initial,-9.923835754394531,-9.083080291748047
362,initial,-7.9766716957092285,-7.5729660987854
363,initial,-7.778046131134033,-7.867767333984375
364,initial,-8.114468574523926,-8.285569190979004
365,initial,-7.849540710449219,-7.88221549987793
366,initial,-7.7567620277404785,-8.303838729858398
367,initial,-9.27845573425293,-8.410045623779297
368,initial,-9.773618698120117,-8.611924171447754
369,initial,-10.8502779006958,-10.703303337097168
370,initial,-7.797295570373535,-7.7430419921875
371,initial,-10.416622161865234,-10.400215148925781
372,initial,-9.322596549987793,-8.759674072265625
373,initial,-10.635493278503418,-10.530097007751465
374,initial,-8.671348571777344,-8.644755363464355
375,initial,-6.945082664489746,-6.479121208190918
376,initial,-8.401728630065918,-8.65935230255127
377,initial,-9.923835754394531,-9.083080291748047
378,initial,-7.778046131134033,-7.867767333984375
379,initial,-8.366981506347656,-8.306722640991211
380,initial,-7.556199550628662,-7.641337871551514
381,initial,-9.231973648071289,-8.203283309936523
382,initial,-7.371479034423828,-7.079885482788086
383,initial,-8.717954635620117,-8.918737411499023
384,initial,-6.810554504394531,-6.275904178619385
385,initial,-8.311494827270508,-8.17862319946289
386,initial,-8.366361618041992,-7.759681701660156
387,initial,-8.675153732299805,-8.497392654418945
388,initial,-7.898997783660889,-7.78314208984375
389,initial,-7.670755863189697,-7.799428939819336
390,initial,-7.70579195022583,-8.100789070129395
391,initial,-7.781156063079834,-7.169675827026367
392,initial,-7.87804651260376,-7.611124515533447
393,initial,-8.760258674621582,-8.394989013671875
394,initial,-7.4966721534729,-7.817741394042969
395,initial,-9.167585372924805,-9.301423072814941
396,initial,-8.544883728027344,-8.219508171081543
397,initial,-7.144639015197754,-7.301651954650879
398,initial,-7.336602210998535,-7.65799617767334
399,initial,-7.148998737335205,-6.799263000488281
400,initial,-8.310320854187012,-7.861484527587891
401,initial,-9.613741874694824,-9.283500671386719
402,initial,-10.53315258026123,-10.705130577087402
403,initial,-7.15338659286499,-7.084099769592285
404,initial,-9.067018508911133,-8.114648818969727
405,initial,-9.143712043762207,-8.189120292663574
406,initial,-8.79535961151123,-8.484698295593262
407,initial,-8.33327579498291,-8.60026741027832
408,initial,-7.19658899307251,-7.140316486358643
409,initial,-8.844149589538574,-7.8653082847595215
410,initial,-8.09052848815918,-7.750949382781982
411,initial,-8.929911613464355,-8.72613525390625
412,initial,-8.859161376953125,-8.7539644241333
413,initial,-7.797634124755859,-7.73914098739624
414,initial,-9.14258861541748,-8.911097526550293
415,initial,-9.61085319519043,-9.038603782653809
416,initial,-10.188448905944824,-9.140868186950684
417,initial,-9.561491012573242,-9.24415397644043
418,initial,-8.952990531921387,-8.064082145690918
419,initial,-7.153386116027832,-7.084099769592285
420,initial,-8.12537670135498,-7.26780891418457
421,initial,-6.299894332885742,-6.441277503967285
422,initial,-7.330892086029053,-6.9420013427734375
423,initial,-7.427420616149902,-7.076519012451172
424,initial,-6.919822692871094,-6.702615737915039
425,initial,-8.669766426086426,-8.130151748657227
426,initial,-8.799703598022461,-8.519775390625
427,initial,-9.463662147521973,-9.047075271606445
428,initial,-8.328514099121094,-8.018982887268066
429,initial,-6.567035675048828,-6.484334945678711
430,initial,-9.544973373413086,-9.593830108642578
431,initial,-7.2008056640625,-7.093900203704834
432,initial,-6.9685468673706055,-7.031274795532227
433,initial,-8.795421600341797,-7.756270408630371
434,initial,-7.9034223556518555,-7.67935848236084
435,initial,-6.813690662384033,-6.410243034362793
436,initial,-6.958445072174072,-6.8797454833984375
437,initial,-6.689891815185547,-6.4546661376953125
438,initial,-6.970037460327148,-6.754039764404297
439,initial,-7.193070888519287,-6.942038059234619
440,initial,-8.365653991699219,-7.610323429107666
441,initial,-6.3544840812683105,-5.694413185119629
442,initial,-8.444517135620117,-7.700837135314941
443,initial,-7.540929317474365,-7.201633453369141
444,initial,-7.823791027069092,-7.086864471435547
445,initial,-8.17331600189209,-7.42996883392334
446,initial,-9.212210655212402,-8.821231842041016
447,initial,-9.375964164733887,-8.625625610351562
448,initial,-8.507810592651367,-7.567813873291016
449,initial,-7.138225078582764,-6.848712921142578
450,initial,-8.51781177520752,-7.776016712188721
451,initial,-8.175481796264648,-7.290565013885498
452,initial,-8.814879417419434,-7.5593485832214355
453,initial,-8.293145179748535,-7.044068813323975
454,initial,-7.85784912109375,-7.3163557052612305
455,initial,-7.5252685546875,-6.982194900512695
456,initial,-7.455338478088379,-6.872124671936035
457,initial,-7.542992115020752,-7.063275337219238
458,initial,-8.09386920928955,-7.47051477432251
459,initial,-7.480590343475342,-7.291110038757324
460,initial,-8.524126052856445,-7.868175506591797
461,initial,-6.460633754730225,-6.073259353637695
462,initial,-6.456206321716309,-6.295802116394043
463,initial,-7.708229064941406,-7.348586559295654
464,initial,-7.47144079208374,-7.338525295257568
465,initial,-7.134970664978027,-7.0898895263671875
466,initial,-6.606629371643066,-6.571386814117432
467,initial,-6.911851406097412,-6.667802810668945
468,initial,-7.740619659423828,-7.393858909606934
469,initial,-7.455545902252197,-7.152365207672119
470,initial,-7.276401519775391,-7.079011917114258
471,initial,-8.964827537536621,-8.208137512207031
472,initial,-7.498491287231445,-7.186742305755615
473,initial,-7.383461952209473,-6.852099418640137
474,initial,-7.08863639831543,-6.95715856552124
475,initial,-7.327794075012207,-7.051727294921875
476,initial,-6.318914413452148,-6.271626949310303
477,initial,-7.277895450592041,-7.00643253326416
478,initial,-6.579927444458008,-6.216815948486328
479,initial,-6.5968217849731445,-6.467870712280273
480,initial,-6.453648567199707,-6.4103498458862305
481,initial,-7.220853328704834,-6.844529151916504
482,initial,-7.768580436706543,-7.319648742675781
483,initial,-6.51094913482666,-6.186069011688232
484,initial,-5.973266124725342,-5.542562961578369
485,initial,-6.494523525238037,-6.560410976409912
486,initial,-6.494523525238037,-6.560410976409912
487,initial,-7.3086724281311035,-7.242098808288574
488,initial,-6.405784606933594,-6.03965950012207
489,initial,-7.246162414550781,-7.158123016357422
490,initial,-7.931877136230469,-7.506527900695801
491,initial,-9.233243942260742,-8.470178604125977
492,initial,-6.494523525238037,-6.560410976409912
493,initial,-6.363651752471924,-6.022252082824707
494,initial,-7.016541004180908,-6.459920406341553
495,initial,-7.416110515594482,-7.150270462036133
496,initial,-6.477365016937256,-6.5150299072265625
497,initial,-6.591738224029541,-6.114693641662598
498,initial,-6.363651752471924,-6.022252082824707
499,initial,-7.4310126304626465,-7.269035339355469
500,initial,-6.05090856552124,-6.437668800354004
501,initial,-6.4126129150390625,-6.504477024078369
502,initial,-6.629955291748047,-6.5522541999816895
503,initial,-8.018610954284668,-7.931098937988281
504,initial,-6.558184623718262,-6.431129455566406
505,initial,-6.464781761169434,-6.618768692016602
506,initial,-6.439944267272949,-6.746813774108887
507,initial,-8.273541450500488,-8.281770706176758
508,initial,-6.99124813079834,-6.891016960144043
509,initial,-6.529901504516602,-6.474803924560547
510,initial,-8.169113159179688,-7.7278876304626465
511,initial,-7.68112850189209,-7.471668243408203
512,initial,-6.61147928237915,-6.515868186950684
513,initial,-6.719988822937012,-6.613607406616211
514,initial,-6.992521286010742,-7.064178943634033
515,initial,-6.910128116607666,-6.701920986175537
516,initial,-6.862456321716309,-6.936546325683594
517,initial,-5.434946060180664,-5.36115837097168
518,initial,-7.361767292022705,-7.320992946624756
519,initial,-8.257612228393555,-8.395712852478027
520,initial,-7.607911586761475,-7.473737716674805
521,initial,-7.356555938720703,-7.271903991699219
522,initial,-8.55607795715332,-8.062032699584961
523,initial,-7.484355449676514,-7.417384147644043
524,initial,-6.508700370788574,-6.678232669830322
525,initial,-8.1089506149292,-8.09496021270752
526,initial,-6.304584980010986,-6.104211807250977
527,initial,-5.682398796081543,-5.963907241821289
528,initial,-8.755965232849121,-8.17131519317627
529,initial,-7.593258857727051,-7.689732074737549
530,initial,-7.3784027099609375,-7.2245001792907715
531,initial,-8.584266662597656,-8.551018714904785
532,initial,-9.004056930541992,-8.347862243652344
533,initial,-7.4809346199035645,-7.4944329261779785
534,initial,-8.090215682983398,-7.804372310638428
535,initial,-6.594885349273682,-6.640350341796875
536,initial,-6.134469985961914,-6.724305152893066
537,initial,-8.584266662597656,-8.551018714904785
538,initial,-6.335091590881348,-6.304460525512695
539,initial,-6.90740966796875,-6.79703950881958
540,initial,-5.705097198486328,-5.907662391662598
541,initial,-5.7194294929504395,-5.696876525878906
542,initial,-6.5518598556518555,-6.360204219818115
543,initial,-5.857196807861328,-5.950090408325195
544,initial,-6.010339260101318,-5.957103252410889
545,initial,-6.243097305297852,-6.194565773010254
546,initial,-6.38758659362793,-6.420831680297852
547,initial,-6.5372700691223145,-6.635482311248779
548,initial,-5.897017955780029,-5.700507164001465
549,initial,-6.082870006561279,-5.972884654998779
550,initial,-6.587243556976318,-6.344457149505615
551,initial,-7.122375965118408,-6.996286392211914
552,initial,-6.363978862762451,-6.276340007781982
553,initial,-7.6130266189575195,-7.03070068359375
554,initial,-7.607012748718262,-7.614555358886719
555,initial,-7.503462314605713,-6.993756294250488
556,initial,-5.502173900604248,-6.045673847198486
557,initial,-6.794297695159912,-6.444037914276123
558,initial,-6.095484256744385,-5.809794902801514
559,initial,-6.169826030731201,-5.999942302703857
560,initial,-7.385701656341553,-6.7410101890563965
561,initial,-7.56179141998291,-6.632568359375
562,initial,-7.971582412719727,-7.552350997924805
563,initial,-6.676354885101318,-6.417654037475586
564,initial,-8.097471237182617,-7.416530132293701
565,initial,-6.2811970710754395,-5.650774002075195
566,initial,-6.72226095199585,-6.266514778137207
567,initial,-7.464879512786865,-6.754904747009277
568,initial,-6.8709564208984375,-6.9160566329956055
569,initial,-7.356717586517334,-6.875805854797363
570,initial,-7.901783466339111,-7.3588995933532715
571,initial,-7.113563537597656,-6.459263801574707
572,initial,-6.839073657989502,-6.7533392906188965
573,initial,-8.305004119873047,-7.683655738830566
574,initial,-6.561612606048584,-6.2699995040893555
575,initial,-6.405477523803711,-6.0310139656066895
576,initial,-6.533070087432861,-6.149249076843262
577,initial,-5.827122688293457,-5.534458160400391
578,initial,-6.011436462402344,-5.951598644256592
579,initial,-6.377642631530762,-5.993794918060303
580,initial,-7.629855155944824,-7.296930313110352
581,initial,-8.469538688659668,-7.6865553855896
582,initial,-7.135068416595459,-6.498655319213867
583,initial,-8.86524486541748,-7.697403907775879
584,initial,-8.32595443725586,-7.909249305725098
585,initial,-6.840062618255615,-6.309537410736084
586,initial,-7.182860374450684,-6.735713005065918
587,initial,-8.7227783203125,-7.844757556915283
588,initial,-8.06234073638916,-7.419234752655029
589,initial,-8.133231163024902,-7.202214241027832
590,initial,-8.500720024108887,-7.549376964569092
591,initial,-8.741180419921875,-7.867442607879639
592,initial,-8.68700122833252,-7.778096675872803
593,initial,-7.685782432556152,-7.240097999572754
594,initial,-6.79490327835083,-6.1318511962890625
595,initial,-8.770312309265137,-7.709383964538574
596,initial,-6.576274394989014,-6.073566436767578
597,initial,-7.911916255950928,-7.279016971588135
598,initial,-9.423920631408691,-8.170348167419434
599,initial,-8.393291473388672,-7.769985675811768
600,initial,-7.569606781005859,-7.498997211456299
601,initial,-9.114642143249512,-8.079323768615723
602,initial,-9.244747161865234,-8.23023509979248
603,initial,-8.772343635559082,-8.043085098266602
604,initial,-7.569606781005859,-7.498997211456299
605,initial,-7.534181594848633,-7.294319152832031
606,initial,-8.823257446289062,-7.960594177246094
607,initial,-7.93980073928833,-7.4720258712768555
608,initial,-8.469158172607422,-7.651993751525879
609,initial,-8.85736083984375,-8.204453468322754
610,initial,-7.663689136505127,-7.17608118057251
611,initial,-9.24474811553955,-8.23023509979248
612,initial,-7.098730564117432,-6.616765975952148
613,initial,-7.8929877281188965,-7.384663105010986
614,initial,-7.213175296783447,-6.8955888748168945
615,initial,-7.763990879058838,-7.525706768035889
616,initial,-7.335497856140137,-6.804159164428711
617,initial,-8.4402494430542,-7.682164669036865
618,initial,-7.4633331298828125,-7.001468658447266
619,initial,-8.76911735534668,-7.960021495819092
620,initial,-7.284036636352539,-7.075968265533447
621,initial,-7.865490913391113,-7.62568998336792
622,initial,-8.5090913772583,-8.2411527633667
623,initial,-7.0088396072387695,-6.900006294250488
624,initial,-7.318084716796875,-7.005591869354248
625,initial,-7.22711181640625,-7.318962097167969
626,initial,-8.199936866760254,-8.059907913208008
627,initial,-6.488229274749756,-6.356012344360352
628,initial,-7.235528469085693,-6.689384460449219
629,initial,-8.560200691223145,-7.939537048339844
630,initial,-7.945727348327637,-7.305723190307617
631,initial,-7.6728315353393555,-7.068215847015381
632,initial,-6.504602909088135,-6.591224670410156
633,initial,-6.3924760818481445,-6.309966087341309
634,initial,-7.510903358459473,-7.196922302246094
635,initial,-6.003293991088867,-6.000885009765625
636,initial,-7.348236560821533,-7.363773822784424
637,initial,-6.518216609954834,-6.403334140777588
638,initial,-7.684405326843262,-7.611345291137695
639,initial,-6.625941753387451,-6.154375076293945
640,initial,-8.23184871673584,-7.348730564117432
641,initial,-7.617270469665527,-8.008541107177734
642,initial,-7.187404155731201,-6.910897731781006
643,initial,-8.830132484436035,-8.211898803710938
644,initial,-8.088717460632324,-8.32906723022461
645,initial,-8.291428565979004,-7.872422218322754
646,initial,-9.335966110229492,-9.078298568725586
647,initial,-8.07458782196045,-7.148795127868652
648,initial,-10.0059814453125,-8.646631240844727
649,initial,-8.357619285583496,-8.100136756896973
650,initial,-8.071600914001465,-8.105836868286133
651,initial,-7.486171245574951,-7.349218368530273
652,initial,-7.580301761627197,-7.068352222442627
653,initial,-7.966551303863525,-7.198193550109863
654,initial,-7.985754489898682,-7.872664451599121
655,initial,-9.197798728942871,-8.66375732421875
656,initial,-9.075652122497559,-8.507308006286621
657,initial,-9.594599723815918,-8.86581039428711
658,initial,-8.967904090881348,-8.365355491638184
659,initial,-8.561506271362305,-7.783230781555176
660,initial,-7.955137729644775,-7.29033088684082
661,initial,-5.916111469268799,-5.6556291580200195
662,initial,-8.11835765838623,-7.524835586547852
663,initial,-7.44474458694458,-7.48757791519165
664,initial,-6.58917236328125,-6.377261638641357
665,initial,-6.5425705909729,-6.535276412963867
666,initial,-5.948972225189209,-5.9361348152160645
667,initial,-7.062934398651123,-6.725894927978516
668,initial,-6.383272647857666,-6.324725151062012
669,initial,-5.676348686218262,-5.9076151847839355
670,initial,-8.253993034362793,-7.94537878036499
671,initial,-6.752725601196289,-6.577548027038574
672,initial,-7.8177595138549805,-7.330862045288086
673,initial,-6.4121928215026855,-6.294847011566162
674,initial,-8.253993034362793,-7.945377826690674
675,initial,-7.114659786224365,-7.024737358093262
676,initial,-8.455214500427246,-7.846281051635742
677,initial,-7.0594353675842285,-6.606093883514404
678,initial,-7.192668914794922,-7.114099502563477
679,initial,-7.400115966796875,-7.407289505004883
680,initial,-7.525546073913574,-6.578163146972656
681,initial,-7.409831523895264,-6.714970111846924
682,initial,-7.176652908325195,-6.54875373840332
683,initial,-8.261448860168457,-7.707573890686035
684,initial,-7.472812175750732,-6.701621055603027
685,initial,-6.373215198516846,-5.970766544342041
686,initial,-7.275145530700684,-6.818974494934082
687,initial,-6.857944011688232,-6.564817428588867
688,initial,-7.2781081199646,-6.482009410858154
689,initial,-7.8177266120910645,-7.317146301269531
690,initial,-7.059637546539307,-6.633775234222412
691,initial,-6.756520748138428,-6.464951515197754
692,initial,-7.383266925811768,-7.2241106033325195
693,initial,-7.361106872558594,-6.738898277282715
694,initial,-7.2441630363464355,-7.291296005249023
695,initial,-7.811011791229248,-7.648716449737549
696,initial,-8.683769226074219,-7.910759925842285
697,initial,-7.2485175132751465,-6.51572847366333
698,initial,-7.378839015960693,-6.998718738555908
699,initial,-6.979994297027588,-6.358985424041748
0,final,-6.46258544921875,-4.989894866943359
1,final,-6.087591648101807,-5.095208644866943
2,final,-4.553443431854248,-3.6261560916900635
3,final,-6.61120080947876,-5.066936016082764
4,final,-6.911559104919434,-5.0521111488342285
5,final,-6.088715553283691,-4.612241744995117
6,final,-7.89249324798584,-6.281374454498291
7,final,-6.104796409606934,-4.586642742156982
8,final,-5.16956090927124,-3.7062289714813232
9,final,-4.553443431854248,-3.6261560916900635
10,final,-7.322307586669922,-5.026119232177734
11,final,-5.07219934463501,-4.129882335662842
12,final,-5.731692314147949,-4.16456413269043
13,final,-6.466383934020996,-4.698375701904297
14,final,-5.16956090927124,-3.7062289714813232
15,final,-7.616719722747803,-5.77108907699585
16,final,-5.73586893081665,-4.581690788269043
17,final,-5.858949184417725,-4.7404398918151855
18,final,-6.941354274749756,-5.847749710083008
19,final,-7.037545680999756,-5.403126239776611
20,final,-5.118610382080078,-4.3259100914001465
21,final,-5.880488872528076,-4.5498528480529785
22,final,-7.2717437744140625,-5.329917907714844
23,final,-5.270176410675049,-3.887744426727295
24,final,-6.217259407043457,-4.7113356590271
25,final,-5.270176410675049,-3.887744426727295
26,final,-6.600759029388428,-4.936275005340576
27,final,-7.560990333557129,-6.3208394050598145
28,final,-5.637624263763428,-4.755000591278076
29,final,-7.181761264801025,-5.281045913696289
30,final,-5.278743743896484,-4.414372444152832
31,final,-5.762671947479248,-4.289554119110107
32,final,-7.271742820739746,-5.329917907714844
33,final,-5.76267147064209,-4.289554119110107
34,final,-5.555850982666016,-4.95377779006958
35,final,-6.942835330963135,-5.858285427093506
36,final,-5.637624740600586,-4.755001068115234
37,final,-5.76267147064209,-4.289554119110107
38,final,-4.479198932647705,-3.636176347732544
39,final,-5.230947971343994,-4.252356052398682
40,final,-5.568018913269043,-4.537126541137695
41,final,-5.769136428833008,-4.635845184326172
42,final,-5.522708415985107,-4.27384090423584
43,final,-7.278157711029053,-5.761649131774902
44,final,-6.184616565704346,-4.798820495605469
45,final,-5.661520481109619,-4.656278610229492
46,final,-5.970501899719238,-4.70024299621582
47,final,-6.0296807289123535,-5.043608665466309
48,final,-7.290407657623291,-5.970571517944336
49,final,-5.660226345062256,-4.606315612792969
50,final,-6.722469806671143,-5.071547508239746
51,final,-7.372673988342285,-5.615036964416504
52,final,-6.2292327880859375,-5.0359110832214355
53,final,-6.2609357833862305,-4.952589988708496
54,final,-6.47086763381958,-5.032228469848633
55,final,-5.93161153793335,-4.835843086242676
56,final,-5.5149102210998535,-4.296871185302734
57,final,-5.0473856925964355,-3.9057626724243164
58,final,-6.31369161605835,-4.559075832366943
59,final,-5.771986961364746,-4.4851603507995605
60,final,-7.685525417327881,-6.1820573806762695
61,final,-7.761218070983887,-5.64110803604126
62,final,-10.205901145935059,-8.223111152648926
63,final,-8.700658798217773,-6.393642902374268
64,final,-7.763888835906982,-5.99187707901001
65,final,-6.038214206695557,-4.392416477203369
66,final,-7.0326104164123535,-4.783101558685303
67,final,-9.737543106079102,-7.618877410888672
68,final,-8.082189559936523,-6.426793575286865
69,final,-7.106759071350098,-5.711598873138428
70,final,-6.890674591064453,-4.820456504821777
71,final,-7.9849348068237305,-6.554850101470947
72,final,-6.555454254150391,-4.960128307342529
73,final,-6.177814960479736,-5.173859596252441
74,final,-6.3496880531311035,-4.94434928894043
75,final,-8.114483833312988,-6.092626094818115
76,final,-6.969480514526367,-4.902451992034912
77,final,-8.476888656616211,-6.412900447845459
78,final,-6.785913467407227,-5.613070011138916
79,final,-7.347499847412109,-5.340206146240234
80,final,-4.728978633880615,-3.6167755126953125
81,final,-4.703139305114746,-3.216823101043701
82,final,-6.83231258392334,-4.819711685180664
83,final,-5.189056396484375,-4.399295330047607
84,final,-5.252939701080322,-3.984388589859009
85,final,-7.244180202484131,-5.402586936950684
86,final,-6.083420276641846,-4.941034317016602
87,final,-5.84044075012207,-4.451375484466553
88,final,-5.744979381561279,-4.3624348640441895
89,final,-4.593756675720215,-3.5370967388153076
90,final,-6.420625686645508,-4.939294338226318
91,final,-7.965818881988525,-6.069491386413574
92,final,-4.8208746910095215,-3.545307159423828
93,final,-5.486724376678467,-3.691624641418457
94,final,-5.481115341186523,-3.8457651138305664
95,final,-6.078502655029297,-4.666410446166992
96,final,-5.319949626922607,-3.781806230545044
97,final,-5.3437418937683105,-4.324340343475342
98,final,-7.760621070861816,-5.771007061004639
99,final,-5.545097351074219,-4.237618446350098
100,final,-6.299200534820557,-4.5698699951171875
101,final,-5.618959903717041,-3.9879932403564453
102,final,-7.205425262451172,-5.593628883361816
103,final,-5.696757793426514,-4.218669414520264
104,final,-5.696757793426514,-4.218669414520264
105,final,-5.624526023864746,-4.390223979949951
106,final,-6.777040958404541,-4.91542911529541
107,final,-5.973115921020508,-4.691019535064697
108,final,-5.0958251953125,-4.016654968261719
109,final,-6.46282958984375,-5.432216644287109
110,final,-6.263149261474609,-4.205126762390137
111,final,-4.855984210968018,-3.358759880065918
112,final,-6.771302700042725,-4.907088279724121
113,final,-6.372480392456055,-4.080942630767822
114,final,-5.555145263671875,-4.250463485717773
115,final,-5.640656471252441,-4.555487155914307
116,final,-6.5276780128479,-4.857049465179443
117,final,-6.2132391929626465,-4.787949562072754
118,final,-6.777040958404541,-4.91542911529541
119,final,-7.383337020874023,-4.872661590576172
120,final,-4.1482014656066895,-2.9244723320007324
121,final,-4.832584857940674,-3.5292270183563232
122,final,-5.651052474975586,-4.187650680541992
123,final,-5.49601936340332,-3.795119285583496
124,final,-5.299086570739746,-3.875162124633789
125,final,-7.2822394371032715,-5.005162715911865
126,final,-6.8696608543396,-5.1644487380981445
127,final,-6.102974891662598,-4.117549419403076
128,final,-4.948711395263672,-3.562974691390991
129,final,-7.4604620933532715,-5.362351894378662
130,final,-5.6439924240112305,-4.159595489501953
131,final,-6.402782440185547,-4.969455718994141
132,final,-4.901661396026611,-3.7894248962402344
133,final,-7.067943572998047,-4.802061557769775
134,final,-7.4604620933532715,-5.362351894378662
135,final,-5.494233131408691,-3.6037986278533936
136,final,-4.842435836791992,-3.8040902614593506
137,final,-5.494233131408691,-3.6037986278533936
138,final,-7.282238960266113,-5.005162715911865
139,final,-5.265100479125977,-4.0858659744262695
140,final,-4.744789123535156,-3.7727270126342773
141,final,-5.4794602394104,-4.256880283355713
142,final,-5.501875877380371,-4.401395797729492
143,final,-4.509854316711426,-3.524763822555542
144,final,-7.0799689292907715,-5.348624229431152
145,final,-6.18304967880249,-4.8449296951293945
146,final,-6.428534507751465,-4.905776500701904
147,final,-7.19191312789917,-5.5109357833862305
148,final,-5.71689510345459,-4.384572505950928
149,final,-5.39816951751709,-4.072795391082764
150,final,-6.090307712554932,-4.80604362487793
151,final,-6.043948650360107,-4.818686485290527
152,final,-6.264466762542725,-4.647243022918701
153,final,-6.504909038543701,-5.1861491203308105
154,final,-4.744789123535156,-3.7727270126342773
155,final,-6.428534507751465,-4.905776500701904
156,final,-7.130666255950928,-5.423399448394775
157,final,-6.885518550872803,-5.402413368225098
158,final,-5.212491512298584,-3.914560556411743
159,final,-6.428534507751465,-4.905776500701904
160,final,-7.159139156341553,-5.532927989959717
161,final,-8.058395385742188,-5.662731170654297
162,final,-7.436569690704346,-5.161325931549072
163,final,-7.9187912940979,-5.774330139160156
164,final,-8.211241722106934,-5.9508280754089355
165,final,-4.772227764129639,-3.61582350730896
166,final,-6.522548675537109,-4.591178894042969
167,final,-7.9187912940979,-5.774330139160156
168,final,-6.490997314453125,-4.574557304382324
169,final,-6.719635009765625,-4.771440029144287
170,final,-7.897178649902344,-5.371959209442139
171,final,-7.058058261871338,-4.741153240203857
172,final,-6.817371368408203,-4.8547043800354
173,final,-8.582403182983398,-6.748759746551514
174,final,-8.236677169799805,-6.299131393432617
175,final,-6.507146835327148,-4.459140300750732
176,final,-8.192863464355469,-6.014108657836914
177,final,-6.211996555328369,-4.8878302574157715
178,final,-6.4122138023376465,-4.6821699142456055
179,final,-8.168350219726562,-5.697134017944336
180,final,-5.949000835418701,-4.1190972328186035
181,final,-4.5090460777282715,-3.087726593017578
182,final,-4.542776584625244,-3.298659324645996
183,final,-5.458072662353516,-4.096037864685059
184,final,-6.256155490875244,-4.689882755279541
185,final,-6.3664093017578125,-4.347447872161865
186,final,-6.380434513092041,-4.55505895614624
187,final,-7.215488910675049,-5.216316223144531
188,final,-4.724932670593262,-3.364123821258545
189,final,-5.867447853088379,-4.377663612365723
190,final,-5.609751224517822,-4.123899459838867
191,final,-5.949000835418701,-4.1190972328186035
192,final,-6.05202579498291,-4.6806254386901855
193,final,-6.380117416381836,-4.492127418518066
194,final,-5.617203712463379,-4.304440498352051
195,final,-6.77564001083374,-5.1864728927612305
196,final,-5.785519123077393,-4.3828511238098145
197,final,-6.170798301696777,-4.347955226898193
198,final,-7.39359188079834,-5.411004066467285
199,final,-5.639808654785156,-4.181298732757568
200,final,-4.676125526428223,-3.560771942138672
201,final,-5.807225704193115,-4.31484842300415
202,final,-5.64154052734375,-4.273822784423828
203,final,-6.362350940704346,-4.26281213760376
204,final,-6.362350940704346,-4.26281213760376
205,final,-4.306982517242432,-3.0803399085998535
206,final,-6.836752414703369,-4.849633693695068
207,final,-7.0230536460876465,-5.117522239685059
208,final,-6.362350940704346,-4.26281213760376
209,final,-4.306982517242432,-3.0803399085998535
210,final,-6.124978542327881,-4.406870365142822
211,final,-6.730377197265625,-4.77232027053833
212,final,-6.730377197265625,-4.77232027053833
213,final,-6.1150078773498535,-4.387631416320801
214,final,-6.124978542327881,-4.406870365142822
215,final,-6.735848903656006,-5.22027587890625
216,final,-6.2270965576171875,-4.39947509765625
217,final,-6.318973541259766,-4.463528633117676
218,final,-5.372081279754639,-3.713823080062866
219,final,-4.963160514831543,-3.3918216228485107
220,final,-5.2586212158203125,-4.721746921539307
221,final,-4.786787986755371,-4.475461959838867
222,final,-6.322390556335449,-5.607525825500488
223,final,-6.317371845245361,-5.666932106018066
224,final,-6.274740695953369,-5.606167316436768
225,final,-5.364616394042969,-4.874053478240967
226,final,-5.2617692947387695,-4.649116516113281
227,final,-5.012537956237793,-4.419238567352295
228,final,-5.3542070388793945,-4.914064884185791
229,final,-5.364616394042969,-4.874053478240967
230,final,-6.308324337005615,-5.690471649169922
231,final,-4.1736321449279785,-3.5548787117004395
232,final,-5.55780553817749,-5.03656005859375
233,final,-6.506039619445801,-5.626220226287842
234,final,-6.7463698387146,-5.775598526000977
235,final,-5.325217247009277,-4.806312561035156
236,final,-4.644563674926758,-4.1164021492004395
237,final,-4.674661636352539,-4.051753044128418
238,final,-6.0777363777160645,-5.197225570678711
239,final,-5.071849822998047,-4.388476848602295
240,final,-4.430865287780762,-3.8582255840301514
241,final,-5.559116363525391,-4.982758045196533
242,final,-6.4185686111450195,-5.710108757019043
243,final,-5.243625640869141,-4.462274551391602
244,final,-5.524961948394775,-4.864727020263672
245,final,-6.779049396514893,-6.104551315307617
246,final,-5.3550190925598145,-4.59664249420166
247,final,-5.675992012023926,-5.023334503173828
248,final,-5.763062953948975,-5.203530311584473
249,final,-5.86965274810791,-5.406981468200684
250,final,-5.284090518951416,-4.705394268035889
251,final,-5.609861850738525,-4.899268627166748
252,final,-5.039614677429199,-4.520787715911865
253,final,-5.123394966125488,-4.456382751464844
254,final,-4.789940357208252,-4.085025787353516
255,final,-5.719015598297119,-4.920723915100098
256,final,-6.48590612411499,-5.856118202209473
257,final,-6.6113386154174805,-5.828869819641113
258,final,-4.598829746246338,-3.911900758743286
259,final,-4.325372219085693,-3.757547616958618
260,final,-5.77216100692749,-5.274794101715088
261,final,-5.196933746337891,-4.988382816314697
262,final,-4.914320945739746,-4.443792819976807
263,final,-5.7970380783081055,-5.295995712280273
264,final,-5.644802570343018,-5.1330885887146
265,final,-5.145236968994141,-4.778234958648682
266,final,-4.855330467224121,-4.556657791137695
267,final,-4.640506267547607,-4.0909423828125
268,final,-5.421731948852539,-4.985119342803955
269,final,-6.371309757232666,-5.393298625946045
270,final,-5.160078048706055,-4.708294868469238
271,final,-4.792225360870361,-4.304821014404297
272,final,-4.33614444732666,-3.8528099060058594
273,final,-5.272252559661865,-4.5845136642456055
274,final,-6.460832118988037,-5.8909592628479
275,final,-4.196534633636475,-4.326148986816406
276,final,-5.448088645935059,-4.642276287078857
277,final,-4.369857311248779,-4.354477882385254
278,final,-4.7364182472229,-4.583009719848633
279,final,-5.485905170440674,-4.996359825134277
280,final,-8.075940132141113,-6.700078964233398
281,final,-6.255435466766357,-5.617010116577148
282,final,-6.998379707336426,-6.000273704528809
283,final,-6.850848197937012,-5.530383586883545
284,final,-5.7888264656066895,-5.026627540588379
285,final,-5.561343669891357,-4.692865371704102
286,final,-7.685401916503906,-6.860252380371094
287,final,-7.0997314453125,-6.331427574157715
288,final,-6.856021404266357,-5.864286422729492
289,final,-5.589768409729004,-4.895509719848633
290,final,-7.735538482666016,-7.008303642272949
291,final,-7.379257678985596,-6.519748687744141
292,final,-6.7334394454956055,-5.67189359664917
293,final,-7.490589141845703,-6.6291680335998535
294,final,-5.629505634307861,-4.799070358276367
295,final,-5.729608535766602,-4.986603736877441
296,final,-6.206259727478027,-5.256112098693848
297,final,-7.987263202667236,-6.656150817871094
298,final,-6.317317485809326,-5.2018632888793945
299,final,-7.944438934326172,-6.968245983123779
300,final,-6.112548828125,-5.080901622772217
301,final,-5.71154260635376,-4.698356628417969
302,final,-5.21345853805542,-4.342589378356934
303,final,-6.479615688323975,-5.418192386627197
304,final,-6.082879543304443,-4.950422763824463
305,final,-7.127575397491455,-5.646944046020508
306,final,-8.217370986938477,-6.49213171005249
307,final,-5.4061970710754395,-4.422351360321045
308,final,-5.255475044250488,-4.300011157989502
309,final,-5.160964012145996,-3.6576926708221436
310,final,-7.270596504211426,-5.527184009552002
311,final,-5.261014461517334,-4.353109359741211
312,final,-6.069577217102051,-5.09340238571167
313,final,-5.653859615325928,-4.755425930023193
314,final,-4.9880290031433105,-3.863650321960449
315,final,-5.118411540985107,-3.918522357940674
316,final,-4.684196949005127,-3.572394371032715
317,final,-6.217100620269775,-5.225912570953369
318,final,-4.861525058746338,-3.7281761169433594
319,final,-7.351217269897461,-5.896285057067871
320,final,-4.563340663909912,-3.7461400032043457
321,final,-6.036069869995117,-5.115911960601807
322,final,-5.563286781311035,-4.330451488494873
323,final,-5.658052921295166,-4.458890438079834
324,final,-5.844075679779053,-4.740920066833496
325,final,-5.140047550201416,-3.943955183029175
326,final,-5.521061420440674,-4.950983047485352
327,final,-6.793692588806152,-5.732800483703613
328,final,-4.002736568450928,-3.477696180343628
329,final,-5.519211292266846,-4.596960067749023
330,final,-5.026037216186523,-4.433650970458984
331,final,-6.4577531814575195,-5.5511345863342285
332,final,-6.462434768676758,-5.473865032196045
333,final,-4.971897125244141,-4.222196578979492
334,final,-4.750189781188965,-3.9571356773376465
335,final,-4.785146236419678,-3.786381483078003
336,final,-5.872121810913086,-4.640640735626221
337,final,-5.4198102951049805,-4.573991775512695
338,final,-3.5987751483917236,-3.0081655979156494
339,final,-5.800909996032715,-4.704771518707275
340,final,-4.541252613067627,-4.113943576812744
341,final,-7.815213203430176,-6.614789962768555
342,final,-8.590082168579102,-7.122533321380615
343,final,-8.4885835647583,-7.181540012359619
344,final,-6.232318878173828,-5.7731804847717285
345,final,-5.311151027679443,-4.94585657119751
346,final,-8.173869132995605,-6.481725215911865
347,final,-7.351667881011963,-5.962674617767334
348,final,-8.3115234375,-7.203859329223633
349,final,-5.713497161865234,-5.455786228179932
350,final,-7.463569641113281,-6.655345916748047
351,final,-7.577615261077881,-6.679320812225342
352,final,-6.675357818603516,-6.095981121063232
353,final,-9.075803756713867,-7.797576427459717
354,final,-5.6811089515686035,-5.142693519592285
355,final,-6.323760509490967,-5.87490701675415
356,final,-8.384159088134766,-7.523498058319092
357,final,-7.407083034515381,-6.4512939453125
358,final,-6.991676330566406,-5.982841491699219
359,final,-6.512848377227783,-5.985688209533691
360,final,-5.941129684448242,-5.464675426483154
361,final,-8.461631774902344,-6.712968349456787
362,final,-5.387970447540283,-4.614113807678223
363,final,-4.781728267669678,-4.685118675231934
364,final,-5.991822242736816,-5.010744571685791
365,final,-6.277458667755127,-5.056197166442871
366,final,-7.168274879455566,-6.5600128173828125
367,final,-6.4107794761657715,-5.875034809112549
368,final,-6.901014804840088,-6.466373443603516
369,final,-8.10482120513916,-7.348806858062744
370,final,-6.8313093185424805,-6.091968536376953
371,final,-6.9882659912109375,-6.515506744384766
372,final,-7.921866416931152,-6.8621039390563965
373,final,-8.19982624053955,-7.409925937652588
374,final,-6.023510932922363,-5.6998291015625
375,final,-4.916962623596191,-4.548674583435059
376,final,-5.983274459838867,-5.8030686378479
377,final,-8.461631774902344,-6.712968349456787
378,final,-4.781728267669678,-4.685118675231934
379,final,-6.220374584197998,-5.931483268737793
380,final,-5.176712989807129,-5.019899368286133
381,final,-7.240516185760498,-6.145347595214844
382,final,-5.6198272705078125,-5.263050079345703
383,final,-7.405989646911621,-6.665459632873535
384,final,-4.764970779418945,-4.348270416259766
385,final,-6.1428046226501465,-5.886386394500732
386,final,-6.620034217834473,-5.8168230056762695
387,final,-7.884458065032959,-6.408714771270752
388,final,-6.071856498718262,-5.691133499145508
389,final,-6.247917652130127,-5.3883466720581055
390,final,-5.629631996154785,-5.665227890014648
391,final,-6.264976978302002,-5.567608833312988
392,final,-5.940332889556885,-5.099781513214111
393,final,-7.859619140625,-6.909600257873535
394,final,-5.331173896789551,-5.1364216804504395
395,final,-7.821780681610107,-7.281351089477539
396,final,-7.070425987243652,-6.0689544677734375
397,final,-5.8203253746032715,-4.9573564529418945
398,final,-4.919290542602539,-4.879965782165527
399,final,-5.259580135345459,-4.537723064422607
400,final,-7.506850719451904,-6.605236530303955
401,final,-9.016797065734863,-7.161827087402344
402,final,-9.523885726928711,-8.751832008361816
403,final,-6.374053955078125,-5.302465438842773
404,final,-8.621798515319824,-6.892675876617432
405,final,-7.826176643371582,-6.698137283325195
406,final,-8.027369499206543,-6.518733978271484
407,final,-7.869007110595703,-6.90142822265625
408,final,-7.017955780029297,-5.929006099700928
409,final,-7.534112453460693,-6.433060646057129
410,final,-7.329688549041748,-5.985787391662598
411,final,-8.143438339233398,-6.952667713165283
412,final,-7.835066795349121,-7.087597370147705
413,final,-6.447977542877197,-5.718558311462402
414,final,-6.951160430908203,-6.306904315948486
415,final,-8.921890258789062,-7.709965229034424
416,final,-9.424647331237793,-8.297270774841309
417,final,-8.544973373413086,-7.621435642242432
418,final,-7.6045145988464355,-6.865416526794434
419,final,-6.374054431915283,-5.302465438842773
420,final,-6.120145797729492,-5.261683940887451
421,final,-5.60816764831543,-5.025169372558594
422,final,-5.610901832580566,-4.903079509735107
423,final,-5.9753875732421875,-5.241339206695557
424,final,-5.410235404968262,-4.688596725463867
425,final,-7.855911731719971,-6.582461357116699
426,final,-7.486201763153076,-6.41434383392334
427,final,-8.063886642456055,-6.988408088684082
428,final,-7.072368621826172,-5.939332962036133
429,final,-5.335008144378662,-4.864902019500732
430,final,-7.964757442474365,-6.89931058883667
431,final,-6.16220760345459,-5.491684913635254
432,final,-5.130629539489746,-4.539149284362793
433,final,-6.797366619110107,-5.574371814727783
434,final,-7.392698764801025,-6.3409504890441895
435,final,-5.790500640869141,-4.639010429382324
436,final,-5.779816627502441,-4.948636054992676
437,final,-5.217386722564697,-4.262360572814941
438,final,-5.643013954162598,-4.843077659606934
439,final,-6.209339618682861,-5.527514934539795
440,final,-7.6261162757873535,-6.60903787612915
441,final,-4.01383638381958,-3.6023013591766357
442,final,-6.771541118621826,-6.031802177429199
443,final,-6.115285396575928,-5.192144393920898
444,final,-6.633437633514404,-5.5996270179748535
445,final,-6.20476770401001,-5.128390312194824
446,final,-7.326541900634766,-6.040503025054932
447,final,-7.838987350463867,-6.168954372406006
448,final,-6.384206295013428,-5.245035171508789
449,final,-4.944352149963379,-4.091770172119141
450,final,-6.094095706939697,-4.912306785583496
451,final,-5.952030658721924,-4.782264709472656
452,final,-6.516104221343994,-4.903785228729248
453,final,-6.108405113220215,-4.772619724273682
454,final,-5.638701438903809,-4.403502941131592
455,final,-6.019288063049316,-5.1657891273498535
456,final,-5.596579074859619,-4.856856822967529
457,final,-6.141210079193115,-4.795239448547363
458,final,-5.942860126495361,-4.431081771850586
459,final,-5.913539409637451,-5.314058780670166
460,final,-5.826526165008545,-5.16821813583374
461,final,-4.195626735687256,-4.333879470825195
462,final,-4.195981025695801,-4.296859264373779
463,final,-5.618573188781738,-5.409526348114014
464,final,-5.440074443817139,-5.263665676116943
465,final,-4.9392008781433105,-5.117024898529053
466,final,-4.615573883056641,-4.679454803466797
467,final,-4.5261688232421875,-4.6837310791015625
468,final,-4.931301116943359,-5.028079509735107
469,final,-5.192842483520508,-5.087584018707275
470,final,-6.332100868225098,-6.019096374511719
471,final,-6.739899635314941,-6.017278671264648
472,final,-5.227755069732666,-5.475231170654297
473,final,-4.8670125007629395,-4.865437030792236
474,final,-5.231975078582764,-5.224056243896484
475,final,-4.434000015258789,-4.56368350982666
476,final,-4.864472389221191,-5.020601749420166
477,final,-4.687087535858154,-4.795304775238037
478,final,-4.176117420196533,-4.211313247680664
479,final,-4.078431129455566,-4.305347919464111
480,final,-4.539268970489502,-4.7264251708984375
481,final,-4.9945220947265625,-4.985476493835449
482,final,-5.7136125564575195,-5.908215522766113
483,final,-4.11133337020874,-4.397550582885742
484,final,-3.5286271572113037,-3.7538833618164062
485,final,-4.326750755310059,-4.366173267364502
486,final,-4.326750755310059,-4.366173267364502
487,final,-5.351568698883057,-5.387984275817871
488,final,-3.4085323810577393,-3.4703049659729004
489,final,-6.127555847167969,-5.41117000579834
490,final,-5.662688732147217,-5.963478088378906
491,final,-7.033165454864502,-7.133485317230225
492,final,-4.326750755310059,-4.366173267364502
493,final,-3.8142905235290527,-4.0342254638671875
494,final,-4.147810459136963,-4.44113826751709
495,final,-4.856765270233154,-4.2490739822387695
496,final,-4.068884372711182,-4.303262233734131
497,final,-4.091032028198242,-4.1416730880737305
498,final,-3.8142905235290527,-4.0342254638671875
499,final,-4.968443393707275,-4.475452423095703
500,final,-4.032881259918213,-4.621888160705566
501,final,-4.352785587310791,-4.573659420013428
502,final,-4.52142858505249,-5.0877509117126465
503,final,-5.893004417419434,-6.3658623695373535
504,final,-4.52522611618042,-4.709665775299072
505,final,-4.608294486999512,-5.14683198928833
506,final,-4.715344429016113,-4.370916366577148
507,final,-6.336655139923096,-6.511277675628662
508,final,-4.966741561889648,-5.164586067199707
509,final,-4.290368556976318,-4.652474880218506
510,final,-6.274698734283447,-5.785251140594482
511,final,-5.48552131652832,-5.633884906768799
512,final,-4.666441440582275,-4.8085246086120605
513,final,-4.819767951965332,-4.912220478057861
514,final,-5.152184009552002,-5.437980651855469
515,final,-5.568719387054443,-4.992623329162598
516,final,-5.236755847930908,-5.71146297454834
517,final,-3.4785516262054443,-3.8840630054473877
518,final,-5.642540454864502,-5.756241321563721
519,final,-6.593572616577148,-6.95864725112915
520,final,-6.765366077423096,-6.448513031005859
521,final,-6.298120498657227,-6.0493083000183105
522,final,-6.7607221603393555,-5.9860310554504395
523,final,-5.816877365112305,-5.6473069190979
524,final,-5.133471488952637,-4.850826740264893
525,final,-6.42262601852417,-6.232841491699219
526,final,-3.9080300331115723,-3.9890859127044678
527,final,-4.586265563964844,-4.370420455932617
528,final,-6.804183006286621,-6.385900974273682
529,final,-6.168027877807617,-5.654059886932373
530,final,-5.597219944000244,-5.456552028656006
531,final,-7.257376670837402,-6.762113571166992
532,final,-6.872817516326904,-5.583032608032227
533,final,-6.682300567626953,-6.217229843139648
534,final,-6.229709148406982,-4.874750137329102
535,final,-4.4541401863098145,-4.302074909210205
536,final,-4.977275371551514,-4.825157165527344
537,final,-7.257376670837402,-6.762113571166992
538,final,-4.101576328277588,-4.287459373474121
539,final,-4.901055812835693,-4.862840175628662
540,final,-4.398285865783691,-4.181453227996826
541,final,-4.431859016418457,-3.8203370571136475
542,final,-5.591355800628662,-5.352869510650635
543,final,-4.756560325622559,-4.398627758026123
544,final,-4.648634910583496,-4.241094589233398
545,final,-5.374940395355225,-4.388257026672363
546,final,-5.091802597045898,-4.192015647888184
547,final,-5.853285312652588,-5.482894420623779
548,final,-4.724181652069092,-4.142542839050293
549,final,-4.992482662200928,-4.733249664306641
550,final,-5.199793338775635,-4.809042930603027
551,final,-6.197018146514893,-5.907558441162109
552,final,-5.129120349884033,-4.904302597045898
553,final,-5.743227481842041,-5.450201988220215
554,final,-6.6158246994018555,-5.729026794433594
555,final,-5.751008987426758,-5.431666374206543
556,final,-4.354360580444336,-3.881075620651245
557,final,-5.557312488555908,-5.3519606590271
558,final,-4.732283115386963,-4.192861557006836
559,final,-4.746330738067627,-4.732394218444824
560,final,-5.679567337036133,-5.184623718261719
561,final,-5.416079521179199,-5.078688621520996
562,final,-5.87547492980957,-5.837353229522705
563,final,-4.483985424041748,-4.515977382659912
564,final,-5.8805413246154785,-5.46000337600708
565,final,-4.644870281219482,-4.249523162841797
566,final,-5.04132080078125,-4.809403419494629
567,final,-5.352536678314209,-4.823354721069336
568,final,-5.046243190765381,-4.212279319763184
569,final,-5.265783309936523,-4.975531101226807
570,final,-5.831424713134766,-5.367231369018555
571,final,-5.089205741882324,-4.451877593994141
572,final,-5.2142014503479,-4.490690231323242
573,final,-6.646821975708008,-6.505651473999023
574,final,-4.530468940734863,-4.328296184539795
575,final,-4.481930255889893,-4.088325023651123
576,final,-3.9173686504364014,-4.133500099182129
577,final,-3.8739912509918213,-3.702178955078125
578,final,-3.7577154636383057,-3.9156887531280518
579,final,-4.349553108215332,-3.9709160327911377
580,final,-3.9139962196350098,-3.4755258560180664
581,final,-6.163429260253906,-5.290566444396973
582,final,-4.666751861572266,-4.132691860198975
583,final,-5.585211277008057,-4.300593852996826
584,final,-5.169774532318115,-4.733632564544678
585,final,-4.497600078582764,-3.953153133392334
586,final,-3.8829123973846436,-3.1547155380249023
587,final,-6.265068531036377,-5.26419734954834
588,final,-5.092470169067383,-4.489861965179443
589,final,-5.262401580810547,-4.8630876541137695
590,final,-6.069034576416016,-5.406598091125488
591,final,-6.620151519775391,-5.4087605476379395
592,final,-5.879187107086182,-5.244594097137451
593,final,-4.584448337554932,-4.105782508850098
594,final,-4.347555637359619,-3.8111865520477295
595,final,-6.237307071685791,-4.9386067390441895
596,final,-4.351763725280762,-3.7805662155151367
597,final,-5.17525053024292,-4.175272464752197
598,final,-7.105254650115967,-5.641342639923096
599,final,-4.871002197265625,-3.9104437828063965
600,final,-6.007100582122803,-5.263134002685547
601,final,-6.134439945220947,-5.485653400421143
602,final,-6.183358669281006,-5.533413887023926
603,final,-6.597005367279053,-5.913995265960693
604,final,-6.007100582122803,-5.263134002685547
605,final,-4.674142360687256,-4.328094482421875
606,final,-6.248285293579102,-5.376221179962158
607,final,-4.710538387298584,-4.318259239196777
608,final,-5.748874187469482,-4.942160606384277
609,final,-5.23331880569458,-4.6829376220703125
610,final,-4.195754528045654,-3.8061280250549316
611,final,-6.183359146118164,-5.533413887023926
612,final,-4.285464763641357,-3.6808032989501953
613,final,-4.772075653076172,-4.400705814361572
614,final,-4.747560024261475,-4.236513137817383
615,final,-4.875577449798584,-4.477482795715332
616,final,-4.630344390869141,-3.956897258758545
617,final,-6.354818344116211,-5.539677143096924
618,final,-4.595202922821045,-4.157930850982666
619,final,-5.568109035491943,-5.087993144989014
620,final,-5.003829479217529,-4.545592308044434
621,final,-6.414910316467285,-5.454995155334473
622,final,-6.203442096710205,-5.48219633102417
623,final,-4.637845516204834,-4.50838041305542
624,final,-4.9272236824035645,-4.598268508911133
625,final,-5.265340805053711,-4.947889804840088
626,final,-6.27702522277832,-5.672885894775391
627,final,-4.150702476501465,-3.4132392406463623
628,final,-5.24072265625,-4.582777976989746
629,final,-6.530627250671387,-5.636870384216309
630,final,-6.601448059082031,-5.241135120391846
631,final,-5.963368892669678,-5.1614670753479
632,final,-3.9250025749206543,-3.552257537841797
633,final,-4.138399124145508,-3.9452948570251465
634,final,-5.341097831726074,-4.736827373504639
635,final,-3.5856547355651855,-3.223592758178711
636,final,-5.579007625579834,-4.975800514221191
637,final,-4.769538879394531,-4.296435356140137
638,final,-5.342389106750488,-4.952861309051514
639,final,-5.081323623657227,-4.262452602386475
640,final,-6.658357620239258,-5.119224548339844
641,final,-5.805107116699219,-4.7104811668396
642,final,-5.605988502502441,-4.4497246742248535
643,final,-6.973842620849609,-5.84995174407959
644,final,-6.687795162200928,-6.0443010330200195
645,final,-6.109711647033691,-4.666430473327637
646,final,-7.795506954193115,-6.451152801513672
647,final,-6.028686046600342,-5.28632116317749
648,final,-7.640553951263428,-5.88373327255249
649,final,-6.976198673248291,-5.5985798835754395
650,final,-6.374748706817627,-5.249350070953369
651,final,-5.408496379852295,-4.506775379180908
652,final,-4.8453521728515625,-4.4323320388793945
653,final,-5.983877182006836,-5.135101795196533
654,final,-6.210276126861572,-5.623513698577881
655,final,-6.978694438934326,-5.702478885650635
656,final,-6.948280334472656,-6.02630090713501
657,final,-6.657534122467041,-5.35192346572876
658,final,-7.530986309051514,-6.058748722076416
659,final,-5.728673458099365,-5.034782886505127
660,final,-6.472112655639648,-4.95455265045166
661,final,-5.189078330993652,-4.027688026428223
662,final,-6.163907051086426,-4.863504409790039
663,final,-6.0025153160095215,-4.790044784545898
664,final,-5.264019966125488,-4.330102920532227
665,final,-4.895960330963135,-3.9016263484954834
666,final,-4.011967658996582,-2.940112829208374
667,final,-5.58389949798584,-4.464974403381348
668,final,-4.995711326599121,-4.209377765655518
669,final,-4.239238739013672,-3.3523306846618652
670,final,-6.620575904846191,-5.209427833557129
671,final,-4.964737892150879,-3.529695987701416
672,final,-5.794643402099609,-4.602935791015625
673,final,-4.637757778167725,-3.8232192993164062
674,final,-6.62057638168335,-5.209427833557129
675,final,-5.667731285095215,-5.034400939941406
676,final,-7.055898666381836,-5.712220668792725
677,final,-5.490815162658691,-4.662999153137207
678,final,-5.692015647888184,-4.966428279876709
679,final,-6.089161396026611,-5.236961364746094
680,final,-5.5425896644592285,-4.370632171630859
681,final,-5.193607807159424,-4.142001628875732
682,final,-5.022035598754883,-4.0724029541015625
683,final,-6.0225348472595215,-5.095889091491699
684,final,-5.251731872558594,-3.953824043273926
685,final,-4.698651313781738,-3.910236358642578
686,final,-5.681304931640625,-4.439968585968018
687,final,-3.825021266937256,-3.035503387451172
688,final,-5.893435478210449,-4.758749008178711
689,final,-6.196212291717529,-5.185284614562988
690,final,-4.89987325668335,-3.8801660537719727
691,final,-4.029695510864258,-3.3853368759155273
692,final,-5.617565631866455,-4.569345474243164
693,final,-5.072770118713379,-4.208402633666992
694,final,-5.303239822387695,-4.354977607727051
695,final,-5.946659088134766,-5.027393341064453
696,final,-6.676486968994141,-5.473045349121094
697,final,-4.9178314208984375,-3.8970792293548584
698,final,-4.983349800109863,-4.074480056762695
699,final,-4.697606086730957,-3.4889602661132812
0,best,-5.79675817489624,-4.422556400299072
1,best,-5.384500026702881,-4.301326274871826
2,best,-3.857121706008911,-3.3099262714385986
3,best,-6.154093265533447,-4.9977946281433105
4,best,-5.824244976043701,-4.229162216186523
5,best,-5.2171220779418945,-4.082692623138428
6,best,-7.1693220138549805,-5.490649700164795
7,best,-5.31560754776001,-3.9284799098968506
8,best,-4.404038906097412,-3.274960994720459
9,best,-3.857121706008911,-3.3099262714385986
10,best,-6.488770484924316,-4.610537052154541
11,best,-4.343137264251709,-3.6542410850524902
12,best,-4.947214603424072,-3.5243091583251953
13,best,-5.799732208251953,-4.298540115356445
14,best,-4.404038906097412,-3.274960994720459
15,best,-6.71274471282959,-5.209249019622803
16,best,-5.015053749084473,-3.890345335006714
17,best,-5.098419189453125,-4.230766296386719
18,best,-6.623263359069824,-5.427507400512695
19,best,-5.992461204528809,-4.7117838859558105
20,best,-4.599944591522217,-3.7332403659820557
21,best,-5.181856632232666,-4.0295844078063965
22,best,-6.799345970153809,-5.125674247741699
23,best,-4.499617576599121,-3.4112133979797363
24,best,-5.8383660316467285,-4.412355422973633
25,best,-4.499617576599121,-3.4112133979797363
26,best,-6.381692409515381,-4.836788177490234
27,best,-7.122653007507324,-5.670403957366943
28,best,-5.274946212768555,-4.498840808868408
29,best,-6.791709899902344,-4.8856120109558105
30,best,-4.499472618103027,-3.750194549560547
31,best,-5.2140302658081055,-3.816526174545288
32,best,-6.79934549331665,-5.125674247741699
33,best,-5.2140302658081055,-3.816526174545288
34,best,-5.2393646240234375,-4.13855504989624
35,best,-6.980504035949707,-5.412715435028076
36,best,-5.274946689605713,-4.498840808868408
37,best,-5.2140302658081055,-3.816526174545288
38,best,-4.082684516906738,-3.341348886489868
39,best,-4.510156154632568,-3.651846170425415
40,best,-5.0809149742126465,-4.12755012512207
41,best,-5.32886266708374,-4.3460235595703125
42,best,-5.091401100158691,-4.127204418182373
43,best,-7.002728462219238,-5.514486789703369
44,best,-5.884324550628662,-4.444950580596924
45,best,-5.426929950714111,-4.400478839874268
46,best,-5.334828853607178,-4.145560264587402
47,best,-5.875502109527588,-4.852145195007324
48,best,-6.261634826660156,-5.160337924957275
49,best,-5.25903844833374,-4.295066833496094
50,best,-6.416754722595215,-4.834758758544922
51,best,-6.202402591705322,-5.015561103820801
52,best,-6.0874810218811035,-4.84012508392334
53,best,-5.796389102935791,-4.459852695465088
54,best,-5.874335289001465,-4.751269340515137
55,best,-5.23594331741333,-4.235808372497559
56,best,-4.898623466491699,-3.9458155632019043
57,best,-4.167268753051758,-3.443565607070923
58,best,-5.80468225479126,-4.233081340789795
59,best,-5.033583641052246,-3.9384241104125977
60,best,-6.272424697875977,-5.274899959564209
61,best,-7.148703575134277,-5.027390956878662
62,best,-8.329148292541504,-6.6773247718811035
63,best,-8.11901569366455,-5.827833652496338
64,best,-6.446865081787109,-5.188790798187256
65,best,-4.972530841827393,-3.7896244525909424
66,best,-5.467434406280518,-4.06137752532959
67,best,-8.911792755126953,-6.882148742675781
68,best,-7.045825004577637,-5.64194917678833
69,best,-6.225607872009277,-4.929573059082031
70,best,-6.199005603790283,-4.548699855804443
71,best,-7.060666561126709,-5.675344944000244
72,best,-5.812028408050537,-4.487086772918701
73,best,-5.474660396575928,-4.501619338989258
74,best,-5.642358303070068,-4.522711277008057
75,best,-7.465054512023926,-5.520835876464844
76,best,-5.9848480224609375,-4.383292198181152
77,best,-7.495342254638672,-5.756767272949219
78,best,-5.696125030517578,-4.932713031768799
79,best,-6.20514440536499,-4.759476661682129
80,best,-4.437962532043457,-3.763530731201172
81,best,-4.586670875549316,-3.3335952758789062
82,best,-6.3192458152771,-4.847825527191162
83,best,-5.3319597244262695,-4.436311721801758
84,best,-5.185331344604492,-4.291406154632568
85,best,-6.842495441436768,-5.358929634094238
86,best,-6.089029312133789,-4.963455677032471
87,best,-5.779654026031494,-4.630006790161133
88,best,-5.874273300170898,-4.590402603149414
89,best,-4.517441749572754,-3.7405524253845215
90,best,-6.08807897567749,-4.906801700592041
91,best,-7.8681135177612305,-6.140939712524414
92,best,-4.602847576141357,-3.6372427940368652
93,best,-5.1297607421875,-3.763413667678833
94,best,-5.129685401916504,-3.860713005065918
95,best,-5.573848724365234,-4.665125846862793
96,best,-5.0763044357299805,-3.890516519546509
97,best,-5.3828959465026855,-4.42832088470459
98,best,-7.0856709480285645,-5.59578800201416
99,best,-5.24479341506958,-4.418719291687012
100,best,-6.45177698135376,-4.619040489196777
101,best,-4.982289791107178,-3.9073877334594727
102,best,-6.569316864013672,-4.937079906463623
103,best,-4.8530707359313965,-3.751793622970581
104,best,-4.8530707359313965,-3.751793622970581
105,best,-5.497191429138184,-4.141456604003906
106,best,-6.325747013092041,-4.7309250831604
107,best,-5.956012725830078,-4.65823221206665
108,best,-4.314777851104736,-3.478048801422119
109,best,-6.305706024169922,-5.214718341827393
110,best,-6.202538967132568,-4.379780292510986
111,best,-4.754271507263184,-3.5244040489196777
112,best,-6.376931667327881,-4.774292469024658
113,best,-6.4945197105407715,-4.334634304046631
114,best,-4.814118385314941,-3.958014488220215
115,best,-5.289156436920166,-4.314298629760742
116,best,-6.244626998901367,-4.763458251953125
117,best,-6.116703033447266,-4.487925052642822
118,best,-6.325747013092041,-4.7309250831604
119,best,-7.275942325592041,-4.926941871643066
120,best,-3.5769195556640625,-2.666701078414917
121,best,-4.012709617614746,-3.026895523071289
122,best,-4.773144245147705,-3.8615002632141113
123,best,-4.9812912940979,-3.690880537033081
124,best,-4.395627021789551,-3.4680888652801514
125,best,-6.3214898109436035,-4.796591281890869
126,best,-5.939368724822998,-4.832372665405273
127,best,-5.364180088043213,-3.9702837467193604
128,best,-4.025055885314941,-3.046328067779541
129,best,-6.166626930236816,-4.822978973388672
130,best,-4.849826812744141,-3.600435495376587
131,best,-5.369671821594238,-4.272398471832275
132,best,-4.04447603225708,-3.2358949184417725
133,best,-6.189462184906006,-4.627225399017334
134,best,-6.166626930236816,-4.822978973388672
135,best,-4.6026611328125,-3.3569748401641846
136,best,-3.9800589084625244,-2.9907548427581787
137,best,-4.6026611328125,-3.3569748401641846
138,best,-6.321489334106445,-4.796591281890869
139,best,-4.756812572479248,-3.853548526763916
140,best,-4.180527210235596,-3.334033250808716
141,best,-5.003463268280029,-4.022994041442871
142,best,-5.453701972961426,-4.337790489196777
143,best,-3.9276702404022217,-3.007706642150879
144,best,-6.530433654785156,-5.101100921630859
145,best,-5.68682336807251,-4.544468879699707
146,best,-6.056501865386963,-4.8757524490356445
147,best,-6.83255672454834,-5.446470737457275
148,best,-5.504619598388672,-4.285915374755859
149,best,-4.651009559631348,-3.697144031524658
150,best,-5.960474491119385,-4.597933292388916
151,best,-5.539843559265137,-4.608534812927246
152,best,-5.522822380065918,-4.358146667480469
153,best,-5.563052654266357,-4.6610894203186035
154,best,-4.180527210235596,-3.334033250808716
155,best,-6.056501865386963,-4.8757524490356445
156,best,-5.87152624130249,-4.828754901885986
157,best,-5.758351802825928,-4.700308322906494
158,best,-4.490846633911133,-3.5729992389678955
159,best,-6.056501865386963,-4.8757524490356445
160,best,-6.501811981201172,-4.86427640914917
161,best,-7.062119960784912,-4.9182353019714355
162,best,-6.611718654632568,-4.914453983306885
163,best,-7.137722015380859,-5.3197150230407715
164,best,-7.405082702636719,-5.424124240875244
165,best,-4.101941108703613,-3.001380205154419
166,best,-5.654026508331299,-3.9338531494140625
167,best,-7.137722015380859,-5.3197150230407715
168,best,-6.14080286026001,-4.382096290588379
169,best,-5.047797679901123,-3.715944528579712
170,best,-7.303581237792969,-5.097681999206543
171,best,-6.249218940734863,-4.142724514007568
172,best,-5.417665004730225,-3.9980220794677734
173,best,-7.495371341705322,-5.892879962921143
174,best,-7.211888313293457,-5.617533206939697
175,best,-5.612998962402344,-3.855767011642456
176,best,-7.581805229187012,-5.502770900726318
177,best,-5.198567867279053,-4.079392433166504
178,best,-5.865528583526611,-4.387233734130859
179,best,-7.077864170074463,-4.925475597381592
180,best,-5.330375671386719,-3.9304211139678955
181,best,-4.423215866088867,-3.1950724124908447
182,best,-4.489046096801758,-3.5171194076538086
183,best,-5.527840614318848,-4.4542670249938965
184,best,-5.909964561462402,-4.703049182891846
185,best,-5.998991012573242,-4.330984115600586
186,best,-5.743997097015381,-4.397150039672852
187,best,-7.188162803649902,-5.460685729980469
188,best,-4.5306501388549805,-3.4182000160217285
189,best,-5.610340118408203,-4.636442184448242
190,best,-5.480825424194336,-3.98514461517334
191,best,-5.330375671386719,-3.9304211139678955
192,best,-6.012467861175537,-5.006796836853027
193,best,-6.015913009643555,-4.471771240234375
194,best,-5.439993381500244,-4.503841876983643
195,best,-6.509866714477539,-5.345075607299805
196,best,-5.616955757141113,-4.741025924682617
197,best,-6.102264881134033,-4.50739049911499
198,best,-7.193017482757568,-5.547641754150391
199,best,-5.389509201049805,-4.212204933166504
200,best,-3.7050864696502686,-3.070422649383545
201,best,-5.449334621429443,-4.322079658508301
202,best,-5.0496439933776855,-4.073132514953613
203,best,-5.760965824127197,-4.187681674957275
204,best,-5.760965824127197,-4.187681674957275
205,best,-4.2099504470825195,-3.1966607570648193
206,best,-6.571225643157959,-5.008442401885986
207,best,-6.1952948570251465,-4.932961940765381
208,best,-5.760965824127197,-4.187681674957275
209,best,-4.2099504470825195,-3.1966607570648193
210,best,-5.701375484466553,-4.4272074699401855
211,best,-6.038707733154297,-4.537430763244629
212,best,-6.038707733154297,-4.537430763244629
213,best,-5.836768627166748,-4.293798446655273
214,best,-5.701375484466553,-4.4272074699401855
215,best,-5.492942810058594,-4.514950752258301
216,best,-5.954206943511963,-4.599578857421875
217,best,-6.143693447113037,-4.750637531280518
218,best,-4.669157981872559,-3.5872554779052734
219,best,-4.411096572875977,-3.1863174438476562
220,best,-4.971199035644531,-4.330690860748291
221,best,-4.201580047607422,-3.850023031234741
222,best,-5.699952125549316,-4.981104850769043
223,best,-5.698537349700928,-5.026350975036621
224,best,-5.504357814788818,-4.898093223571777
225,best,-5.03170108795166,-4.659285545349121
226,best,-4.544249057769775,-4.088345527648926
227,best,-4.461609840393066,-3.9818763732910156
228,best,-5.0944437980651855,-4.659310340881348
229,best,-5.03170108795166,-4.659285545349121
230,best,-5.694249629974365,-4.9845476150512695
231,best,-3.6526918411254883,-3.120389938354492
232,best,-5.302743434906006,-4.73819637298584
233,best,-5.864600658416748,-5.067178726196289
234,best,-6.070080757141113,-5.197071075439453
235,best,-4.967846870422363,-4.54170560836792
236,best,-3.7907519340515137,-3.3138465881347656
237,best,-3.896148681640625,-3.421908378601074
238,best,-5.458709239959717,-4.586224555969238
239,best,-4.417631149291992,-3.8871943950653076
240,best,-3.692314624786377,-3.2923858165740967
241,best,-4.989299297332764,-4.5372090339660645
242,best,-5.74820613861084,-5.233037948608398
243,best,-4.492308139801025,-4.082076072692871
244,best,-5.343840599060059,-4.7525835037231445
245,best,-6.04574728012085,-5.449414253234863
246,best,-5.039677143096924,-4.524949073791504
247,best,-5.029245853424072,-4.544038772583008
248,best,-5.157463073730469,-4.664283752441406
249,best,-5.537613868713379,-5.019718170166016
250,best,-4.899452209472656,-4.4489264488220215
251,best,-4.754254341125488,-4.478912353515625
252,best,-4.404555797576904,-4.127401828765869
253,best,-4.702491760253906,-4.263454437255859
254,best,-3.915621280670166,-3.557525634765625
255,best,-5.178976058959961,-4.726810932159424
256,best,-6.0151753425598145,-5.343420028686523
257,best,-6.374954700469971,-5.6186041831970215
258,best,-4.009573936462402,-3.5972094535827637
259,best,-3.5049777030944824,-3.0997164249420166
260,best,-5.46421480178833,-5.001530647277832
261,best,-5.014774322509766,-4.679328918457031
262,best,-4.764350891113281,-4.1082353591918945
263,best,-5.455132961273193,-4.993220329284668
264,best,-5.300137996673584,-4.716679573059082
265,best,-5.049620628356934,-4.809524059295654
266,best,-4.698660373687744,-4.185772895812988
267,best,-4.303572654724121,-3.7430777549743652
268,best,-5.31848669052124,-4.695169925689697
269,best,-5.946420669555664,-4.928374290466309
270,best,-5.007901668548584,-4.445134162902832
271,best,-4.3040361404418945,-3.778857707977295
272,best,-4.139009475708008,-3.6246299743652344
273,best,-5.117692947387695,-4.2824320793151855
274,best,-5.92961311340332,-5.184185981750488
275,best,-3.795625686645508,-3.844865560531616
276,best,-5.205303192138672,-4.208376884460449
277,best,-4.1424784660339355,-4.04691743850708
278,best,-4.420668125152588,-4.352255344390869
279,best,-5.17946720123291,-4.4891557693481445
280,best,-7.8090500831604,-6.3579421043396
281,best,-5.5496745109558105,-4.823357582092285
282,best,-6.1761860847473145,-5.202754974365234
283,best,-5.833892345428467,-4.906440734863281
284,best,-5.429585933685303,-4.769463539123535
285,best,-5.220438003540039,-4.516941547393799
286,best,-6.804553031921387,-5.95803165435791
287,best,-6.6491312980651855,-5.819704532623291
288,best,-6.70914888381958,-5.730259895324707
289,best,-5.167628765106201,-4.656603813171387
290,best,-6.596957683563232,-6.275774955749512
291,best,-6.657552242279053,-5.777755260467529
292,best,-6.406063556671143,-5.6528239250183105
293,best,-6.388794898986816,-5.481234073638916
294,best,-4.842746734619141,-4.200140953063965
295,best,-5.147293567657471,-4.428020000457764
296,best,-5.954744815826416,-4.986709117889404
297,best,-7.678928375244141,-6.217828273773193
298,best,-5.888469696044922,-4.900472640991211
299,best,-6.617018699645996,-5.863781929016113
300,best,-6.096589088439941,-5.125009059906006
301,best,-5.773813724517822,-4.594971179962158
302,best,-4.991461277008057,-4.622666835784912
303,best,-6.231988430023193,-5.502111911773682
304,best,-5.88954496383667,-4.9286675453186035
305,best,-6.476114273071289,-5.399197578430176
306,best,-7.958342552185059,-6.49767541885376
307,best,-5.2360711097717285,-4.392066478729248
308,best,-5.046392440795898,-4.167715072631836
309,best,-4.876193046569824,-3.8061277866363525
310,best,-6.812384605407715,-5.592850208282471
311,best,-5.166502475738525,-4.264767169952393
312,best,-5.967593193054199,-5.2406487464904785
313,best,-5.487799644470215,-4.803959369659424
314,best,-4.963161468505859,-4.105223178863525
315,best,-4.775201320648193,-4.02504301071167
316,best,-4.360088348388672,-3.515763759613037
317,best,-6.268189907073975,-5.3965983390808105
318,best,-4.55778694152832,-3.869637966156006
319,best,-6.834836483001709,-5.65927791595459
320,best,-4.016701698303223,-3.3302223682403564
321,best,-5.677539825439453,-4.8867669105529785
322,best,-5.306299209594727,-4.340435981750488
323,best,-5.406300067901611,-4.249961853027344
324,best,-5.7722578048706055,-4.804973125457764
325,best,-4.996636390686035,-4.0449934005737305
326,best,-4.986845970153809,-4.39924430847168
327,best,-6.13173246383667,-5.211729049682617
328,best,-3.3329358100891113,-3.0285067558288574
329,best,-5.239048957824707,-4.297497272491455
330,best,-4.724035263061523,-4.212117671966553
331,best,-5.8389129638671875,-5.045347213745117
332,best,-6.120232105255127,-4.956483364105225
333,best,-4.831259727478027,-4.2718377113342285
334,best,-4.326678276062012,-3.772643566131592
335,best,-4.231561183929443,-3.363190174102783
336,best,-5.527511119842529,-4.6446332931518555
337,best,-5.304996490478516,-4.542446613311768
338,best,-3.58229398727417,-2.9442129135131836
339,best,-5.542905330657959,-4.476698875427246
340,best,-3.9681591987609863,-3.5433602333068848
341,best,-7.387328147888184,-6.021525859832764
342,best,-7.771365165710449,-6.074907302856445
343,best,-7.509886741638184,-6.3514180183410645
344,best,-5.14418363571167,-4.586414337158203
345,best,-4.556892395019531,-3.99023699760437
346,best,-7.254223823547363,-5.7090163230896
347,best,-6.1508469581604,-4.94093656539917
348,best,-7.6749677658081055,-6.459192752838135
349,best,-4.670536518096924,-4.316913604736328
350,best,-6.460497856140137,-6.030766010284424
351,best,-7.315831184387207,-6.380786418914795
352,best,-5.658319473266602,-4.915956020355225
353,best,-7.518877983093262,-6.266099452972412
354,best,-4.953522205352783,-4.1142497062683105
355,best,-5.598429203033447,-5.456934452056885
356,best,-7.253907203674316,-6.6954665184021
357,best,-7.189539909362793,-6.135570049285889
358,best,-6.068580627441406,-5.035370349884033
359,best,-5.490499973297119,-5.074159145355225
360,best,-4.660698413848877,-4.230687618255615
361,best,-7.341963768005371,-5.828558444976807
362,best,-4.5061821937561035,-3.799896717071533
363,best,-4.528353214263916,-4.445562839508057
364,best,-5.1395583152771,-4.302627086639404
365,best,-5.552772521972656,-4.544147968292236
366,best,-6.327233791351318,-5.952286243438721
367,best,-5.550538063049316,-5.013119697570801
368,best,-6.370035648345947,-5.900917053222656
369,best,-7.875309944152832,-7.156761169433594
370,best,-5.811591148376465,-5.290335655212402
371,best,-6.797682762145996,-6.490394115447998
372,best,-7.079843997955322,-5.896427631378174
373,best,-7.3149094581604,-6.8457489013671875
374,best,-5.459297180175781,-5.24602746963501
375,best,-4.305727481842041,-3.9291415214538574
376,best,-5.583732604980469,-5.351863861083984
377,best,-7.341963768005371,-5.828558444976807
378,best,-4.528353214263916,-4.445562839508057
379,best,-5.720111846923828,-5.50445032119751
380,best,-5.302395343780518,-4.949112415313721
381,best,-6.527861595153809,-5.48954963684082
382,best,-4.8060479164123535,-4.534700393676758
383,best,-7.031826496124268,-6.640403747558594
384,best,-4.629443168640137,-4.048882961273193
385,best,-5.540638446807861,-5.569149971008301
386,best,-6.008228778839111,-5.18280029296875
387,best,-7.408905982971191,-6.181299209594727
388,best,-5.97978401184082,-5.677154541015625
389,best,-5.717844486236572,-4.918873310089111
390,best,-5.388968467712402,-5.433398246765137
391,best,-5.925772666931152,-5.312307357788086
392,best,-5.424107074737549,-4.622524261474609
393,best,-7.489043235778809,-6.302093029022217
394,best,-4.764486789703369,-4.725708961486816
395,best,-7.200514316558838,-6.823787689208984
396,best,-6.366115093231201,-5.570395469665527
397,best,-5.479194164276123,-4.726703643798828
398,best,-5.136993408203125,-4.686315536499023
399,best,-4.740288257598877,-4.1485595703125
400,best,-6.816450119018555,-5.73280668258667
401,best,-8.627812385559082,-6.610925197601318
402,best,-9.061344146728516,-8.295828819274902
403,best,-5.430884838104248,-4.646240711212158
404,best,-7.537834167480469,-5.884143352508545
405,best,-7.478588104248047,-6.197535991668701
406,best,-6.567546367645264,-5.35127592086792
407,best,-7.079009532928467,-5.780458927154541
408,best,-6.194857120513916,-5.341868877410889
409,best,-7.047994136810303,-5.7337799072265625
410,best,-6.466149806976318,-4.998978614807129
411,best,-7.222105503082275,-6.150707721710205
412,best,-6.427925109863281,-5.603959560394287
413,best,-5.559509754180908,-4.8396453857421875
414,best,-6.219753265380859,-5.74104642868042
415,best,-7.9279375076293945,-6.747265338897705
416,best,-8.313128471374512,-6.9595513343811035
417,best,-7.854055881500244,-6.9030585289001465
418,best,-6.379104137420654,-5.498245716094971
419,best,-5.430884838104248,-4.646240711212158
420,best,-5.772368431091309,-4.90464448928833
421,best,-5.040221214294434,-4.773441791534424
422,best,-5.528952598571777,-4.8751301765441895
423,best,-5.710912704467773,-5.2056379318237305
424,best,-5.16364860534668,-4.726446151733398
425,best,-7.147130012512207,-6.295694351196289
426,best,-6.816768169403076,-6.053699970245361
427,best,-7.815280914306641,-6.883064270019531
428,best,-6.566607475280762,-5.793062210083008
429,best,-5.272085666656494,-4.792749881744385
430,best,-7.626194477081299,-6.721774101257324
431,best,-6.036042213439941,-5.5306172370910645
432,best,-4.976972579956055,-4.575462818145752
433,best,-6.559336185455322,-5.402899265289307
434,best,-6.485012054443359,-5.869723320007324
435,best,-5.222712516784668,-4.447350978851318
436,best,-5.41345739364624,-5.073761463165283
437,best,-4.837536811828613,-3.903069257736206
438,best,-5.749704837799072,-4.903038024902344
439,best,-5.832766532897949,-5.472906112670898
440,best,-6.826591491699219,-5.597179889678955
441,best,-3.849391222000122,-3.345183849334717
442,best,-6.162439346313477,-5.1672749519348145
443,best,-5.3552446365356445,-4.514154434204102
444,best,-5.761940002441406,-4.898024559020996
445,best,-5.664642333984375,-4.954276084899902
446,best,-6.5554680824279785,-5.458821773529053
447,best,-7.41703987121582,-6.128544807434082
448,best,-5.524771690368652,-4.634075164794922
449,best,-4.2037763595581055,-3.4646971225738525
450,best,-5.664731502532959,-4.50231409072876
451,best,-5.57167387008667,-4.560980796813965
452,best,-6.193290710449219,-4.749744415283203
453,best,-5.486050128936768,-4.299105644226074
454,best,-4.934566020965576,-4.165648460388184
455,best,-5.4652581214904785,-4.739621162414551
456,best,-4.941405296325684,-4.490726947784424
457,best,-5.319714069366455,-4.353329658508301
458,best,-5.544348239898682,-4.20796537399292
459,best,-5.225076198577881,-5.01971960067749
460,best,-5.792636871337891,-4.862051486968994
461,best,-3.9796619415283203,-3.9969136714935303
462,best,-3.9196982383728027,-4.170057773590088
463,best,-5.350950717926025,-5.20948600769043
464,best,-5.140496730804443,-5.194705009460449
465,best,-4.825438499450684,-4.983301162719727
466,best,-4.019708633422852,-4.2149457931518555
467,best,-3.821319103240967,-3.898343086242676
468,best,-4.3897247314453125,-4.569094657897949
469,best,-4.944695949554443,-5.080097198486328
470,best,-5.734809398651123,-5.404524803161621
471,best,-6.151233196258545,-5.645563125610352
472,best,-4.875356197357178,-4.9647321701049805
473,best,-4.64515495300293,-4.587231636047363
474,best,-5.0532073974609375,-5.05480432510376
475,best,-4.0497822761535645,-4.284753799438477
476,best,-4.483099937438965,-4.584387302398682
477,best,-4.49319314956665,-4.674785614013672
478,best,-3.96364688873291,-4.180840969085693
479,best,-3.887638568878174,-4.008248805999756
480,best,-4.468516826629639,-4.499703884124756
481,best,-4.9675068855285645,-4.932029724121094
482,best,-5.529233455657959,-5.220227241516113
483,best,-3.963261365890503,-4.055213928222656
484,best,-3.3937461376190186,-3.5428738594055176
485,best,-4.3956074714660645,-4.47456693649292
486,best,-4.3956074714660645,-4.47456693649292
487,best,-5.221231460571289,-5.168403148651123
488,best,-3.422194719314575,-3.5149171352386475
489,best,-5.708607196807861,-5.144807815551758
490,best,-5.375136852264404,-5.317835807800293
491,best,-6.391597747802734,-6.143266677856445
492,best,-4.3956074714660645,-4.47456693649292
493,best,-3.634478807449341,-3.783299207687378
494,best,-3.8151469230651855,-3.9286630153656006
495,best,-4.489716529846191,-4.027945518493652
496,best,-3.9270145893096924,-4.094475269317627
497,best,-4.053991317749023,-4.060117244720459
498,best,-3.634478807449341,-3.783299207687378
499,best,-4.690433502197266,-4.158488750457764
500,best,-3.9357845783233643,-4.393022060394287
501,best,-4.256936550140381,-4.474289417266846
502,best,-4.212996959686279,-4.542214393615723
503,best,-5.88151216506958,-5.930700778961182
504,best,-4.6626152992248535,-4.397085666656494
505,best,-4.387403964996338,-4.412215232849121
506,best,-4.36185359954834,-4.179927349090576
507,best,-6.187652587890625,-6.117392063140869
508,best,-4.753268718719482,-4.787587642669678
509,best,-4.196110248565674,-4.3524980545043945
510,best,-6.18595552444458,-5.700450897216797
511,best,-5.353221416473389,-5.218361854553223
512,best,-4.807596683502197,-4.714226245880127
513,best,-4.628145694732666,-4.658212661743164
514,best,-5.113895893096924,-5.24911642074585
515,best,-5.4800567626953125,-4.920222759246826
516,best,-5.13166618347168,-5.22937536239624
517,best,-3.2398154735565186,-3.6552703380584717
518,best,-5.537765026092529,-5.569040298461914
519,best,-6.583138465881348,-6.465065956115723
520,best,-6.191620349884033,-5.700106620788574
521,best,-5.547935485839844,-5.335158824920654
522,best,-6.618809223175049,-5.581728935241699
523,best,-5.7449445724487305,-5.43220853805542
524,best,-4.695744514465332,-4.376957893371582
525,best,-6.293350696563721,-5.907382011413574
526,best,-4.0369720458984375,-3.815509557723999
527,best,-4.3977532386779785,-4.29683256149292
528,best,-6.479029178619385,-5.508542060852051
529,best,-5.623940467834473,-5.393953800201416
530,best,-5.212222576141357,-4.9505295753479
531,best,-6.6889824867248535,-6.275534629821777
532,best,-6.848804950714111,-5.565549850463867
533,best,-5.875369071960449,-5.415159702301025
534,best,-5.9308552742004395,-4.832696914672852
535,best,-4.6941237449646,-4.411893367767334
536,best,-4.720212936401367,-4.378329277038574
537,best,-6.6889824867248535,-6.275534629821777
538,best,-4.285752773284912,-4.105401992797852
539,best,-5.021287441253662,-4.951361179351807
540,best,-4.59039306640625,-4.563241958618164
541,best,-4.2767133712768555,-3.9179584980010986
542,best,-5.470597267150879,-5.255605697631836
543,best,-4.591456413269043,-4.424848556518555
544,best,-4.862269401550293,-4.617639064788818
545,best,-5.068699836730957,-4.535507678985596
546,best,-5.06826114654541,-4.407254695892334
547,best,-5.82426643371582,-5.585740566253662
548,best,-4.6370720863342285,-4.323092460632324
549,best,-5.025491714477539,-4.584537029266357
550,best,-5.330576419830322,-4.906819820404053
551,best,-5.83272123336792,-5.697449207305908
552,best,-5.055178165435791,-4.799498081207275
553,best,-5.7989888191223145,-5.170248031616211
554,best,-6.340935230255127,-5.8081955909729
555,best,-5.879580974578857,-5.1930060386657715
556,best,-4.454957008361816,-4.223641872406006
557,best,-5.565680980682373,-5.289817810058594
558,best,-4.640897274017334,-4.239866256713867
559,best,-4.906682014465332,-4.874714374542236
560,best,-5.307780742645264,-4.857882976531982
561,best,-4.9649176597595215,-4.587431907653809
562,best,-5.764428615570068,-5.528482913970947
563,best,-4.6955180168151855,-4.495439052581787
564,best,-5.666510581970215,-5.078334808349609
565,best,-4.217053413391113,-3.936406135559082
566,best,-4.867493629455566,-4.442101001739502
567,best,-5.215821266174316,-4.592576026916504
568,best,-4.884420394897461,-4.28564977645874
569,best,-5.176671981811523,-4.695003032684326
570,best,-5.805200576782227,-4.95850944519043
571,best,-5.094641208648682,-4.339137077331543
572,best,-4.800092697143555,-4.352725982666016
573,best,-5.99545955657959,-5.628777980804443
574,best,-4.5197319984436035,-4.239819049835205
575,best,-4.52903413772583,-4.135206699371338
576,best,-3.9331250190734863,-3.840482234954834
577,best,-3.66170597076416,-3.4994442462921143
578,best,-3.738523006439209,-3.861896514892578
579,best,-4.377893924713135,-4.037179946899414
580,best,-3.6922895908355713,-3.254218101501465
581,best,-5.505927562713623,-4.831686496734619
582,best,-4.086635112762451,-3.7324717044830322
583,best,-5.230762004852295,-4.289351463317871
584,best,-4.576037406921387,-4.012740135192871
585,best,-3.712787628173828,-3.274405002593994
586,best,-3.3684349060058594,-2.797663688659668
587,best,-5.644454479217529,-4.799537658691406
588,best,-4.546438217163086,-3.937455415725708
589,best,-4.61712646484375,-4.21157693862915
590,best,-5.209815502166748,-4.626983642578125
591,best,-5.4165825843811035,-4.778482913970947
592,best,-5.52667236328125,-4.708945274353027
593,best,-4.1956377029418945,-3.9245638847351074
594,best,-3.480053186416626,-2.87223482131958
595,best,-5.627702236175537,-4.772561550140381
596,best,-3.5442683696746826,-2.9878978729248047
597,best,-4.58978796005249,-3.99408221244812
598,best,-6.212076187133789,-5.195733070373535
599,best,-4.420440673828125,-3.79433012008667
600,best,-5.420633316040039,-4.7708210945129395
601,best,-5.926452159881592,-5.159869194030762
602,best,-5.845784664154053,-5.031734943389893
603,best,-5.423184871673584,-4.8484368324279785
604,best,-5.420633316040039,-4.7708210945129395
605,best,-4.334573268890381,-3.8893039226531982
606,best,-5.633220672607422,-4.7358784675598145
607,best,-4.108730792999268,-3.66304874420166
608,best,-5.303163051605225,-4.501048564910889
609,best,-4.988755702972412,-4.392821788787842
610,best,-3.5281200408935547,-3.199070930480957
611,best,-5.845785140991211,-5.031734943389893
612,best,-3.4522316455841064,-3.0363144874572754
613,best,-4.349055767059326,-3.910644054412842
614,best,-4.016417980194092,-3.431413412094116
615,best,-4.550085544586182,-4.073888301849365
616,best,-4.124216556549072,-3.5524888038635254
617,best,-5.623007297515869,-4.704771518707275
618,best,-4.131067752838135,-3.596045970916748
619,best,-5.368738651275635,-4.734893798828125
620,best,-4.7545061111450195,-4.229506492614746
621,best,-5.9831366539001465,-5.254011154174805
622,best,-5.697746753692627,-5.292428970336914
623,best,-4.391495704650879,-3.902557373046875
624,best,-4.660058498382568,-4.1805219650268555
625,best,-5.269534587860107,-4.836959362030029
626,best,-6.0138349533081055,-5.497796058654785
627,best,-3.839735984802246,-3.293327808380127
628,best,-4.821070671081543,-3.946854591369629
629,best,-6.170329570770264,-5.327473163604736
630,best,-5.832863807678223,-4.815221309661865
631,best,-5.264979362487793,-4.500697612762451
632,best,-3.71467924118042,-3.4741969108581543
633,best,-4.0126423835754395,-3.4562976360321045
634,best,-5.209321022033691,-4.463709354400635
635,best,-3.4684650897979736,-2.931635618209839
636,best,-5.386492729187012,-4.709161758422852
637,best,-4.286434650421143,-3.632556200027466
638,best,-4.945796012878418,-4.527543544769287
639,best,-4.575051307678223,-3.579284191131592
640,best,-6.101185321807861,-4.578902244567871
641,best,-4.830681324005127,-4.079830169677734
642,best,-4.971012592315674,-4.142640113830566
643,best,-5.78368616104126,-4.995582580566406
644,best,-6.10577392578125,-5.517984867095947
645,best,-5.453132152557373,-4.218889236450195
646,best,-7.287108898162842,-6.230351448059082
647,best,-5.289676189422607,-4.4994587898254395
648,best,-7.202749729156494,-5.618254661560059
649,best,-6.119644641876221,-5.050936698913574
650,best,-6.210982799530029,-5.050817489624023
651,best,-5.07040548324585,-4.125823020935059
652,best,-4.5314764976501465,-4.0382232666015625
653,best,-5.592864513397217,-4.636070251464844
654,best,-5.631866931915283,-4.981696128845215
655,best,-6.313788890838623,-5.100646018981934
656,best,-6.628403186798096,-5.569561958312988
657,best,-6.330228328704834,-5.024772644042969
658,best,-6.831808090209961,-5.649697303771973
659,best,-5.285905361175537,-4.457483768463135
660,best,-6.111876487731934,-5.011691570281982
661,best,-4.925364971160889,-4.182671546936035
662,best,-6.129766464233398,-4.882898330688477
663,best,-5.540232181549072,-4.997650623321533
664,best,-5.062315940856934,-4.5657525062561035
665,best,-4.892306804656982,-4.140460968017578
666,best,-4.084559440612793,-3.247891426086426
667,best,-5.504403591156006,-4.721606254577637
668,best,-4.892153263092041,-4.443220615386963
669,best,-4.014432430267334,-3.4395575523376465
670,best,-6.154994964599609,-5.356176853179932
671,best,-4.6495747566223145,-3.6609692573547363
672,best,-5.560518264770508,-4.736352920532227
673,best,-4.571102142333984,-4.173774242401123
674,best,-6.154995918273926,-5.356176853179932
675,best,-5.5588202476501465,-5.179492473602295
676,best,-6.508258819580078,-5.408110618591309
677,best,-5.440239906311035,-4.924923896789551
678,best,-5.72139310836792,-5.126999378204346
679,best,-5.660705089569092,-5.170715808868408
680,best,-5.440020561218262,-4.188657283782959
681,best,-4.858546257019043,-3.6747078895568848
682,best,-4.799773693084717,-3.7632718086242676
683,best,-5.630726337432861,-4.661120414733887
684,best,-4.712349891662598,-3.975865364074707
685,best,-4.122716903686523,-3.6809840202331543
686,best,-5.285292148590088,-4.1391496658325195
687,best,-3.7026734352111816,-3.074234962463379
688,best,-5.439794063568115,-4.2209014892578125
689,best,-5.710250377655029,-4.665155410766602
690,best,-4.638568878173828,-3.7153706550598145
691,best,-3.622485637664795,-2.9576191902160645
692,best,-5.395665645599365,-4.579956531524658
693,best,-4.4929423332214355,-3.688816785812378
694,best,-4.993504524230957,-4.378850936889648
695,best,-5.536914825439453,-4.8143744468688965
696,best,-6.182755947113037,-5.125384330749512
697,best,-4.612790584564209,-3.649294376373291
698,best,-4.633594036102295,-3.7285494804382324
699,best,-4.386143207550049,-3.4032487869262695
